"","baseMean","log2FoldChange","lfcSE","stat","pvalue","padj"
"Rp1",13.7997164428173,-5.57186489493643,0.289355659463766,-19.2561116836706,1.25452905069437e-82,5.41210053274759e-82
"Sox17",3.81352442768461,-3.28051041738754,0.251495283414381,-13.044023620842,6.87318604539103e-39,1.81156430986827e-38
"Mrpl15",1.41626995922753,0.417107376659425,0.206914649524495,2.01584265598385,0.0438164315218235,0.0609843414328539
"Lypla1",1.50166103508077,-0.547820223926011,0.201413310337741,-2.71988094037775,0.0065305425240995,0.00981979892720709
"Tcea1",10.1177712546175,-4.44704573440435,0.274629634940334,-16.1928836826751,5.66121332558109e-59,1.7429391660002e-58
"Atp6v1h",1.22067070996213,0.196998305747807,0.213544409126849,0.922516803663013,0.356259069460841,0.392000127749348
"Rb1cc1",27.5551298267207,-6.37471724283065,0.254154830661164,-25.0820227427798,7.8136287912852e-139,9.36558950413519e-138
"Pcmtd1",1.40589394654527,0.409732217478339,0.209837087322349,1.95262059108223,0.0508645694008664,0.0701599668333274
"Rrs1",14.0532479392371,-5.47234182412996,0.275816125629652,-19.8405434476948,1.33013133263534e-87,6.38463039664965e-87
"Mybl1",13.7024501328432,-5.56073986198622,0.283807634878633,-19.5933413291161,1.76235582210075e-85,8.07327546412104e-85
"Vcpip1",1.18533795188471,0.108335561243619,0.215440631942957,0.502855753190995,0.61506569174227,NA
"1700034P13Rik",2.01723384747042,-2.07888561275641,0.228290808814465,-9.10630446995326,8.52358880704595e-20,1.82013227951646e-19
"Sgk3",22.3490285778127,-5.9791204567972,0.299372709669197,-19.9721626710866,9.61967185681627e-89,4.71720874519313e-88
"Snhg6",6.27467020083527,-3.93155801459659,0.266912513065199,-14.7297628329483,4.15160263410939e-49,1.18261204638751e-48
"Snord87",9.21188899647939,-4.93958600847911,0.285163498232274,-17.3219435134565,3.2131982124594e-67,1.08072774929369e-66
"Cops5",1.32269722476469,0.350852232097419,0.210639240508626,1.66565465793659,0.0957822178736483,0.125702872985655
"Cspp1",1.84885280595186,-1.5758375991821,0.213759079536743,-7.37202650103679,1.68053598419032e-13,3.2947973098492e-13
"Arfgef1",1.45496954035849,-0.369263185561867,0.1933400543891,-1.90991559782392,0.056144081425443,0.07692181234667
"Prex2",1.21624165703862,0.243942003893746,0.212625651088999,1.14728398311472,0.251264271493201,0.294845275205982
"A830018L16Rik",12.803587886444,-5.45591133831489,0.25945090292789,-21.0286851066819,3.58447812805103e-98,2.14084391629592e-97
"Prdm14",3.42764487442982,-3.2336297251984,0.246994452026409,-13.091912383735,3.66268343391539e-39,9.68306281338988e-39
"Ncoa2",31.3129893770468,-6.77390557583245,0.293798144362756,-23.056325255304,1.270975700237e-117,1.09751747812028e-116
"Tram1",1.88890976873943,1.00812303173172,0.201545384476315,5.0019653605622,5.67487887194716e-07,9.93056242425886e-07
"Lactb2",1.31005058379727,-0.509987103986209,0.201468578603755,-2.53134810162751,0.0113625020294209,0.0167359651787746
"Xkr9",35.8269117294375,-7.00653472366442,0.2876869431579,-24.3547192192828,5.16692227079889e-131,5.54395359785616e-130
"Eya1",16.6938729607215,-5.86279420305083,0.27822340525123,-21.0722537802197,1.42962385909181e-98,8.63231526253238e-98
"Msc",5.74284387236573,-4.16419989395529,0.274790084129464,-15.1541126643907,7.1170129795993e-52,2.07025955717517e-51
"Kcnb2",23.0627729510816,-6.35103177781235,0.283252854426433,-22.4217750273787,2.41366025794404e-111,1.85693537899306e-110
"Terf1",37.1105542843623,-6.88485614739101,0.263700258258989,-26.1086439309785,2.90839252612545e-150,4.0270050361737e-149
"Rpl7",22.7217464260581,-1.93290655178597,0.249609590245128,-7.74371910104803,9.65501870529209e-15,1.9269431329239e-14
"Ube2w",24.4453605431588,-6.17505918588572,0.302163500241734,-20.436151887788,7.97877236384298e-93,4.24558529452195e-92
"Tceb1",1.65191221032527,0.791174485306132,0.203911273069629,3.87999384926586,0.000104459106304613,0.000171228304258151
"Tmem70",1.25555963009371,0.184119614170946,0.211063395975566,0.872342706891065,0.383021445955884,0.415626639203766
"Ly96",2.32867893389427,-2.12330273270282,0.228035284034681,-9.31129031935208,1.26288677234636e-20,2.7268951196062e-20
"Jph1",2.66189920260337,-2.72380844023893,0.24496962887343,-11.118963819169,1.01443293007965e-28,2.41796342238163e-28
"Mcm3",1.27728392630169,0.262200477164841,0.212928723149393,1.23140022297921,0.218173213624248,0.260485368543052
"Tram2",5.00801366116169,-3.92698536570626,0.263648889492514,-14.8947540543984,3.56494018847155e-50,1.02557110960714e-49
"Gsta3",6.95643709799809,-4.26705889096725,0.280317595024059,-15.2222299517125,2.51799828001786e-52,7.35325931283539e-52
"Gm4956",1.27958784450928,0.316119038847844,0.211619944189511,1.49380551090568,0.135226460729287,0.170977867265806
"Khdc1b",5.30636733101518,-4.02844384373946,0.265163844411753,-15.1922817859135,3.97826714132199e-52,1.16014270825144e-51
"Kcnq5",14.3931351587228,-5.63606010777021,0.293667727555249,-19.1919628169216,4.32010427975877e-82,1.84541279380857e-81
"4933415F23Rik",1.51170725688132,-1.22117835186658,0.210966909067128,-5.7884829296997,7.10249649719333e-09,1.28710403455474e-08
"Mir30a",2.03666375858355,-2.10549270442506,0.227309619907316,-9.26266431347501,1.99393450764096e-20,4.29475474721923e-20
"Ogfrl1",1.46838786251744,-0.429667364606311,0.197034202197099,-2.18067401402982,0.0292075364005315,0.0413684276246844
"Smap1",1.40744847621513,0.489781542723899,0.208382327634763,2.3503986556017,0.0187533137164204,0.027135772030413
"1110058L19Rik",1.41584868296849,0.13837824198992,0.202619052605259,0.682947828502124,0.494639809907822,0.516507262996366
"Lmbrd1",1.3922740600146,-0.0182205669896134,0.197678316433802,-0.092172815503086,0.926560736167308,0.930930043844356
"Phf3",2.46629514054143,-2.06555388542488,0.233222439715251,-8.85658295979917,8.25044917071993e-19,1.73763746908041e-18
"Ptp4a1",1.63078449456704,-1.18110517229981,0.211283723119242,-5.5901380137704,2.26889204184975e-08,4.07697640566462e-08
"4931428L18Rik",2.16335534936964,-2.25162067914633,0.228243785642209,-9.86498130852043,5.90454453697905e-23,1.31267983317848e-22
"1700001G17Rik",1.75189215245761,-1.68077797801465,0.217250959590322,-7.73657332139824,1.02132093788865e-14,2.03795691734661e-14
"Zfp451",1.19294780107305,0.158245926326504,0.214334251527032,0.738313756196575,0.460323809079691,NA
"Bend6",25.0204639110978,-6.43029525220299,0.293363819669763,-21.919183011189,1.70489532687526e-106,1.19137263805741e-105
"Dst",1.25833728499258,0.197501091053197,0.206885268219514,0.954640669937117,0.339759442772388,0.376628645417682
"Ccdc115",1.29894310152652,0.324828491755173,0.211152591695766,1.53835900921924,0.123960858924034,0.158746132980675
"Imp4",1.82397912579685,-1.24946411371985,0.205040284106616,-6.09374942667442,1.10296261319398e-09,2.02906249898593e-09
"Ptpn18",3.51501506807399,0.387480177289424,0.193336050724329,2.00417964387779,0.0450508203136807,0.0626606133859348
"Prss40",4.10764596046469,-3.57421557263293,0.255432013304494,-13.9928254348142,1.72423338294083e-44,4.73959887253877e-44
"Fam168b",1.32673582742769,0.347140143733586,0.209345293336901,1.65821804827936,0.0972734631702815,0.127164407149729
"Plekhb2",1.30177210879694,0.359302266634122,0.210537509928214,1.70659502317013,0.0878973508525057,0.116106666202622
"Hs6st1",1.17349464383494,0.0773673141519767,0.214636427629111,0.360457518821858,0.71850501947168,NA
"Uggt1",1.24317755217365,0.193427634588658,0.210868223718459,0.917291525378967,0.358989897005017,0.393564190526606
"Neurl3",27.1024451025223,-6.17166458965995,0.235316464833199,-26.2270835746009,1.30520502494904e-151,1.83396237691359e-150
"Arid5a",1.26025506701618,0.206509865642111,0.213511755030659,0.967206070749864,0.333441027990632,0.371194373059014
"4632411B12Rik",1.1773135206837,0.108328885819684,0.21542368946008,0.502864313999961,0.615059672452754,NA
"Lman2l",1.16956243353373,0.108344644585347,0.215381244933778,0.503036578782241,0.61493855487441,NA
"Cnnm4",4.10489058664419,-3.4868046041259,0.25221680925277,-13.8246321268439,1.81035584169377e-43,4.93346775966664e-43
"Cnnm3",14.0264775633715,-5.52084164166998,0.280733196306283,-19.6657955464828,4.23472909933927e-86,1.97192559309108e-85
"Ankrd39",2.93390430679616,-2.80483509260767,0.248245690863606,-11.2986254981914,1.33287811820881e-29,3.20997636772779e-29
"Sema4c",1.42583143415361,-0.854987960182782,0.2104639580193,-4.06239609018651,4.85715704464584e-05,8.05539627420216e-05
"Cox5b",2.67721341541675,1.60770228445854,0.200178855234845,8.0313291959454,9.64222440682567e-16,1.95389795821545e-15
"Actr1b",1.20113000337213,0.168047059994729,0.214128257741292,0.784796279423157,0.432573021887432,NA
"Zap70",1.31546482515827,0.280563763022727,0.212217266003527,1.32205907797372,0.186148479124208,0.227031556315038
"Tmem131",1.78244030857318,-1.41333808370557,0.214743870644849,-6.58150604932979,4.65706556775753e-11,8.77613078111708e-11
"Inpp4a",1.2086082888131,0.215952373781649,0.213088023451918,1.01344209910689,0.310849039326981,0.351037806053935
"6330578E17Rik",1.50057087347661,-0.641147934944276,0.203682411463276,-3.14778252249766,0.00164514040756697,0.0025653869835697
"Unc50",1.42367914892177,0.358122737268863,0.201572524257845,1.77664460266799,0.0756267322012596,0.101158627057162
"Mitd1",1.24802550966197,0.22533124417367,0.213112289676324,1.0573357572006,0.290358379663819,0.331827717078859
"Mrpl30",1.74082113569346,0.870809832261505,0.204422598398044,4.25985110787945,2.04563125990998e-05,3.43239960679206e-05
"Txndc9",1.45702923861733,0.466336365644786,0.208968122799502,2.23161484822363,0.0256404294355239,0.0365441751954771
"Eif5b",1.91647714726667,0.463957936857189,0.190966975173222,2.42951922151117,0.0151188632169329,0.022075654823046
"Rev1",1.45304122374379,-0.910907084413213,0.200841584266219,-4.53545060272871,5.74806308914331e-06,9.80551938736211e-06
"Aff3",1.20153674871345,0.0981551376933692,0.215739593489015,0.454970439621076,0.649130505436317,NA
"Chst10",1.1895495789542,0.0259092212277825,0.214467441394744,0.12080724728792,0.903843709646334,NA
"Pdcl3",1.41244099376996,0.474111885973848,0.208580132507456,2.27304432245914,0.023023509120264,0.0330036297151663
"Rpl31",9.28310123078123,3.34178659379999,0.213423225199561,15.6580268650484,2.92842419900336e-55,8.74756756440489e-55
"Tbc1d8",1.20044505299558,0.196951302706334,0.213536428708236,0.922331163341864,0.356355863623446,NA
"D1Bwg0212e",1.22047322894844,0.158239843845887,0.214434152006904,0.737941425677346,0.460550044112446,0.485759357622077
"Rnf149",1.36503963443834,0.512993925483673,0.208088103667099,2.46527272075277,0.0136909001371836,0.020043892502061
"Map4k4",1.28342108228725,0.280502758037723,0.212113175045013,1.32242025031306,0.186028249310514,0.227031556315038
"Il18r1",1.21303842399521,0.197016726908593,0.213599170876388,0.922366534009666,0.356337419831545,0.392000127749348
"Mrps9",1.27625231355695,0.234731514855967,0.212973028430638,1.1021654553427,0.270389747122698,0.313589896068377
"Tpp2",1.23241076745489,0.234695109348961,0.21273476157635,1.10322876999455,0.269927830439903,0.313589896068377
"1700029F09Rik",1.20932896550569,0.148432785379598,0.214595113550187,0.691687629433766,0.489133517289699,0.512050895553324
"Col3a1",1.52231847561497,0.828044375714089,0.224193646920928,3.69343372163502,0.000221246194143621,0.000359000663173672
"Wdr75",1.17732644366971,0.0981487449766486,0.215651279022278,0.455127117361123,0.649017790151494,NA
"Slc40a1",1.18559476172403,0.158299318669997,0.214333194370384,0.738566506858681,0.460170268451661,NA
"Slc39a10",1.27154141288559,-0.336972788590914,0.200942959669318,-1.67695742685115,0.0935508071843545,0.122990860975275
"Sdpr",1.73930034825395,1.13275577151257,0.223163290832776,5.07590548286626,3.85654975852559e-07,6.76337636133163e-07
"Obfc2a",1.45484521286284,0.581364361790444,0.20576131989387,2.82543075681235,0.00472170921147192,0.00716804481136642
"Stat4",1.24402928082843,0.177765550229627,0.214113687009311,0.830239078653093,0.406403624636014,0.436795720715753
"Stat1",1.5133705132436,0.147834156384445,0.19589519371394,0.75465943590389,0.450453351395473,0.477920019163489
"Gls",1.29141884292782,0.289468679465971,0.21184194031007,1.36643706643869,0.17180182132889,0.211829792717247
"Nab1",1.37665347002322,0.367818945124022,0.210719534853841,1.7455379510929,0.0808912723292523,0.107566537143981
"Mfsd6",1.20093104981815,0.177762371339816,0.213933058794739,0.830925207825748,0.406015882236145,NA
"Inpp1",1.21280965878526,0.148433306981072,0.214674763629063,0.69143342455264,0.489293205180102,0.512050895553324
"Ormdl1",1.27191631405636,0.234665566949946,0.212897087388901,1.10224883688183,0.270353505607787,0.313589896068377
"Asnsd1",1.48738735711514,0.505309381889836,0.20836958766336,2.42506302170262,0.0153057294857911,0.0223204100896296
"Stk17b",2.13645019506638,1.16308337520608,0.201719374777313,5.76584860274357,8.12479721686948e-09,1.47159755281259e-08
"Pgap1",1.19734293913658,0.108351887043851,0.215497470719201,0.502798880572647,0.615105680765337,NA
"Ankrd44",1.34210795243388,0.359411915442235,0.210599600930813,1.70661251898721,0.0878940967312885,0.116106666202622
"Sf3b1",1.92763875970995,0.935511669690523,0.20224907485802,4.62554239294918,3.73619375033819e-06,6.41543795288334e-06
"Coq10b",1.23593954332578,0.243964653081083,0.212600203302592,1.14752784471166,0.25116353185779,0.294845275205982
"Hspd1",1.70990823205237,0.719610346858271,0.207095651815249,3.47477284313164,0.000511286112639176,0.000817306234260143
"Hspe1",2.83431821603712,1.36990288581313,0.209511508609635,6.53855673563764,6.21153219164096e-11,1.16886078011413e-10
"Mob4",5.22384485124823,-3.44408178476516,0.262769902999635,-13.1068350882252,3.00895152813205e-39,7.96083475765296e-39
"Rftn2",1.19353133877674,0.14844529013657,0.214550763354475,0.691888892939115,0.48900710633199,NA
"9430016H08Rik",1.21271071890059,0.168030770390379,0.214170058194295,0.78456704829366,0.432707456346,0.461156984598221
"Bzw1",1.65619430021317,0.685835430849325,0.20432196217117,3.35664078184003,0.00078895543397191,0.00125044705186986
"Clk1",1.58746076715495,0.672776370491731,0.205734509831795,3.27011919897047,0.00107502174352078,0.00169381632996634
"Ppil3",1.27524989580515,0.206435038641034,0.213615892819915,0.966384269989988,0.333851932222924,0.371223151816735
"Nif3l1",1.17760433755669,0.108347240918345,0.215412301441888,0.502976107646173,0.614981070306499,NA
"Orc2",1.18103205124929,0.098162851618098,0.215702739281441,0.455083936092341,0.649048854317465,NA
"Fam126b",1.18950286586551,0.108350755040879,0.2154696869513,0.502858460389224,0.615063788249975,NA
"Ndufb3",1.76182600555909,0.853000624233078,0.203349796727276,4.1947453991168,2.73178256496501e-05,4.56536096978306e-05
"Gm20257",1.17369916206283,0.0878834779266761,0.215883028923868,0.407088405071751,0.683943059121152,NA
"Als2cr12",10.7348163610887,-5.18151111419337,0.278013709491208,-18.6376100792872,1.5919601654415e-77,6.2812033738508e-77
"Cflar",1.32212796607376,0.393109843147703,0.209775330459024,1.87395649568284,0.0609364215878847,0.0832909454539823
"Casp8",1.43165030852528,0.505300739360588,0.208190987349945,2.42710189231792,0.0152199806282257,0.0222108747216489
"Trak2",1.18138888622855,0.118473872522088,0.215187724658665,0.550560552234167,0.581934956970158,NA
"Als2cr4",1.5837937974987,-1.23387766345633,0.213564462823827,-5.77754204581393,7.57997835428722e-09,1.37315589135448e-08
"Fzd7",1.69447166824018,-1.53911099500738,0.218386309368958,-7.04765330507553,1.81960308304955e-12,3.51074777065927e-12
"Sumo1",2.06766127316672,1.13782494979126,0.200499238723643,5.6749589526351,1.38721915021643e-08,2.50390178566036e-08
"Nop58",1.36964835704591,0.289456460815385,0.2122485371401,1.36376186481946,0.172642526187593,0.212470585099431
"Fam117b",1.21667056554343,0.225359030665174,0.21291064695864,1.05846764304348,0.289842294881752,0.331827717078859
"Wdr12",1.22059151260231,0.196990373127363,0.21358576298754,0.922301048403001,0.356371567325814,0.392000127749348
"Nbeal1",1.19292265687986,0.158235739335537,0.214307105556232,0.738359742785184,0.460295871076836,NA
"Raph1",1.19338509156027,0.187435058103475,0.213671799626328,0.87721008776668,0.380372537829034,NA
"Cd28",1.39889381243379,0.505567024032622,0.208902870005685,2.42010568844202,0.0155159967441194,0.0226080957443973
"Icos",1.18171261541544,0.0775601944710137,0.216172373401597,0.358788652086107,0.719753202553357,NA
"Ino80d",1.2715577007712,0.25314952086252,0.212524702551855,1.19115339451305,0.233593371781731,0.276695742225986
"Ndufs1",1.22420537986944,0.206470649291748,0.213343368593229,0.967785643646673,0.333151435138867,0.371194373059014
"Eef1b2",4.78215957947926,2.10260016012991,0.207957211109614,10.1107345540503,4.95116473672963e-24,1.11425220632588e-23
"Fastkd2",1.19323672862844,0.098140522069109,0.215709445047137,0.454966272096539,0.64913350369826,NA
"Klf7",1.22422668270044,0.204603860378008,0.211968348136234,0.965256662973601,0.334416272297385,0.371613186033496
"Creb1",1.28682772358994,0.307231753795217,0.211465370847205,1.45287028587394,0.146259772457493,0.183714983016129
"Mettl21a",1.17758958163606,0.108340898014342,0.215412342945423,0.502946565331175,0.615001841087438,NA
"Plekhm3",1.25988669416281,0.215920830425691,0.213256018348021,1.01249583527965,0.311301036986333,0.351037806053935
"Idh1",1.32416757729653,0.466054256951122,0.208900736626918,2.23098426782219,0.0256821711310456,0.0365986713906793
"Pikfyve",1.20101457148411,0.177752497412638,0.213906270672154,0.83098310701266,0.405983172604412,NA
"Rpe",2.20390095034654,-1.99225653997321,0.223786459656312,-8.90248919900196,5.46079921493835e-19,1.1531299313098e-18
"1110028C15Rik",1.18496495294871,0.0973155765080529,0.212788242209983,0.4573353090253,0.647430054384177,NA
"Acadl",1.39698639321939,0.393115171498152,0.210229454252388,1.86993384393323,0.0614930052968003,0.0837119540094661
"Lancl1",1.19641505809075,0.12763851995061,0.213554054253639,0.597687177593983,0.550048682755552,NA
"Atic",1.30230462245059,0.307223009117119,0.211545713456781,1.45227716552094,0.146424554028348,0.183714983016129
"Fn1",1.36432370714482,0.502095142388542,0.205983400652448,2.4375514764693,0.0147871086909924,0.0216093805618646
"Xrcc5",1.17781959623633,0.087898539591302,0.21589855118371,0.407128899704882,0.683913318632553,NA
"Rpl37a",25.2015802744021,4.88489300490686,0.222383484474913,21.9660781754588,6.07971097749505e-107,4.30611822286624e-106
"Tns1",1.43939788567379,0.679388333250511,0.206942780846324,3.28297672657171,0.00102717145461387,0.00161940048114902
"Cxcr2",2.07199306771284,-1.69197140393038,0.229807121239834,-7.36257168534208,1.80400491291275e-13,3.53222267269487e-13
"Arpc2",4.58202343103469,2.57156117820649,0.208673666803877,12.3233622027804,6.78071350940505e-35,1.7157210140133e-34
"Aamp",1.62089317288369,0.810112443988362,0.20351405851176,3.9806215350059,6.87353109488211e-05,0.000113436080667988
"Pnkd",1.32279810382633,0.333569615531685,0.211012042982376,1.58080842598896,0.113921847371702,0.147046970803584
"Tmbim1",1.30148999317198,0.425986492755111,0.209229801680931,2.03597427007424,0.0417529390196405,0.0582988743299514
"Slc11a1",1.27456969401817,0.37629104350649,0.210648011871274,1.78634984571532,0.0740426308775003,0.0991667820860941
"Ctdsp1",1.44743747493807,0.580487075206983,0.206793374514393,2.80708739615147,0.00499916766325191,0.00758263989602643
"Usp37",1.17752983703688,0.0671413673971712,0.216406233377145,0.31025616198476,0.756366165017023,NA
"Rqcd1",1.18510689046167,0.128511286928732,0.214966041996437,0.597821338362189,0.549959151085864,NA
"Bcs1l",1.17326031079523,0.108328137119735,0.215394825316314,0.502928224764232,0.615014736234128,NA
"Cyp27a1",1.18858079209456,0.167983146805904,0.214105147035199,0.784582477964847,0.432698406730921,NA
"Nhej1",2.34726890540787,-2.37295803556882,0.241152693715573,-9.8400643965752,7.56623919685639e-23,1.67924186256762e-22
"1810031K17Rik",1.34595382324433,0.367871362580286,0.210356389850292,1.74880051346239,0.0803255080276907,0.107070031986257
"Fam134a",1.36486774662271,0.45022528162757,0.209058280095269,2.15358741793149,0.0312725418550959,0.0441745593608311
"Zfand2b",1.23583165431813,0.206504320226539,0.213425423443313,0.967571327234065,0.333258502834969,0.371194373059014
"Atg9a",1.18930401540598,0.168055277674476,0.214082918356849,0.785000872392581,0.432453057101417,NA
"Ankzf1",1.17343359030018,0.0567957340657716,0.215130558539557,0.264005887640218,0.7917753819819,NA
"Stk16",1.27075843800423,0.316045798318377,0.211234907566061,1.49618167735623,0.134606317945705,0.170882100887308
"Tuba4a",1.34236023237813,0.34221053821604,0.210986919294788,1.62195144305562,0.10481374540382,0.135994275073995
"Dnajb2",1.1857623980958,0.108362229612016,0.215470029834624,0.502910913852777,0.615026907545107,NA
"Dnpep",1.30682692893796,0.376360994048396,0.210193915364092,1.79054181181446,0.0733668518401266,0.098570756945393
"Gmppa",1.20454906383257,0.148379312771023,0.214589445056378,0.691456715086989,0.489278573229545,NA
"Chpf",1.19313609341537,0.168055249739384,0.214083783529884,0.784997569495613,0.43245499362948,NA
"Stk11ip",1.17724407026173,0.118456894788169,0.215184913372637,0.550488846692692,0.581984124721911,NA
"Farsb",1.42991814430496,-0.25279804635658,0.198229920460184,-1.27527693987728,0.202211236841624,0.244112547713524
"Ap1s3",1.20082107185096,0.108316547182284,0.215522139324921,0.502577357117758,0.615261452149843,NA
"Wdfy1",1.18528013011397,0.138496563201257,0.214734980534923,0.644965076748328,0.518949817605912,NA
"Mrpl44",1.21623347933402,0.187350238883961,0.213799006122341,0.876291439712092,0.380871617513715,0.414225210457603
"Serpine2",1.20494156289805,0.196993285429928,0.213583645106605,0.922323829296964,0.356359687986127,0.392000127749348
"Cul3",1.29048150879721,0.227935972650752,0.208997063226346,1.09061806482848,0.275440977265148,0.318203364241247
"Dock10",1.53068260575184,0.58038589905823,0.207469095492681,2.79745712333673,0.00515066030477807,0.00779769338484384
"Mff",1.48771789417076,0.558338354715541,0.20735950901593,2.69261032380554,0.00708950758080274,0.0106357895018797
"Agfg1",1.23629120057271,0.177718010814793,0.214088948003681,0.830112962261544,0.406474919034213,0.436795720715753
"Slc19a3",16.913319682617,-5.8830206826391,0.264076189493326,-22.2777399731746,6.07466521261652e-110,4.54294447132639e-109
"Pid1",1.23930732555912,0.289398041307064,0.211757326516364,1.3666494853707,0.17173519839935,0.211829792717247
"Trip12",1.3540188612845,0.376340595156425,0.210306808508711,1.78948364926966,0.0735369584227284,0.0986413781232538
"Sp110",1.64178163322018,0.733211837881289,0.205644519999384,3.56543338905159,0.000363255416939133,0.000583893233694311
"Sp140",1.52764359229358,0.367857037457929,0.211290428298005,1.74100190160579,0.0816832451963966,0.108509108009973
"Sp100",1.36340676818813,0.271496722213998,0.212505643515775,1.27759770386448,0.201391310601188,0.24329004152426
"A630001G21Rik",1.23668129643612,0.148432609089365,0.214699814543081,0.691349498392701,0.48934593256376,0.512050895553324
"Cab39",1.37712476762148,0.409678454946895,0.209800753538599,1.95270249528214,0.0508548578560265,0.0701599668333274
"Itm2c",1.73510219378239,0.985609302837392,0.20380426163943,4.83605835770564,1.32439054387446e-06,2.2956395945624e-06
"Psmd1",1.33360414772103,0.316051235558993,0.211493831528475,1.49437566701061,0.135077457867608,0.170946051433265
"Ncl",2.9003322349975,1.39521893262739,0.220087826656505,6.33937348477223,2.30701367068681e-10,4.29326608234764e-10
"Ptma",9.26287708363737,3.48763290834433,0.220467774449046,15.8192412340534,2.29238640083448e-56,6.90693045446233e-56
"Pde6d",1.24774559747536,0.243941009623873,0.212584534544651,1.14750120532703,0.251174535260922,0.294845275205982
"Cops7b",1.1931420386258,0.148400536247221,0.214548771398208,0.691686721299307,0.489134087716882,NA
"Eif4e2",1.44013925781427,0.512996280523061,0.207924595783028,2.46722268999085,0.0136165645757688,0.0199518504099686
"Gigyf2",1.25989564165196,0.162593532456589,0.208957418943505,0.77811801695612,0.436499442128465,0.463775104398654
"Inpp5d",5.10398700585728,-3.72220567883453,0.251946212404503,-14.7738108198208,2.16138411825727e-49,6.17876511352844e-49
"Atg16l1",1.17331701578162,0.108331635688952,0.215395189502227,0.502943616982828,0.615003914046109,NA
"Dgkd",1.29944549368382,0.204577663785321,0.212283199749619,0.963701621355876,0.335195541234876,0.372162230191652
"Hjurp",8.57466706654722,-4.75760641330812,0.280172624344575,-16.9809824369454,1.13568943914004e-64,3.72146821865097e-64
"Arl4c",1.64512309797869,0.602197776359084,0.209540057144335,2.87390289267832,0.00405433599019541,0.00618096783551987
"Agap1",9.05038223249163,-4.80266696199428,0.230461083657353,-20.8393837509453,1.902722612464e-96,1.09265258933576e-95
"Cxcr7",1.3495171388936,0.520374147754448,0.218910373636477,2.37711050011081,0.0174488601243779,0.0253289905031292
"Cops8",5.59110086855626,-3.54759152794492,0.244826422119875,-14.4902314759471,1.39671344087942e-47,3.92508433991416e-47
"Lrrfip1",1.78457134419229,0.908895899446723,0.202896850055033,4.47959590895668,7.47844818836753e-06,1.27282359123829e-05
"Ramp1",1.47819232956409,0.301408777845308,0.195128201528917,1.54467050628067,0.122425982368274,0.157327333324074
"Ube2f",1.35037321397853,0.409773922982755,0.20966486735438,1.95442340032174,0.0506511655570896,0.0700209439110189
"Scly",16.5612409372187,-5.70302258435287,0.293640976062713,-19.4217532608081,5.05349013398626e-84,2.24313082477962e-83
"Espnl",4.49451729242749,-3.73799337917605,0.265592365261129,-14.0741748186205,5.47401118757386e-45,1.51067081147954e-44
"Ilkap",1.35272409425104,0.384692511447865,0.210215155366592,1.8299941827553,0.0672508087111745,0.090921839283173
"Hes6",1.28300651059728,0.232372739061821,0.211547353511909,1.09844313910899,0.272011033855899,0.314658747197294
"Twist2",6.14723289411541,-4.23298600799331,0.247984888475687,-17.0695320751705,2.50197099975035e-65,8.23733120069178e-65
"Ndufa10",4.47960966125775,-3.31391312074259,0.242554427013364,-13.662554675038,1.69916391583202e-42,4.58972090072091e-42
"Olfr1415",7.78057632107392,-4.66817729001304,0.255663196598013,-18.2590898969043,1.75186910821063e-74,6.57896168694928e-74
"Olfr1413",1.21128948415918,-0.331816364844663,0.201221920581254,-1.64900704598272,0.0991461912277863,0.129401954796611
"Olfr1411",4.28410615307034,-3.65213460817796,0.263351426100572,-13.8679127819997,9.91192682180609e-44,2.70820507771933e-43
"Olfr1410",15.7723666688108,-5.77662568594209,0.275160538698123,-20.9936559699776,7.49529699559019e-98,4.45620163063563e-97
"Myeov2",19.6078354920439,-4.92623472070284,0.288402994783616,-17.0810803278895,2.05282546202917e-65,6.76285825925673e-65
"Mir149",5.07417691533561,-3.95151058154603,0.247366511961632,-15.9743149960368,1.92962538125757e-57,5.86983944648283e-57
"Ankmy1",15.6001136213216,-5.75980547984972,0.242129816950934,-23.788088358473,4.43632792211722e-125,4.3204536853455e-124
"Rnpepl1",1.57859030469324,-0.599622465891915,0.199829895530796,-3.0006644616371,0.00269391234339851,0.00415182238929442
"9430060I03Rik",10.9466246963453,-5.16529828856966,0.281657534013325,-18.3389317337604,4.0467101065699e-75,1.5452689653471e-74
"Gpr35",18.1228388463775,-5.93334076351756,0.268741796961879,-22.0782209190899,5.11842352279657e-108,3.69545930691536e-107
"Mterfd2",22.1067424465603,-6.21251822311467,0.261018226997215,-23.8010896579301,3.25412013890271e-125,3.18397509373423e-124
"Ppp1r7",1.27140373538966,0.215919367869078,0.213335069265335,1.01211380113285,0.311483644318053,0.351037806053935
"Hdlbp",2.90400793086185,-2.29315158336327,0.236188316379605,-9.70899669599948,2.76040809629008e-22,6.08887820098635e-22
"Sept2",1.45031160184752,0.651707838215201,0.206211464441534,3.1603860628223,0.00157560215198928,0.00245989030458622
"Stk25",2.17935482633768,-1.89845189908904,0.219891055180194,-8.63360220602568,5.94494880990199e-18,1.23907497654975e-17
"Thap4",1.18130735595348,0.108334322151492,0.215425473889439,0.502885383959242,0.615044857820092,NA
"Atg4b",1.31997548670274,-0.0808155995522172,0.199856407770317,-0.404368318503421,0.685941893788527,0.6997492057018
"Dtymk",1.28645012923341,0.298308518959589,0.211694408313301,1.40914689876032,0.158791735621181,0.197436157265757
"Ing5",1.23525134121723,-0.155351212628127,0.202891732811568,-0.765685276947223,0.443863589564685,0.471024179208713
"Fam174a",5.47191058067704,-3.26612870868764,0.25110293027847,-13.0071310002856,1.11448256320101e-38,2.93004229660501e-38
"St8sia4",1.28011910903785,0.225398565093675,0.213128246082309,1.05757246745524,0.290250400218627,0.331827717078859
"Slco4c1",44.2016415713912,-7.31634710677599,0.274462561951341,-26.6569948730315,1.4848910201027e-156,2.24345329231146e-155
"Slco6b1",13.302660113898,-5.5152633218447,0.229832722427331,-23.9968585134283,2.99892587832956e-127,3.02500349466286e-126
"D1Ertd622e",1.33057226916699,0.393179812156255,0.209918925008524,1.87300793456469,0.0610672893233473,0.0833824876452715
"Ppip5k2",4.32737236829675,-3.58122218754871,0.254986432418547,-14.0447558467358,8.2953779209172e-45,2.28747346789159e-44
"Pam",1.30525881160955,0.376591129414901,0.207955749406053,1.81091953692308,0.070153307880354,0.0945154902917662
"B230216N24Rik",11.7357412491615,-5.30967381277565,0.288108803618158,-18.4294049542921,7.63178559704579e-76,2.94441395540126e-75
"2310035C23Rik",1.36679773918919,-0.5839064765335,0.194815862720758,-2.99722244574329,0.00272451828831889,0.0041983720929962
"Zcchc2",1.29545078877648,-0.372442134758407,0.200169983290401,-1.8606292943437,0.0627965449941466,0.0853862893642733
"LOC626049",4.72103697754745,-3.8253828199598,0.270341356400982,-14.1501946682765,1.86241017725276e-45,5.16292146853926e-45
"Bcl2",1.88752603392447,0.958489503456556,0.206400418086401,4.6438350868811,3.42000586302201e-06,5.8763761043367e-06
"Kdsr",1.2718475549912,0.324906298455984,0.211180350067362,1.53852523850986,0.12392024241263,0.158746132980675
"Vps4b",1.36546617963525,0.350797021597249,0.210813905210802,1.66401272841311,0.0961098857755784,0.12589293489345
"Serpinb3b",4.50576351131081,-3.74290096578661,0.26577340273794,-14.08305318451,4.82780613787233e-45,1.33304141971402e-44
"Serpinb11",2.91855791438418,-2.91331089833378,0.248212671163119,-11.737156224467,8.22042766745079e-32,2.02456392659085e-31
"Serpinb10-ps",1.27374211011384,0.223811791567718,0.206812942404368,1.08219431997691,0.279166191858103,0.322328582503716
"Cdh7",20.070717404828,-6.14216474093461,0.295970007886791,-20.7526593143316,1.15994797384061e-95,6.55650072923442e-95
"Tsn",1.60469303096776,0.672522556522849,0.205776027409745,3.26822596873109,0.00108223921855278,0.00170493095543852
"Mki67ip",1.6802812022099,-1.08474506506761,0.21122722646931,-5.13544150154913,2.81482428245033e-07,4.9489332281545e-07
"Clasp1",1.18155910797924,0.0671185103894814,0.214912461589099,0.312306275276901,0.754807771417607,NA
"2900060B14Rik",1.21275648422093,-0.101706904418911,0.209823287420556,-0.484726484220296,0.627870377258656,0.643779880041286
"Ralb",1.36742936212836,0.151370858411512,0.197244693976955,0.767426770066617,0.442827817208267,0.469972797769066
"Tmem185b",1.22388099688478,0.225307796866141,0.212936113578423,1.05810044656029,0.290009650863276,0.331827717078859
"Dbi",3.34987883610168,-1.37624853756678,0.227227541672318,-6.05669773759845,1.38944316454343e-09,2.55338613586224e-09
"3110009E18Rik",1.82645064913504,-1.66699912513487,0.220760499882649,-7.55116574759074,4.31379426723724e-14,8.53439684478999e-14
"Steap3",7.9696806633341,-4.66006763334509,0.265362315387171,-17.5611507856566,4.8874258568621e-69,1.6856533183231e-68
"Insig2",1.25580991360897,0.204570186295682,0.212038590487863,0.964778089804326,0.334655972381265,0.371681739538341
"Ccdc93",1.18116071993637,0.118458633154866,0.215186351203993,0.550493246862895,0.581981107514595,NA
"Htr5b",4.24732631704912,-3.63637547281131,0.255491074930719,-14.2328865061035,5.72682676997425e-46,1.59053129764648e-45
"Ddx18",8.09641096306876,-4.43526766909029,0.241342206729372,-18.3775052411937,1.98908450274557e-75,7.63738220252438e-75
"Actr3",3.61672863921522,1.94237727412039,0.204951239366301,9.47726532479689,2.61034218862142e-21,5.67986086894699e-21
"Gpr39",9.82813261931321,-5.04237430702753,0.283887362351887,-17.7618836754605,1.3947420921409e-70,4.92261914873258e-70
"Tmem163",1.18149495675078,0.098150001948713,0.215680752466918,0.455070750755877,0.649058339836194,NA
"Ccnt2",1.36253262341805,-0.799068792229783,0.195448709134039,-4.08838101704616,4.34394253831926e-05,7.21801052046045e-05
"Rab3gap1",4.43937869970131,-3.46769231892227,0.25117224251654,-13.8060331992852,2.3438767674045e-43,6.38405255718835e-43
"R3hdm1",1.32111039024077,-0.215322998852494,0.199653699853678,-1.07848238730512,0.280818537601389,0.32416469842531
"Ubxn4",7.77223220419628,-3.96094665462378,0.263226302482871,-15.0476856501889,3.57524563832732e-51,1.03538320288869e-50
"Mcm6",1.28196028044295,0.185680857978706,0.213250547096637,0.870716912602162,0.383908741644424,0.416502885042896
"Dars",1.41689540768777,0.278542240054549,0.20334449942159,1.36980464604087,0.170747891377608,0.211635757566453
"Cxcr4",1.45196058942028,0.679535811192721,0.205500066452193,3.30674253748139,0.000943876007152352,0.00149100703807998
"Cd55",30.5882335440217,-6.45424051546383,0.268026253825839,-24.0806280106341,3.98944859518886e-128,4.0913402096043e-127
"Faim3",2.0090088983116,0.638509248925683,0.223292480289724,2.85951971198139,0.0042428304874932,0.00646078621491088
"Mapkapk2",11.2473026759185,-4.91823270448384,0.279814765322007,-17.576744739771,3.71290453520862e-69,1.28310901514657e-68
"Eif2d",26.387676265241,-6.46645190910886,0.263288748314588,-24.5603048003498,3.35669739598431e-133,3.71621641718729e-132
"Rassf5",11.0383982125431,-4.54965952288252,0.274990791500723,-16.5447704559611,1.74629092838793e-61,5.51627149542208e-61
"Ikbke",1.39970633713098,-0.626712760526254,0.202484084804192,-3.09512108634267,0.00196732563907034,0.00305501705665541
"Slc41a1",1.60480891265606,-1.34760955712825,0.210113730302058,-6.41371487332568,1.42015709819864e-10,2.65326415626231e-10
"Rab7l1",15.7861088127989,-5.63954507670182,0.26468457925972,-21.306662792652,9.8468613495541e-101,6.19657820912265e-100
"Nucks1",7.30906703541788,-3.99170898049984,0.265876982564029,-15.0133679944955,6.00210203362621e-51,1.73626891745796e-50
"Elk4",15.052298793983,-5.69271669229215,0.299561835674117,-19.0034777944313,1.59609462191518e-80,6.65464371117992e-80
"Cdk18",1.97802603861873,-1.99902865477741,0.225845491536451,-8.85131087265812,8.64972535580905e-19,1.82026068765665e-18
"Nuak2",1.29858853113352,0.367873198702248,0.210307504874658,1.74921574444763,0.0802537335534495,0.107069142974425
"Tmcc2",1.27135912058514,0.367914388356311,0.210798568118919,1.74533627832214,0.0809263505247739,0.107598889734133
"Dstyk",1.5095137074456,-0.925192128848102,0.210944985227195,-4.3859403808611,1.1548575237152e-05,1.95092436045092e-05
"Rbbp5",1.52650554821111,-1.10511750631415,0.210579935067168,-5.24797154088615,1.53783046114249e-07,2.71933435202025e-07
"Mdm4",1.18143269353799,0.108340962605456,0.215426284972382,0.502914315304399,0.615024515974312,NA
"Ppp1r15b",1.2627706494193,0.298311197296008,0.211566148746419,1.41001383758023,0.158535597027355,0.197436157265757
"Golt1a",28.6742163288147,-6.67627348560448,0.272193088398062,-24.5277112835464,7.48017884190685e-133,8.22032285363237e-132
"Kiss1",29.0966962235921,-6.69805492866865,0.288058206922311,-23.252435680387,1.34406852817998e-119,1.20034862567998e-118
"Ren1",26.1215909110454,-6.53729974739291,0.307398254622961,-21.266548033629,2.31718014876748e-100,1.4477175794813e-99
"Snrpe",14.3460560188721,-4.18227069038609,0.275372128313861,-15.1877051464674,4.26594698422702e-52,1.24299432082976e-51
"Zc3h11a",1.55326862665047,-0.73624449795106,0.200554775656331,-3.67103947308979,0.000241566025432883,0.000391546235913568
"Zbed6",1.18923008937801,0.108327632728077,0.215468132089553,0.502754777133605,0.615136692142416,NA
"Lax1",1.28853285140108,0.108364368401828,0.215912372588463,0.501890498921868,0.615744548943106,0.631725034435754
"Atp2b4",1.28855073133205,-0.283396081205163,0.196692368540475,-1.44080872739527,0.149638727172934,0.187093210980291
"Prelp",1.4234407681097,0.610206804071943,0.212181840830594,2.87586723577882,0.00402919144662523,0.0061444286740823
"Btg2",15.4326298576656,-3.30641255001868,0.245758666221562,-13.4539001242699,2.92052622639525e-41,7.83610737691248e-41
"Adora1",6.98275322483512,-4.49145775929147,0.25060731208614,-17.9222933357493,7.90030515406486e-72,2.84509092129828e-71
"Ppfia4",1.24322899141469,0.253109829924546,0.21262131979121,1.19042544827158,0.233879215760983,0.276711130161453
"Tmem183a",1.40228965528671,-0.105612306809412,0.193547442192099,-0.545666249128677,0.585295376063367,0.602671242341607
"Cyb5r1",1.26647656556173,0.10463160878184,0.206142785116018,0.507568619114917,0.611755902610364,0.629172655231228
"Adipor1",1.74917765264132,1.00787510175054,0.202223460008468,4.98396724943952,6.229362792772e-07,1.08917346435337e-06
"Rabif",2.80314471941717,-2.65306162056783,0.24433863860859,-10.8581337592611,1.82439469405786e-27,4.28882697724929e-27
"Kdm5b",1.18965269530299,0.12854557551052,0.215025166463425,0.597816421327526,0.54996243232317,NA
"Ptprv",5.44835405538529,-4.06316612754571,0.276332536890028,-14.7039005007316,6.08512635775626e-49,1.72961391709707e-48
"Ptpn7",1.34223827021356,0.298406976319032,0.212155644376858,1.40654742981508,0.159561630940113,0.198217923252592
"Arl8a",1.29381514300053,0.359282861928893,0.210430460114923,1.70737098485018,0.0877531198288483,0.116060506021613
"Rnpep",1.3716343650227,0.535741853379931,0.20740051656241,2.58312689987307,0.00979093026507155,0.0145050818741801
"Timm17a",1.38934652937319,0.393126920350541,0.210159536473939,1.87061185491,0.061398900228371,0.083605649978374
"Shisa4",17.6140139850783,-5.9446053570319,0.282350109264176,-21.0540218047868,2.10075270814309e-98,1.26190208705488e-97
"Ipo9",1.27685789999832,-0.29205161043637,0.201263027652439,-1.45109419172961,0.146753633661156,0.183772092529983
"Nav1",2.0190989513549,-1.71953994168111,0.229822326488135,-7.48204044383774,7.3177416350983e-14,1.44336336048415e-13
"Csrp1",1.63981359325854,0.925872631951079,0.207987730120885,4.45157332796963,8.52434136363737e-06,1.44705892416869e-05
"Phlda3",1.48209399037156,-0.518972606169661,0.194652176976274,-2.66615361940144,0.00767246249623776,0.0114839438653365
"Tnni1",41.8513891460879,-7.23442792856967,0.27730516607944,-26.0883272780328,4.94615545132018e-150,6.81238296989217e-149
"Pkp1",27.7347240116752,-6.62661960642752,0.305996624996199,-21.6558584804974,5.35246917433401e-104,3.55469326845083e-103
"Tmem9",1.19330983222022,0.168060697424327,0.214098539664046,0.784968910521485,0.432471796940155,NA
"Cacna1s",15.6223679159591,-5.72776089504947,0.29448323203379,-19.4502106469419,2.90236339210633e-84,1.2943474503883e-83
"Kif21b",1.24495188086584,0.197025458734025,0.213716134421972,0.921902594143912,0.35657938590235,0.392000127749348
"5730559C18Rik",11.3435305893549,-5.26780209265501,0.290510457739817,-18.1329172575704,1.75212410897007e-73,6.4682375168485e-73
"Camsap2",3.01492539292704,-2.84955695640095,0.234323297639174,-12.1607923117781,5.02687544915169e-34,1.2639831331682e-33
"Zfp281",1.29513222921137,0.289448896744491,0.211854146810534,1.36626495682122,0.171855815855892,0.211829792717247
"Ptprc",2.93343860072953,1.60433373982609,0.204468026068756,7.84637955709811,4.28219618313892e-15,8.59072408761921e-15
"Atp6v1g3",5.48847765531625,-4.08689587310647,0.272401251734159,-15.0032198717462,6.99423367525498e-51,2.02214897728225e-50
"Nek7",1.26036722681671,0.243989839665099,0.212630154428231,1.14748465626239,0.251181371024755,0.294845275205982
"2310009B15Rik",5.87988886673793,-4.08543788285894,0.269104455482335,-15.181606248534,4.68175058108761e-52,1.36376886346414e-51
"Dennd1b",1.2000747630138,0.0869634946144926,0.211626056174963,0.410929996930979,0.681123866048836,NA
"Cfhr2",12.4702958781954,-5.39311779647172,0.276747569763907,-19.4874983042221,1.40168084844243e-84,6.30484621186511e-84
"Cfh",1.33023668225743,0.461309708578543,0.208678719963245,2.21062170910284,0.0270620441448264,0.0385125055714269
"Cdc73",1.19673742300491,0.087558463975348,0.214532847159247,0.408135467993643,0.683174221977536,NA
"Glrx2",1.4696031194335,-0.106648244238032,0.193745752730224,-0.550454617637637,0.582007595917032,0.600036908991535
"Trove2",2.69073928854594,-2.58228214940367,0.247358710102286,-10.439422765165,1.63803691533391e-25,3.76261944908383e-25
"Uchl5",1.31066769721506,0.298415049064581,0.211803020451446,1.40892725905668,0.158856678259805,0.197436157265757
"Rgs2",1.97425676157038,1.21314946610417,0.204786693803763,5.92396626739173,3.14267948185263e-09,5.73193113042304e-09
"Rgs1",1.29514961168743,0.376418152604378,0.210785574366646,1.78578706695377,0.0741337415545041,0.0992633399806365
"Rgs18",1.20423507830678,0.118421824334375,0.215351172840362,0.549900995534213,0.582387281371761,NA
"Fam5c",16.1684402559541,-5.81445698038368,0.289086622945853,-20.1131997085619,5.65552312383827e-90,2.85787325328517e-89
"Pla2g4a",1.81208153003457,-1.69698634966047,0.223367002116619,-7.59730100498229,3.02370666523575e-14,5.99572603704866e-14
"BC003331",3.082363362844,-2.86741148582515,0.248503253477943,-11.5387281481997,8.41603782828872e-31,2.05192515010122e-30
"Tpr",2.03024830518983,0.871000598681697,0.205188114341346,4.24488816751209,2.1870246772506e-05,3.66728840836753e-05
"Hmcn1",1.25558664793459,0.333567180435827,0.211115624135855,1.58002128833996,0.11410199132327,0.147119277437932
"Ivns1abp",1.44561257222163,0.377704711494228,0.200804954965317,1.88095314460475,0.0599782929136805,0.0820457780422987
"1200016B10Rik",1.50203322815463,-0.838046423235352,0.203336877436523,-4.12146794915237,3.7646585306566e-05,6.269426552888e-05
"1190005F20Rik",1.23618988038354,0.0386855341217669,0.206279148012801,0.187539722237781,0.851237482292846,0.859054549554115
"Rnf2",1.26809581088005,0.234702300116402,0.212886631193501,1.10247552324257,0.270254993954258,0.313589896068377
"Fam129a",22.9870384037882,-6.09628768589224,0.273598641857291,-22.281863844456,5.5403821979337e-110,4.14932497463614e-109
"Edem3",1.72269249100307,-1.43897008519848,0.214739616269432,-6.70099961151561,2.06998592090303e-11,3.92350272589462e-11
"1700025G04Rik",1.26721822246438,0.30725519672325,0.211490347031046,1.45280955389489,0.146276638581744,0.183714983016129
"Tsen15",1.2047136588562,0.158265823305777,0.214363708126461,0.738305120251091,0.460329055738382,NA
"Glt25d2",9.54497450416235,-4.96249749526216,0.282016005587706,-17.5965101162276,2.61978281203197e-69,9.06847896472604e-69
"Arpc5",2.92704356699649,1.85014992204794,0.205324637732778,9.01085199748818,2.04461796701856e-19,4.34741579952623e-19
"Ncf2",7.02790989323744,-3.61657638929044,0.263725730161798,-13.7133998532174,8.44080605823383e-43,2.28532197219816e-42
"Smg7",1.21258029094983,0.177726134033245,0.213962706209557,0.830640709223308,0.406176630059978,0.436795720715753
"Lamc2",3.84123858037858,-3.4384696789155,0.252878954182759,-13.5972947611546,4.15520520364244e-42,1.11920387838047e-41
"Lamc1",1.18127101895042,0.148416817241213,0.214543370059725,0.691780021913035,0.489075484604686,NA
"Dhx9",1.31063274054024,0.280436649830193,0.212210721360338,1.32150085552937,0.186334417451592,0.227178712857015
"Npl",5.67981220636727,-4.13374181121756,0.258839834148567,-15.9702691234337,2.05895608121403e-57,6.26143358225299e-57
"Rnasel",1.93331084777466,-1.7780628091766,0.225597881101257,-7.8815581090433,3.23323689499351e-15,6.49634202920175e-15
"Rgsl1",2.11613181478586,-2.19831041420887,0.233489797804085,-9.41501699381921,4.73005877481555e-21,1.02494424261258e-20
"Gm5531",12.0721792050944,-5.36496973307157,0.283566122499641,-18.9196427477981,7.85853449059297e-80,3.22877214017279e-79
"Teddm1",4.26564579525448,-3.64352422698164,0.254183846931547,-14.3342083730555,1.33763101522024e-46,3.73192618890949e-46
"Glul",1.54722401579615,0.71031212275203,0.202344702688108,3.51040631810805,0.000447422434459036,0.000717084773680125
"Ier5",2.49408749279399,1.3881068124998,0.202819659219613,6.84404469389608,7.69878844198925e-12,1.47099837727613e-11
"Mr1",1.5234912459464,-1.18590191137796,0.208639936334465,-5.6839641164234,1.31607902649515e-08,2.37590611042874e-08
"Stx6",1.25929558131915,0.253134369402593,0.212511333398636,1.19115703315341,0.233591943612511,0.276695742225986
"Acbd6",1.3701755080559,0.333600072585926,0.211228836644848,1.57933016099894,0.114260347229595,0.147232538271657
"Qsox1",9.06850959166253,-4.65139568510068,0.271162482351813,-17.1535370408132,5.91406697675919e-66,1.96570707536982e-65
"Cep350",1.24412421169674,0.127634006481401,0.213733464686538,0.59716435453189,0.550397655198998,0.569195319323794
"Tor1aip1",1.60552196026939,0.699838709595715,0.20541668445127,3.40692242923303,0.000656997962504379,0.00104542885665992
"Tor1aip2",1.27864178097229,0.298320870517092,0.211591025554468,1.40989377850668,0.158571050020377,0.197436157265757
"Tdrd5",18.1710662803216,-5.99200311196507,0.285997423189064,-20.9512485992013,1.82775819148436e-97,1.0738207945468e-96
"Soat1",1.25506988308628,0.271369672671718,0.212100707700025,1.27943784636267,0.200742913591174,0.242915550177492
"Abl2",1.22731046680161,-0.229897226677097,0.202842962767749,-1.13337541288195,0.257056634759876,0.300523098196317
"Tor3a",1.29910051921014,0.271437754689163,0.212231682127935,1.27896905856656,0.20090795198266,0.242915550177492
"Fam20b",1.18499694043858,0.117742218621905,0.213755502064629,0.550826610237643,0.581752540699234,NA
"Ralgps2",15.5074441035185,-5.56474197886505,0.286827085761173,-19.4010337764912,7.56350706348396e-84,3.34589041282935e-83
"1700057K13Rik",8.06255618885933,-4.72559616377352,0.267911232062069,-17.6386638492212,1.24367017584498e-69,4.32364856337714e-69
"2810025M15Rik",2.43304499551831,-2.09543088086555,0.235946146572714,-8.88097098131577,6.62792441544836e-19,1.39760716819392e-18
"Mir488",3.28086867604357,-3.14885224204328,0.251505825427133,-12.5199972473623,5.80371612571647e-36,1.48434091995296e-35
"Rfwd2",1.2083772590533,0.215926767283374,0.213086695695508,1.01332824453726,0.310903400807432,0.351037806053935
"Tnr",53.7472341962544,-7.60353986534592,0.288388742768346,-26.365591778503,3.40083071262704e-153,4.91074310371042e-152
"4930523C07Rik",1.68213103357985,0.603117201534474,0.206224314524407,2.9245688265488,0.00344933791579349,0.00527557688849752
"Mrps14",1.76362359762251,0.639138353837228,0.197972868647625,3.22841386399689,0.00124478740074891,0.00195451653839955
"Cacybp",1.60808177947984,0.665680007674142,0.20671207914064,3.22032466821272,0.00128045491397667,0.00200991569717584
"Rabgap1l",8.2909594504567,-4.49546842656042,0.25092516857147,-17.9155740022149,8.91448393790012e-72,3.20589777167335e-71
"Rc3h1",1.25157231902655,0.0670268592754591,0.208299892168741,0.321780575964781,0.747618930446935,0.759624489913966
"Gas5",5.35800501297935,-2.15762145532046,0.196114800447346,-11.0018287778324,3.74459648354947e-28,8.8768363506486e-28
"Cenpl",1.43351168249276,-0.863099883819221,0.20439243296273,-4.22275850093043,2.41330362406384e-05,4.03828976362021e-05
"Klhl20",22.6451559330197,-6.19720667627902,0.285852308873609,-21.6797502902771,3.18603414428254e-104,2.12673890449551e-103
"Prdx6",1.75413394920699,0.883071766109121,0.20413264255268,4.32597038409097,1.51861826904579e-05,2.55963427976074e-05
"Tnfsf18",12.7259689329209,-5.44665461612556,0.292267124610779,-18.6358784737731,1.64432495879322e-77,6.48291260188869e-77
"Fasl",1.19327449296821,0.177775091773835,0.213971015979354,0.830837255972036,0.406065572866155,NA
"AI848100",12.9036453838862,-5.33651368568998,0.272930492651537,-19.552647393281,3.91659242943114e-85,1.78166557574123e-84
"Pigc",1.21254729876328,0.177723737484619,0.213934659026391,0.830738405331019,0.406121425376461,0.436795720715753
"Dnm3os",4.69436896720289,-3.81537522922832,0.258222532062761,-14.7755317816379,2.10687694421651e-49,6.02459471312527e-49
"Mir214",3.43958460692237,-3.24240639201031,0.251539775419712,-12.8902333104183,5.1089018286305e-38,1.33442419541912e-37
"Mettl13",16.5896753084999,-5.82050463701579,0.259949387942713,-22.3909149511,4.82580591195163e-111,3.67479312332422e-110
"Prrc2c",1.84340758694547,0.609505534663961,0.207628434862761,2.93555906765292,0.0033294721569818,0.00509523443548666
"Fmo1",10.005827672132,-4.58611833735438,0.270182960002718,-16.9741213039795,1.2765058182978e-64,4.17896542584793e-64
"Fmo2",1.29558865315819,0.418021905445185,0.21001059410251,1.99048008616718,0.0465380755186704,0.0645143418423741
"Prrx1",1.33602395256016,-0.717914651340401,0.194918135839283,-3.68315984682076,0.000230360607255657,0.000373557741495661
"Kifap3",1.17305666729186,0.0772294029962414,0.213185441140066,0.362263964102035,0.717154784383025,NA
"Scyl3",1.18114697565053,0.00571284724361816,0.21352538831383,0.0267548851625161,0.978655236748358,NA
"Sell",1.80869802905016,0.816528566541901,0.205749924483028,3.96854856007131,7.23117231492885e-05,0.000119187620726014
"F5",21.7470034754334,-6.25184812515948,0.290037522255859,-21.5553080047496,4.72117993096266e-103,3.09022686390283e-102
"Blzf1",1.35534153227143,-0.584142331188084,0.203202471124706,-2.87468123765874,0.00404435580907818,0.00616665322722013
"Nme7",1.18055741455416,-0.0635934820683387,0.211098712656633,-0.301249975748445,0.763223883576412,NA
"Atp1b1",11.3118680164299,-4.99497910710905,0.279236924665155,-17.887960602269,1.46368019620314e-71,5.26017943144951e-71
"Xcl1",1.28038259385314,0.244052334153717,0.213555072291773,1.14280748068712,0.253118532201191,0.296118049773692
"Sft2d2",1.24373934045584,0.225303044999651,0.2130959973301,1.05728426541321,0.290381872105627,0.331827717078859
"Tiprl",2.33408491336139,-1.78432989556259,0.222641296064385,-8.0143707708501,1.10702287055322e-15,2.24065893148035e-15
"Brp44",1.6176112094351,0.840592413911449,0.203778390528179,4.12503215739753,3.70682960935053e-05,6.17804934891756e-05
"Rcsd1",1.96438426315133,-1.25730258048745,0.199926775315397,-6.28881538505275,3.19897620961469e-10,5.93835555269867e-10
"Creg1",1.55456468074849,0.535908977821503,0.198982858562192,2.69324192894738,0.00707609024464988,0.0106171862825733
"Cd247",1.38726077620235,0.384906326912085,0.210660384620539,1.827141479901,0.0676784999278886,0.091346288202606
"Pou2f1",1.20848353605939,0.117740200363697,0.213815100908164,0.55066363350205,0.5818642786066,0.600036908991535
"Gpa33",62.6921046582582,-7.82907255303873,0.276181351981643,-28.3475784909587,8.96550799615202e-177,1.76603591471372e-175
"Tada1",1.18537663733025,0.138509330101014,0.21476230650186,0.644942459210432,0.518964475097623,NA
"Pogk",2.01569704638574,-2.03917278458654,0.228161085001582,-8.93742587423444,3.98340740572385e-19,8.42861234612019e-19
"Uck2",1.65781033431807,-1.43600457774998,0.219263139026534,-6.54922931471942,5.78347665831645e-11,1.08870350365712e-10
"Tmco1",1.70930664457788,0.91224963031346,0.202925356104408,4.49549355401448,6.94087610450063e-06,1.18248607263359e-05
"Aldh9a1",1.22404192394349,0.187369206335697,0.213784469465957,0.876439747020694,0.380791018464669,0.414225210457603
"Mgst3",1.32051368211393,0.437415808647323,0.207886470347619,2.10410907413019,0.0353689334925766,0.0496439453700592
"Pbx1",1.38417524130731,-0.466015049943111,0.197753943463957,-2.35653985847341,0.0184460879363468,0.026750542860878
"Nuf2",2.24799476524937,-2.28642190249861,0.233315810918324,-9.79968692862829,1.1293513142768e-22,2.50168209655205e-22
"Uap1",18.9995140757317,-5.83182797368788,0.291710386638796,-19.9918420488367,6.48568083389274e-89,3.19389188235095e-88
"Uhmk1",2.16516298911668,-2.22252338317869,0.239743211046047,-9.27043303324997,1.85391704529493e-20,3.99564284741517e-20
"Sh2d1b1",1.26199124598033,0.315933797931761,0.211376136018789,1.49465215838593,0.135005246147449,0.17090928470252
"Atf6",1.20457676484752,0.118453833728094,0.215324883176315,0.550116790873168,0.582239270725055,NA
"Dusp12",1.20845668593436,0.17771022223402,0.213947149649081,0.830626734338377,0.406184527149231,0.436795720715753
"Fcrla",1.4232306938054,0.307350906122048,0.212490496617243,1.44642189187254,0.148058905259261,0.185228876082287
"Fcgr2b",1.31054709518242,0.29525109094009,0.210501383749676,1.40260878898163,0.16073352950788,0.199507555351595
"Fcgr4",1.3448809323763,0.520578801351492,0.208568283042325,2.49596340228706,0.0125615560882498,0.0184422226917913
"Fcgr3",1.57780188340122,0.917371439626024,0.207009068939089,4.43155193309889,9.35572730489124e-06,1.58509888125713e-05
"Sdhc",1.36956193652348,0.434209799285353,0.209198195590304,2.07559055688852,0.0379318355531242,0.0531269604473594
"Mpz",20.3458864386762,-6.16275957964441,0.2811383018453,-21.920739860752,1.64757894273196e-106,1.15286354974006e-105
"Pcp4l1",1.19334634611397,0.187431758615206,0.213712333165608,0.87702827365589,0.380471281214043,NA
"Tomm40l",1.20089798279626,0.177746630171994,0.213974658858055,0.830690097232056,0.40614872204848,NA
"Fcer1g",5.7135018353838,3.14085518238856,0.275452658519173,11.4025226667759,4.06176062799624e-30,9.82501875724763e-30
"Ndufs2",1.94065251236133,-0.617943471567834,0.199223078089638,-3.10176650965005,0.00192369624233973,0.00298948924829217
"B4galt3",1.91568320692718,-1.66506877079346,0.210050904874596,-7.9269773762105,2.24544176550093e-15,4.52556216830689e-15
"Ufc1",1.49929722213863,0.651935065211426,0.2057602232882,3.16842125651413,0.00153269261888197,0.00239720014099292
"Dedd",1.19315176233988,0.117726247213013,0.213759333181656,0.55074202122893,0.581810534220585,NA
"Nit1",1.20100016050381,0.158249614675998,0.214351402541881,0.738271888121089,0.460349245807762,NA
"Pfdn2",1.78518005530829,0.840859411374061,0.204057962311382,4.12068905251024,3.77740958024965e-05,6.28965805706641e-05
"Arhgap30",1.77829652789806,0.638137000173475,0.204180451084717,3.1253579702824,0.00177588805093836,0.00276431657250582
"Usf1",1.31908038313645,0.32483295390599,0.211199800230187,1.53803627442807,0.124039745696671,0.158746132980675
"F11r",1.34395511942443,0.520462318345328,0.208482167096544,2.49643566926427,0.0125448420815884,0.0184202744489146
"Alyref2",1.20476124650755,0.128508335824789,0.215078297513123,0.597495597234531,0.550176545613265,NA
"Cd244",1.29848437927373,0.367913517382945,0.21046558169321,1.74809350974661,0.0804478366606038,0.107096294375439
"Ly9",1.33111247349039,0.289479643586789,0.211938756355589,1.36586459486958,0.171981467228035,0.211829792717247
"Slamf7",1.28690678928844,0.196940925104091,0.214182257427958,0.919501584627445,0.357833277160981,0.392702555824728
"Cd48",1.88777904238529,1.0077900406678,0.203020639077777,4.96397826962667,6.9063674164589e-07,1.20572702053229e-06
"Cd84",1.56695597775214,0.573140362657534,0.207529754069612,2.76172621717311,0.00574966700521494,0.00867184679781046
"Slamf6",1.20512127468749,0.128520572340089,0.215053175223325,0.597622296004812,0.550091983808774,0.569195319323794
"Ncstn",1.26332585171514,0.289434764670723,0.211743695991151,1.36691089345498,0.171653237087083,0.211829792717247
"Copa",1.41512199490074,0.474041474549703,0.208725511506142,2.2711237889852,0.023139485272565,0.0331198555313379
"Pex19",1.78724407718349,-1.44873475971947,0.218444757173705,-6.63204179612082,3.31074795371253e-11,6.25257030332105e-11
"Dcaf8",1.2553012916586,0.215888786981007,0.213268277756288,1.01228738400426,0.311400665218957,0.351037806053935
"Pea15a",1.36189162069306,0.474192289384168,0.208554608072186,2.27370804110949,0.0229835463837713,0.0329553940731456
"Atp1a2",1.2171805565793,0.244034815381257,0.212705514886445,1.14728955434718,0.251261969693077,0.294845275205982
"Igsf8",1.24991088644103,-0.0439078177960237,0.204203099522001,-0.215020329754069,0.829751468401232,0.838343688194025
"Pigm",1.18917721425979,0.128512634485948,0.21498162338141,0.597784277858703,0.549983882551743,NA
"Slamf9",1.2433105185563,0.280396825779733,0.211967207368266,1.32283115516345,0.185891533969964,0.227031556315038
"Tagln2",3.52493074901429,2.25548492031903,0.217350201912092,10.3771926617821,3.14899037353665e-25,7.21111197624976e-25
"Slamf8",1.20803361271498,0.20643351986107,0.21342465561523,0.967243073514598,0.333422534115686,0.371194373059014
"Aim2",1.22061596595083,0.15823939149281,0.214421236879788,0.737983764087346,0.460524315364511,0.485759357622077
"BC094916",1.22929579326562,0.0981783247055674,0.215871433622009,0.454799984686615,0.649253141276622,0.663963458881628
"Pydc4",13.0099588385746,-5.36491144803584,0.266459702441797,-20.1340442808898,3.71408944204697e-90,1.88870403190309e-89
"Pyhin1",1.61113922408955,0.328512702780685,0.206964104621495,1.58729313656338,0.112446268984791,0.145433479707782
"Pydc3",1.47009793635815,0.401606585506103,0.211223384630986,1.90133581188334,0.0572580411861404,0.0783863034334259
"AI607873",1.23494079861448,0.234598735122215,0.212988910234043,1.1014598594097,0.270696565456725,0.313589896068377
"Ifi204",1.24782683635099,0.298410510507165,0.211725502635345,1.40942166528289,0.158710521488088,0.197436157265757
"Mndal",1.87020752605222,0.733223126929805,0.207984214792012,3.52537872964562,0.000422877744181105,0.000678371796135639
"Mnda",1.20028973925645,0.187348333426327,0.213779817401742,0.876361181814727,0.380833714185032,NA
"Ifi203",1.80459943523771,0.686523405727042,0.206646223617519,3.32221607396865,0.000893055078496816,0.00141200893828665
"Fh1",1.34207909189215,0.280446301406959,0.212413034385067,1.320287628388,0.186739004551679,0.22761882166019
"Kmo",1.19273131871504,0.0878449426907998,0.215989918249401,0.406708532522182,0.684222072926177,NA
"Cep170",1.21249723507608,0.187374501594069,0.213729823700414,0.876688607841237,0.380655796169551,0.414225210457603
"Sdccag8",1.32983956218023,-0.466392786610991,0.198472690407504,-2.3499091268093,0.018777994879309,0.0271601920947612
"Adss",1.39317793665465,0.393117408059909,0.210132626861028,1.87080613768703,0.0613719565880679,0.083579862611457
"Pppde1",1.29139061861639,0.289454487945084,0.211841981587902,1.36636980911632,0.171822919900996,0.211829792717247
"Fam36a",1.45288090469048,0.450346642165641,0.209297431705108,2.15170649012149,0.0314204786585283,0.0443463292138753
"Hnrnpu",2.30293159334319,1.24295358505298,0.201438194820676,6.17039676194222,6.81188407887757e-10,1.25735625501205e-09
"Tfb2m",1.21319161368528,0.187423469689272,0.213748287647347,0.876841970301503,0.380572479045232,0.414225210457603
"Ahctf1",1.20883812273428,0.158250591374224,0.214365980793014,0.738226237151998,0.46037698170889,0.485759357622077
"Adck3",1.17783826860214,0.0671429780252782,0.216395476687166,0.310279027330797,0.75634877844565,NA
"Psen2",1.31869651794442,0.316024733950366,0.211429057488414,1.49470814326306,0.134990628114881,0.17090928470252
"Parp1",1.31154470554303,0.234672282191421,0.213104360665991,1.10120825992498,0.270806027600361,0.313612304841683
"Acbd3",1.27519379788364,0.206448527878979,0.213645578519581,0.966313130884931,0.333887517462326,0.37122318235428
"H3f3a",8.42867154577197,2.53088656061721,0.201266948191175,12.5747748617583,2.90627054278909e-36,7.45307405225206e-36
"BC031781",3.40268327033564,-2.94918113154075,0.23391038152289,-12.608166907086,1.9036939416155e-36,4.89521299272557e-36
"Pycr2",1.29881399082701,0.324873662270282,0.211152545228668,1.53857327136862,0.123908507984728,0.158746132980675
"Tmem63a",1.17738638788719,0.14841856959963,0.214487738941414,0.691967617040195,0.488957665549473,NA
"Ephx1",1.20860547608988,0.177729693261367,0.213975137142404,0.830609086807526,0.406194499750596,0.436795720715753
"Nvl",1.18138002969266,0.118460424243067,0.215201240584459,0.550463482093986,0.582001517430881,NA
"Cnih4",1.39270461902119,0.505301563419537,0.20825310859532,2.42638185248627,0.0152502149338515,0.0222456677252214
"Wdr26",1.35709647665237,0.393033787879663,0.210005493577267,1.87154050679658,0.0612702008029516,0.0835175475104864
"Lbr",1.59579753126921,0.665981491662467,0.205860599022974,3.23510907295157,0.00121596270069387,0.00191090850751135
"Srp9",1.98534446968041,1.12280342254183,0.20099042382907,5.58635282791737,2.3188788425e-08,4.16608072891068e-08
"Degs1",1.61870751287781,0.784666591542602,0.204814259807757,3.83111308889872,0.000127564852347867,0.000208513708863587
"Fbxo28",1.23195680604223,0.215950152434532,0.213159621257914,1.01309127479281,0.31101656548838,0.351037806053935
"Capn2",1.43542304525508,0.651832909062569,0.205771308781888,3.16775410975053,0.00153621391482692,0.00240198790935945
"Tlr5",1.59515295324315,-1.42195091149443,0.202657996398388,-7.01650532801646,2.27486233201603e-12,4.38507436230564e-12
"Brox",1.38574910507892,-0.524867575760919,0.198761339916278,-2.64069248065042,0.00827367800794121,0.0123290320301037
"Aida",1.30212590356443,0.307214615995299,0.211559383909638,1.45214365025055,0.146461667015636,0.183714983016129
"Mia3",1.31884360386388,0.289423081713693,0.21197003625977,1.36539619854102,0.172128558053824,0.211912988924755
"Dusp10",1.2009654553829,0.158257245452026,0.214378596933224,0.738213831585625,0.460384519050217,NA
"Hlx",1.2679035981653,0.342282109692988,0.210634595623724,1.62500423389346,0.104161656690189,0.13576126040519
"Mosc2",1.45610152059368,0.528267116469046,0.207726219811744,2.54309310085072,0.0109875948246884,0.016213496815512
"Rab3gap2",1.17744637369614,0.0466485248373408,0.213920804513564,0.218064460553125,0.827378887421828,NA
"Iars2",1.18469230583559,0.138455188148177,0.214744723880121,0.64474314267888,0.519093653149433,NA
"Bpnt1",1.19672162011798,0.138475227240618,0.21481742001281,0.644618240142538,0.519174611576266,NA
"Eprs",1.3890670877703,0.350826844203413,0.211141306893991,1.66157370797915,0.0965982786818749,0.12634544244718
"Rrp15",1.24012466846757,0.196954719124653,0.21362659483305,0.921957864275156,0.356550554544357,0.392000127749348
"Angel2",1.28787266359823,0.253187923452677,0.21257822957267,1.19103411464872,0.233640192650369,0.276695742225986
"Batf3",1.23034093736996,0.17767394813616,0.214509708949518,0.82827928398324,0.407512352079064,0.437338502848009
"Atf3",1.29482945639427,0.417940417753452,0.209556287096455,1.99440648402537,0.046107650497472,0.064003827373631
"Nenf",1.4693268042894,0.570406937708938,0.20328462672313,2.80595216128085,0.0050168139825878,0.0076071950585645
"Tmem206",1.20853816068481,0.168001661988051,0.214168529830638,0.784436733636378,0.432783891215962,0.461156984598221
"Ppp2r5a",1.4597533976503,0.595061797236494,0.206467903918947,2.88210315473584,0.00395030386562882,0.00603117466469214
"Lpgat1",1.23224763292271,0.253173878313261,0.212414539169735,1.19188582524926,0.233306016908303,0.276695742225986
"Syt14",12.2553339804198,-5.38840190785667,0.288751096140062,-18.6610613081204,1.02671652688162e-77,4.06173571074046e-77
"Diexf",1.17727093408027,0.138488729321832,0.214703963144534,0.645021765288067,0.518913081045342,NA
"A130010J15Rik",1.18530419881632,0.118460075619931,0.215242022285328,0.550357566622836,0.582074147143902,NA
"Traf3ip3",1.37056001098399,0.342240386752232,0.211235483448792,1.62018417154426,0.105192720524567,0.136314189910145
"Hsd11b1",1.65989551195597,0.946494017251726,0.213482513825387,4.43359036902615,9.26766348825369e-06,1.57094344564651e-05
"G0s2",1.5487217493339,0.853624526566227,0.210310633693573,4.05887477763001,4.93097454653971e-05,8.17262649085166e-05
"Cd34",1.25597830856489,0.333608597529557,0.211161881421202,1.57987130671616,0.114136341469503,0.147127226193556
"A330023F24Rik",1.57979748362838,-1.36055419249522,0.204148582499041,-6.66452921612428,2.65515082642348e-11,5.01806202531882e-11
"Cr1l",1.43646985769779,0.500007676010151,0.206853015707453,2.41721240708087,0.0156398876144845,0.0227790773849355
"Cr2",1.61221226490008,0.0879269280464727,0.220629515111979,0.398527495298378,0.690241394879742,0.703928901293788
"Mthfd1l",1.18118869602348,0.0566231204712597,0.216658493876471,0.261347337268687,0.793824664770974,NA
"Akap12",1.22445177330182,0.253188401445811,0.212632963191739,1.19072977982958,0.233759683191786,0.276695742225986
"Zbtb2",1.18140518223184,0.108334303931098,0.215426222630281,0.502883551539699,0.615046146217983,NA
"1700052N19Rik",1.22785798919092,-0.10508861401975,0.206571822341562,-0.508726760642061,0.610943762044316,0.628523145027853
"Syne1",1.24800549128465,0.280509637546341,0.211912758949015,1.32370339066667,0.185601571937077,0.227031556315038
"Myct1",1.3219407317635,0.27863417396194,0.203294815169605,1.37059163918903,0.170502290753583,0.211381536096355
"Ipcef1",1.1974380275239,0.128541593942627,0.215039854103833,0.597757073814606,0.550002036887178,NA
"Pcmt1",1.34186777754661,0.401439774616065,0.209751025862439,1.91388706188899,0.0556345879062191,0.076404248584705
"Lats1",1.46007380075571,-0.90414776199528,0.209744569378983,-4.31070880486824,1.6273208412649e-05,2.73931466991383e-05
"Katna1",1.29098900617965,0.316078437198247,0.21124715193339,1.49624946090592,0.134588659791549,0.170882100887308
"BC013529",1.33851739451151,0.450424366726108,0.208738502172772,2.1578403698293,0.0309402449755424,0.0437869266022317
"Ppil4",1.34733190870287,0.324926334256485,0.211360894634144,1.537305823856,0.124218435992379,0.158751434907631
"Zc3h12d",1.23682188313841,0.196997525446032,0.213675395495491,0.921947634584763,0.356555890694928,0.392000127749348
"Tab2",1.33366414899091,0.359353084908948,0.210625204179287,1.70612575218235,0.0879846688133967,0.11614068557915
"Sash1",1.20083076908614,0.177750751003886,0.213959807306747,0.830767017606495,0.406105258419722,NA
"Rab32",1.2818913014418,0.376249175063484,0.210198384084939,1.78997177690693,0.0734584486626588,0.0985740622157015
"Shprh",1.19327010462731,0.118477604046867,0.215231501895771,0.550465907654359,0.581999854194158,NA
"Fbxo30",1.18887000964352,0.158222072015645,0.214345045438501,0.73816528715165,0.460414014213031,NA
"Utrn",1.32349187777364,0.324929937374249,0.21126095850152,1.53805009538434,0.124036366607362,0.158746132980675
"Stx11",1.22365410586986,0.196941088418365,0.213608561688603,0.921971885684359,0.35654324058749,0.392000127749348
"Sf3b5",1.7211666382709,0.858878520820881,0.20366377435678,4.21713936871409,2.47421067584176e-05,4.13755557517027e-05
"Ltv1",1.25583502692316,0.196976171606452,0.213766678997048,0.921454047612224,0.356813422056469,0.392000127749348
"Phactr2",1.21200397757885,0.206459752440594,0.2133108987763,0.96788187394545,0.333103367852954,0.371194373059014
"Fuca2",1.24338647838768,0.253143987464236,0.21241014622506,1.19176975282535,0.233351538932111,0.276695742225986
"Pex3",1.24447098283933,0.196976223853519,0.213686993329471,0.921797910038507,0.356633997812805,0.392000127749348
"Gpr126",1.25040508530277,-0.0693997463017166,0.203018184114876,-0.341840050457979,0.732471267322193,0.745249004077935
"Vta1",1.30316201735349,0.307289832739545,0.211567384629518,1.45244425683878,0.1463781181079,0.183714983016129
"Cited2",1.44827608157092,0.630891403644617,0.206757813805411,3.05135458744199,0.0022781136452761,0.00352400451276967
"Heca",1.1735040528764,0.0981431002086312,0.215637620848511,0.455129767349726,0.649015883796503,NA
"3110003A17Rik",2.29425568306575,1.36239849444656,0.202586709267797,6.72501418958151,1.75575331667468e-11,3.33213318052783e-11
"Ccdc28a",1.18140554412764,0.118471750899284,0.215201189228578,0.550516246327284,0.581965336845356,NA
"Tnfaip3",1.25249070889019,0.316174260152076,0.211171419012835,1.49723983307068,0.134330864139341,0.170882100887308
"Ifngr1",2.25342272287439,1.52742640607344,0.202665219567686,7.5366972652321,4.82023582821033e-14,9.52911608530881e-14
"Pex7",1.2360647065216,0.22534838295079,0.212952636615831,1.05820893571429,0.289960198335377,0.331827717078859
"Map3k5",1.22829803808119,0.225336685050619,0.212953931612123,1.05814756902939,0.289988170366909,0.331827717078859
"Mtap7",1.18949738197797,0.0775418756627152,0.216213353641871,0.358635923066773,0.719867469417873,NA
"Gm6251",1.39739990568371,0.57321140483733,0.206778371391767,2.77210523024824,0.00556950287259219,0.00841714099447923
"Bclaf1",1.50795347777738,0.474214326639903,0.208996202479468,2.26900929784354,0.023267760456775,0.0332943282851879
"Hbs1l",1.28611788637199,-0.0504280845551029,0.202011429169422,-0.249629858876995,0.802873605413805,0.81315487393482
"Sgk1",1.71217673610583,1.09154376191198,0.208957682950104,5.2237550996037,1.75330635979809e-07,3.09616346351355e-07
"Tbpl1",1.33468552711846,0.342255072167243,0.210787361822457,1.62369825784678,0.104440223033485,0.135948916404084
"Tcf21",1.27965667408287,0.35565042525272,0.209800761833878,1.69518176265884,0.0900409454565487,0.118525718139751
"Rps12",12.3828107901003,3.54109039520965,0.216730473942197,16.3386824695178,5.23724092441518e-60,1.63019663836895e-59
"Taar4",15.9692895723268,-5.79547466618066,0.295020901189602,-19.6442850076445,6.47014601127296e-86,2.99151126473382e-85
"Stx7",1.55339972087451,0.713094204562101,0.20554392503599,3.46930323743327,0.000521810131543941,0.000833618634019701
"Epb4.1l2",1.38488046571532,-0.153045174085076,0.198046444625419,-0.772774155953884,0.439656050914329,0.466938878081953
"Samd3",1.20858398282202,0.138517426663129,0.214943770762234,0.644435640874439,0.519292979185925,0.540189398685829
"L3mbtl3",1.17377352322566,0.0671293580053898,0.216380724269785,0.310237236851525,0.756380555584844,NA
"Arhgap18",1.24764938194802,0.234633971080173,0.212989912276873,1.1016201122951,0.270626860838193,0.313589896068377
"Echdc1",1.19646058424128,0.0872383551378099,0.213037053842495,0.409498505374131,0.682173863417193,NA
"Rnf146",1.36999163165633,0.409733201488684,0.209599800413477,1.95483583801323,0.0506024496633643,0.0699798415286306
"Cenpw",1.18503298435919,0.128534444136729,0.215018033825568,0.597784482770417,0.549983745807165,NA
"Trmt11",1.20517401023568,0.138499850474059,0.214850081376108,0.644634852297806,0.519163843653205,0.540189398685829
"Hint3",2.1973578725544,-1.80526826724653,0.216316277719136,-8.34550356672872,7.09110799251767e-17,1.46046887831692e-16
"Ncoa7",1.18906661193634,0.148399343672405,0.214519439993749,0.691775736859697,0.489078176009599,NA
"Hddc2",1.22099700385236,0.197002405881189,0.213575358865564,0.922402317044416,0.356318761626008,0.392000127749348
"Gm3258",1.21221824529803,0.225314276578672,0.212905450144172,1.05828327281475,0.289926316589516,0.331827717078859
"Zufsp",1.26026815035909,0.177740941355883,0.214108441799084,0.830144481284266,0.406457100430579,0.436795720715753
"Rwdd1",1.62483795283126,0.699745921349552,0.205616279516732,3.40316400527327,0.000666102839613971,0.00105943230432204
"Fam26f",1.21692588854672,0.128516118586854,0.215175593930724,0.59726159570044,0.550332740690856,0.569195319323794
"Dse",1.19630926716808,0.187336816466127,0.213708124195964,0.876601285846975,0.380703240538082,NA
"Tspyl1",1.27936872217364,0.307299998448246,0.211407612966984,1.45359002987389,0.146060002734406,0.183714983016129
"Nt5dc1",1.21272735800677,0.14839520965227,0.214605565608625,0.691478849727958,0.489264667671128,0.512050895553324
"Hdac2",1.34249580091804,0.376420545349101,0.210227294245004,1.79054078920129,0.0733670160764086,0.098570756945393
"Marcks",1.63186860430177,0.752508822192159,0.206933455402944,3.63647734353472,0.000276391940966671,0.000446607624778215
"Lama4",1.18918552575748,0.177760583987433,0.213914479117627,0.830989022906141,0.405979830561512,NA
"Fyn",1.40974354701619,0.489939571890338,0.208524893924841,2.34954955578075,0.0187961419003388,0.0271826736998943
"Rev3l",1.20488381820125,0.118452873724258,0.215285756401993,0.550212311784698,0.582173760035886,0.600036908991535
"Slc16a10",1.18853241906829,0.158211181130353,0.214316182203913,0.738213883353993,0.460384487596785,NA
"Rpf2",33.2270994277706,-6.69124522208006,0.229926699575298,-29.101645152301,3.42187500689866e-186,7.38106922975661e-185
"Gtf3c6",1.29440891663167,0.28940088963639,0.211890310081555,1.36580521084236,0.172000110427596,0.211829792717247
"Amd2",3.9259726405165,-3.49151538048242,0.255597625864671,-13.6602027059948,1.75494553137263e-42,4.73917003298766e-42
"Cdk19",1.22495827139193,0.168041711737947,0.214271287429463,0.784247454495111,0.43289492508152,0.461156984598221
"9030224M15Rik",1.18148967810208,0.158281869847521,0.214276907157711,0.738679085614315,0.460101888487756,NA
"Cdc40",1.28371546017428,0.215954395228231,0.21338823536856,1.01202577946829,0.311525727533972,0.351037806053935
"Fig4",1.18137353988352,0.118465207046559,0.21520110353661,0.550486057458372,0.581986037310393,NA
"Zbtb24",1.18541083411275,0.128524606014703,0.214968035570467,0.597877752725579,0.549921505323148,NA
"Mical1",1.2759856426018,0.298432873815483,0.211618035594803,1.41024309660878,0.158467914368783,0.197436157265757
"Smpd2",1.17345001256312,0.138503834923035,0.214689163470651,0.645136590426784,0.518838673636919,NA
"Cd164",1.61343896543217,0.852222441481835,0.207276207852983,4.11153045643472,3.93045013876145e-05,6.53926684440948e-05
"Cep57l1",1.18907360413699,0.0981375336717254,0.215720733671501,0.454928610715599,0.649160598861975,NA
"Sesn1",1.31584758077666,0.316141327238603,0.211425222300216,1.49528672028399,0.134839629346423,0.170882100887308
"Snx3",1.98962499547195,1.25658579769646,0.200430509137431,6.26943374591163,3.62363435720169e-10,6.72068621232647e-10
"Ostm1",1.21262330212615,0.187383935704696,0.213716683145426,0.876786654868622,0.380602528932911,0.414225210457603
"Sec63",1.24374358460485,0.2531348547562,0.212413271476963,1.19170922323303,0.233375280312138,0.276695742225986
"Scml4",1.24114923736724,0.206568650854321,0.213464053104028,0.967697595218311,0.333195419481078,0.371194373059014
"1700021F05Rik",1.17333463562138,0.0981422065172131,0.215636358013975,0.455128288295671,0.649016947801581,NA
"Cd24a",1.84730164880676,0.859132901615142,0.208570405437657,4.11915055643857,3.80271633768794e-05,6.33078592974998e-05
"Qrsl1",1.29066677107707,-0.465106593007585,0.196121072429442,-2.37152788961479,0.0177147096954543,0.0257041791828413
"Aim1",1.19281758770001,0.168014699089001,0.214122214079537,0.784667297651752,0.432648661320192,NA
"Atg5",1.31802620113138,0.307166187701368,0.211705484664428,1.45091275357487,0.146804156119669,0.183813311332375
"Prep",1.18113609637251,0.128520371491019,0.214950744514277,0.59790614720333,0.549902557937978,NA
"Hace1",7.60945210184498,-4.54234128015598,0.271616474283955,-16.7233644134829,8.85745809377545e-63,2.84879428524386e-62
"Ascc3",1.22473296499152,0.158270865153824,0.214449532789251,0.738033154445547,0.460494302214138,0.485759357622077
"Gp49a",1.21307810105561,0.225395839486512,0.212983231192674,1.0582797444866,0.289927924688811,0.331827717078859
"Lilrb4",1.33367421735054,0.466258777115654,0.208844450602589,2.2325648384256,0.025577654998704,0.0364774066703103
"Gopc",1.23251846541817,0.168044614173885,0.214238698107356,0.784380299443741,0.432816994600006,0.461156984598221
"Nus1",1.32219387725651,0.367877002677686,0.210320531745276,1.74912548777325,0.0802693303769951,0.107069142974425
"Mcm9",10.6551990155801,-5.15861560401221,0.289213766295881,-17.8366876171955,3.66805431722291e-71,1.30966098056796e-70
"Asf1a",14.9494763527913,-5.52289968842141,0.29309255695209,-18.8435344310849,3.32034765958907e-79,1.35091307740101e-78
"Man1a",1.26448787041648,0.138511283663498,0.215083004215038,0.64398990598539,0.519581979550581,0.540189398685829
"Serinc1",1.54215428824702,0.739693603934793,0.204709572457135,3.61338063020809,0.000302230527970285,0.000487905785064137
"Pkib",1.44728148191179,-0.260054650640139,0.191844394944364,-1.35554990134351,0.175242421093128,0.215378591475346
"Smpdl3a",1.96513098141334,1.29137949168833,0.210283625315627,6.14113195808766,8.19354805414647e-10,1.50998484881358e-09
"Gcc2",10.1595623631151,-4.90856297355044,0.279737403905338,-17.5470384189719,6.2663520544574e-69,2.15909951975364e-68
"Lims1",8.41816294098471,-4.03566025062018,0.254997174083889,-15.8262940172526,2.04941948911374e-56,6.18201082529543e-56
"Ranbp2",1.55460685924001,-0.897406803652114,0.207997128897038,-4.31451534168217,1.59953426341282e-05,2.69340930806933e-05
"Sh3rf3",20.3072690555281,-6.15997107161202,0.285363877644962,-21.5863728880079,2.41217566226091e-103,1.58883999457438e-102
"Sept10",1.1846783867352,0.167992796618299,0.214063550622539,0.784780015699742,0.432582559083216,NA
"Sowahc",1.21195992728692,0.225290255214256,0.213001925904503,1.05769116526797,0.2901962643489,0.331827717078859
"P4ha1",1.22394862231383,0.22531663449441,0.212936495925223,1.05814005023138,0.289991597694304,0.331827717078859
"Oit3",8.46900017853275,-4.80521659195496,0.27275078015631,-17.6176089732948,1.80473158860198e-69,6.25752168216695e-69
"Ccdc109a",9.71074020918854,-4.94394681093272,0.271271593657118,-18.2250811604763,3.26391312278343e-74,1.21958672161271e-73
"Micu1",1.22429485150951,0.225333890890797,0.212924712502603,1.05827965313347,0.289927966324731,0.331827717078859
"Dnajb12",1.18527382601108,0.11846835120525,0.215202104906928,0.550498106217347,0.581977775452025,NA
"Ddit4",1.52490972310158,0.63048507020372,0.207879224281484,3.03293930590196,0.00242184304692925,0.0037419034201482
"Anapc16",1.52344876803614,-0.566222104983906,0.194698578189897,-2.90819845860223,0.00363517563621959,0.00555411000177558
"Ascc1",1.26392529038232,0.166597735320646,0.212985030231581,0.782203965882028,0.434094714162255,0.461642947525104
"Chst3",1.18950503239524,0.0460714381863699,0.216957303516963,0.212352557113929,0.831831995601748,NA
"Psap",5.56862428926669,3.11037344769388,0.259132378847654,12.0030289596596,3.42527291501673e-33,8.54476684176217e-33
"4632428N05Rik",1.6756825097126,0.947040983003905,0.202754736331472,4.67086984076979,2.99926949150414e-06,5.15854587995111e-06
"Slc29a3",1.18923813850499,0.118449342883788,0.215217189080195,0.550371201250336,0.582064797195112,NA
"Unc5b",1.30279883622801,-0.629030604535414,0.190945584123878,-3.29429249396689,0.000986697665197894,0.00155700175705351
"4930565A17",2.70166961106159,-2.75488345886022,0.241038693309958,-11.4292166997339,2.98791907642741e-30,7.23755804127661e-30
"Sgpl1",1.3253993825005,0.367767473843119,0.210495591870694,1.7471504774743,0.0806112393942817,0.107248800723372
"Tbata",8.51459209938473,-4.8136900275048,0.285098433219323,-16.8843089495398,5.86996090988939e-64,1.90851422918858e-63
"Prf1",1.18950856712522,0.158292590131828,0.214362522339106,0.738434071425135,0.460250716574601,NA
"X99384",1.21971749063214,0.253115332121247,0.212392118701205,1.1917359912838,0.233364780931151,0.276695742225986
"Eif4ebp2",1.26021283656877,0.225361919240364,0.213095821383198,1.05756141897831,0.290255439569665,0.331827717078859
"Lrrc20",2.02021895749094,-2.05746664721434,0.219043396853577,-9.39296357145928,5.83353199512758e-21,1.26300443859668e-20
"Ppa1",1.27180269891856,0.225419011305813,0.213326981240583,1.05668307869408,0.29065625017613,0.331827717078859
"Sar1a",1.57554427645456,0.347138735249558,0.194030659145876,1.78909218150196,0.0735999711181761,0.0987132192283863
"Tysnd1",1.44284581547297,-0.801881790254534,0.20447586623493,-3.92164515558634,8.79464425481885e-05,0.000144660605042238
"Aifm2",11.6212652258305,-5.20857185837585,0.277397240582835,-18.7765813655255,1.17399801653448e-78,4.71768256066972e-78
"Neurog3",3.92968843353103,-3.49339803645167,0.258221666357451,-13.5286790056409,1.05909715290259e-41,2.84680079204506e-41
"Hk1",1.35886420989187,-0.305571793046369,0.198399050875627,-1.54018777659338,0.123514588543836,0.158706745156634
"Supv3l1",1.18166414395052,0.128544227485064,0.214954230398937,0.598007432775325,0.549834973587235,NA
"Vps26a",1.27884503871855,0.307201157064851,0.211420331343634,1.45303507525744,0.146214015626242,0.183714983016129
"Srgn",3.80520722747626,2.28902767713639,0.217177094556571,10.5399129765968,5.65512033877016e-26,1.30531630194032e-25
"2510003E04Rik",1.21270584357198,0.177756696579425,0.213963088484762,0.83078206544062,0.406096756010623,0.436795720715753
"Ddx21",3.44351550191396,-2.53938350316405,0.240304078372739,-10.5673758030239,4.22141774142191e-26,9.76331440417472e-26
"Ddx50",1.3182472963608,0.00321531024662947,0.203086306329071,0.0158322355886444,0.987368231375553,0.987936010692042
"Ccar1",1.33481351716477,0.316084556843171,0.211375842526814,1.49536746046595,0.134818567915212,0.170882100887308
"Slc25a16",1.1890579868429,0.128503518581816,0.215007849748394,0.597668962934112,0.550060838791919,NA
"Dna2",1.1805908935102,0.127604456925368,0.213505985448066,0.597662199762574,0.550065352407513,NA
"Rufy2",2.98863416940556,-2.91131434623,0.249418601787274,-11.6724026410549,1.76370698961316e-31,4.33147517562017e-31
"Hnrnph3",1.29595937554244,0.25324394469398,0.212648405819354,1.190904506047,0.233691075394529,0.276695742225986
"Herc4",1.31433543091314,0.350818762757969,0.210678508397635,1.66518533582853,0.095875785655281,0.125746633447379
"Reep3",1.43730732060118,-0.078948035777795,0.19638157877907,-0.402013448861269,0.687674128614562,0.701447767731903
"Jmjd1c",5.27909281840786,-3.72983671690984,0.261013133819277,-14.2898430524662,2.53179381938765e-46,7.05227520661875e-46
"Nrbf2",1.42853114869827,-0.482605363993977,0.189742639149384,-2.54347344464848,0.0109756399472106,0.0162004356070802
"Egr2",1.40412947412702,-0.857036736286758,0.197716592878161,-4.33467279508954,1.45977086591603e-05,2.46124157625377e-05
"Ado",1.25551306614661,0.271400993413335,0.212103865687276,1.27956646397707,0.200697650608536,0.242915550177492
"Rtkn2",1.40793401107072,-0.993167307024963,0.198522534467894,-5.00279381223387,5.65053676989257e-07,9.88962344973653e-07
"Arid5b",1.92459298084321,-1.57555661393119,0.220172868215975,-7.15599804234588,8.30663285312424e-13,1.61102075026225e-12
"Cdk1",2.43434620621401,-2.33697586636545,0.241687756565112,-9.66940112970041,4.06751263255334e-22,8.93808290546345e-22
"Ccdc6",1.19337351921626,0.118483526026847,0.215245636921324,0.550457271615473,0.582005776042867,NA
"Slc16a9",1.18874101644462,0.0771697431318738,0.211857962707545,0.364252266686814,0.71566964062036,NA
"Tfam",1.90526499789698,-1.38637816906645,0.218106829990635,-6.35641794952489,2.06512667056172e-10,3.847238122888e-10
"Ube2d1",1.33834119434974,0.342222705229487,0.210876594553397,1.62285770004139,0.10461982780492,0.135948916404084
"Cisd1",1.38370122860131,0.505180857406276,0.208299096066038,2.42526668116753,0.015297145093652,0.0223110079320657
"Ipmk",1.21983455796814,0.225310968477864,0.212949068274302,1.05805097107839,0.290032205119095,0.331827717078859
"Zwint",1.18922488801734,0.12851545224618,0.214995367682256,0.59775916863527,0.550000638919939,NA
"Rab36",25.443649737454,-6.48719547264903,0.290277789441689,-22.3482323092176,1.25619294246751e-110,9.51026419097955e-110
"Specc1l",1.37773842361628,-0.427447792732863,0.200726966582325,-2.1294985920965,0.0332130312442777,0.0468193419106481
"Adora2a",1.20878185947804,0.177756982978045,0.213948697531884,0.830839285439229,0.406064426226273,0.436795720715753
"1110038D17Rik",1.24303339133152,0.0960703059200951,0.208906575056959,0.459872102608073,0.645608025465413,0.661252603341402
"Snrpd3",1.79229918641848,0.538748834428728,0.193863709028989,2.77900818635513,0.00545251509587883,0.00824391855191528
"Cabin1",1.24913338635453,0.197049175584904,0.213659908504952,0.922256201286059,0.356394954061734,0.392000127749348
"Ddt",1.33367103156686,0.309621422596131,0.208732980872282,1.48333733031667,0.137984808861441,0.17425443383494
"Gstt3",16.1058778505103,-5.75499627288938,0.294853459928248,-19.5181575087837,7.6963958311117e-85,3.47905301924061e-84
"Gstt1",1.20826174211155,0.225310964692769,0.213257622931123,1.0565200980672,0.290730663613058,0.331827717078859
"Gstt2",1.41537646091602,-0.836432187127036,0.208634439977734,-4.00908012702171,6.09557322472384e-05,0.00010077242195743
"Mif",2.12015144519499,1.01333248890604,0.20455477882589,4.95384412294056,7.27615017750882e-07,1.26964746537175e-06
"Derl3",42.9492358965618,-7.26312201950734,0.299480697659137,-24.2523878042186,6.23953435257686e-130,6.57323296073688e-129
"Smarcb1",1.38242648285128,0.442402141265571,0.209045306036333,2.11629789567569,0.0343194796141729,0.0483168650089009
"Chchd10",1.60121984890439,0.262442507731747,0.214583861554099,1.22303003511558,0.221318352249793,0.263883462481481
"Vpreb3",1.42335950377156,0.158322586719582,0.216036869579913,0.732849846544448,0.463650015263103,0.487610170176971
"Prmt2",1.16971187226286,0.108358765630011,0.215382035052514,0.503100296195042,0.614893758482322,NA
"Dip2a",1.35659901897284,-0.698479889569336,0.200274476959928,-3.48761310064033,0.000487352750142587,0.000780003481755114
"Pcnt",1.22032011902381,0.177723796180544,0.214004206934599,0.830468703051512,0.406273835671911,0.436795720715753
"2610028H24Rik",86.1076901968589,-8.29242064387668,0.261033899331455,-31.7676005496403,1.8145844317176e-221,5.36664630796934e-220
"Ybey",1.56810839532553,-1.29909779100558,0.210283319167991,-6.1778451859406,6.49823871026233e-10,1.19967483881766e-09
"Mcm3ap",1.18125641983904,0.138490142694625,0.214719476566973,0.644981745060417,0.518939015698463,NA
"Col6a2",1.44906147505992,-0.771097055825835,0.180944004212672,-4.26152311142363,2.03038351798453e-05,3.4073627917953e-05
"Col6a1",1.2594780383307,0.342218612361884,0.211358711928938,1.61913653446631,0.105417889561925,0.136580139864296
"Pofut2",1.24377163516108,0.271420156970788,0.212016858148634,1.28018195977845,0.200481149042154,0.242915550177492
"1810008A18Rik",1.27172399796684,0.289493419895605,0.211746049507972,1.36717270791258,0.171571177711048,0.211829792717247
"Itgb2",2.10028020011691,1.31457894958723,0.206023761986366,6.38071519960997,1.76262841796455e-10,3.28721698527151e-10
"Pttg1ip",1.41651282192474,0.587814043560007,0.206619479212411,2.84491106937558,0.00444238239035082,0.00675873974865382
"Sumo3",1.65487660088252,-0.119433773481551,0.195079194513273,-0.612232246393784,0.540384109539868,0.560740493350186
"Ube2g2",1.31330574885806,0.249949023014767,0.205802633030865,1.21450838278284,0.22455365070383,0.267588187803673
"1810043G02Rik",1.18475996827753,0.14836812631489,0.214515646909207,0.691642444048317,0.489161900054552,NA
"Pfkl",1.24466742431448,0.271509245014909,0.212007838691364,1.28065663369252,0.200314298252611,0.242915550177492
"Icosl",1.25216368525429,0.13847419712885,0.215031861654275,0.643970600745145,0.51959449833085,0.540189398685829
"D10Jhu81e",8.58586943325759,-4.5264600930507,0.27771637413227,-16.2988592487342,1.00551322317793e-59,3.11685215260618e-59
"Pwp2",2.76867822445847,-2.72256225263986,0.24376711319517,-11.1687020326654,5.80225342930908e-29,1.38870989917439e-28
"Trappc10",1.17351382257422,0.0981388937514454,0.215637809035266,0.455109863110302,0.649030202610973,NA
"Agpat3",1.61492630773974,-0.984264109643467,0.206050105476912,-4.77681924678149,1.78089719406163e-06,3.07925914309431e-06
"Rrp1",15.6640849688494,-5.09324650185943,0.282055369770342,-18.0576122553756,6.87319685242984e-73,2.51776053120588e-72
"Cstb",1.8459719180725,1.101213833053,0.20545209997832,5.35995413611838,8.32430824533723e-08,1.48278072140114e-07
"Pdxk",1.19641154541434,0.128488346419608,0.215019403264204,0.597566286897971,0.550129364843329,NA
"Ilvbl",1.19303990238302,0.158248651186579,0.214334888231264,0.738324276054541,0.460317417919161,NA
"Olfr57",12.5126324518477,-5.42056070511851,0.289978379420154,-18.6929822697732,5.64665326189385e-78,2.24233777307614e-77
"2610008E11Rik",1.17754249249134,0.11848474637092,0.215173332221403,0.550647913232132,0.581875057055996,NA
"Gm16517",1.35733844749499,0.466229434750141,0.208584362727043,2.23520799284584,0.0254036969990237,0.0362761040445641
"Cdc34",1.30681716434231,0.359420085309336,0.210510691958294,1.70737211476434,0.0877529099465725,0.116060506021613
"Bsg",2.0666343639167,1.31071451090486,0.201395976592299,6.50814645397927,7.60837247573838e-11,1.4299083464754e-10
"Hcn2",2.35644161695619,-2.45192653853884,0.238940325507956,-10.2616690310703,1.0487812498374e-24,2.37820943707699e-24
"Rnf126",1.24776401707851,0.25313210791415,0.212442987342685,1.19152960086101,0.233445743255835,0.276695742225986
"Palm",1.26954053192829,-0.231022822542453,0.20080153205853,-1.1505032863749,0.249936641422725,0.294845275205982
"Ptbp1",1.41237378508107,0.317014849397924,0.205097827849269,1.54567628883376,0.122182766482228,0.15703411080567
"C030046I01Rik",1.72131181792033,-0.154190638159193,0.194634957904172,-0.792204236173791,0.428241598940126,0.458594962861311
"Arid3a",1.21644675558513,0.215948041484337,0.213132211389979,1.01321165897916,0.31095907273673,0.351037806053935
"Wdr18",1.26405127664673,0.271457613895469,0.212091499744278,1.27990803131087,0.200577482728036,0.242915550177492
"ORF61",1.21655721725015,0.196977612579929,0.213529086375885,0.922486092752627,0.35627508120023,0.392000127749348
"Cnn2",13.5432281076652,-4.10836711480066,0.276398107635907,-14.8639480564481,5.64953153032477e-50,1.6212509394335e-49
"Abca7",1.21235707322455,0.177713202368336,0.213961191976409,0.830586148482152,0.406207462392942,0.436795720715753
"Hmha1",2.57192868923112,1.37981280911691,0.203934725611292,6.76595319890195,1.32434352923402e-11,2.51659017932347e-11
"Polr2e",1.57740065196081,0.630790136616625,0.206511550760739,3.05450292873666,0.00225433813424418,0.00348877707108052
"Gpx4",4.09952638326791,-0.435096416492755,0.216725148826325,-2.00759542143133,0.0446863015039799,0.0621784603094163
"Sbno2",1.18901947015295,0.1384853146502,0.214761960556108,0.644831674527479,0.519036273161258,NA
"Stk11",1.33088928649677,0.384837239461255,0.210023441041002,1.83235374848527,0.0668987341356538,0.0907396108063175
"Atp5d",2.55963176596494,1.42849099299296,0.201206645207704,7.09962134460489,1.2509916468092e-12,2.41992825508395e-12
"Midn",1.33074417180765,0.333565731316619,0.211003238962252,1.58085597622647,0.11391097222347,0.147046970803584
"Cirbp",1.46927872497811,0.528388660737992,0.207871873567301,2.54189588841571,0.0110253008916453,0.0162645388312529
"1600002K03Rik",1.43255586182532,-0.445387791436088,0.193735382625054,-2.29894914083954,0.0215078274924575,0.030877574122835
"Mum1",1.26299648630464,0.271380705717039,0.212084128938657,1.27958988291638,0.200689409840368,0.242915550177492
"Ndufs7",1.78264092664325,0.880031041770394,0.201611943078791,4.36497475462787,1.27137440738838e-05,2.14671661218417e-05
"Gamt",1.181249357163,0.148406524770007,0.214516246027479,0.691819512592982,0.489050681225989,NA
"Dazap1",1.50265932569746,0.558318962202244,0.207493619151655,2.69077653802054,0.00712859265278342,0.0106881290802153
"Rps15",16.9753234690946,4.02389514321771,0.213264539173666,18.8680929272586,2.08695038648693e-79,8.52082989242217e-79
"2310011J03Rik",1.38536466129556,0.41790889270172,0.209588375819782,1.99395071919955,0.0461574403634631,0.0640291891302889
"Mex3d",27.1173773632935,-6.58241310057432,0.301862935893649,-21.8059666089427,2.03659195787251e-105,1.39789743853971e-104
"Mbd3",1.38485082447598,0.409643756844339,0.209781805428905,1.95271346820002,0.0508535568931786,0.0701599668333274
"Uqcr11",2.17798804797169,1.39545675059005,0.203350376569222,6.86232685738366,6.77478287630505e-12,1.29611019293796e-11
"Tcf3",1.35780909220263,0.232654704505989,0.206324046216329,1.12761798138668,0.259481289392063,0.303289818769944
"Rexo1",1.3231501894605,0.234685861396982,0.213099021031565,1.10129957547867,0.270766295887441,0.313612304841683
"Klf16",1.18137693083083,0.0981398135745882,0.215666852107649,0.455052840135128,0.649071224811187,NA
"Fam108a",1.5211238973665,0.144428993915991,0.194852810300624,0.741220994930289,0.458559455561075,0.485759357622077
"Adat3",1.25677597986135,-0.424039195287282,0.199465090597703,-2.12588174710992,0.0335131070759787,0.0472232201205585
"Scamp4",1.29485831639632,0.228015032325216,0.208935219561971,1.09131927495635,0.275132419235426,0.31791726140762
"Csnk1g2",1.3467408441553,0.367978671485575,0.210443078101198,1.7485900453738,0.080361908258099,0.107070031986257
"Btbd2",1.20464694008086,0.127656633605279,0.213585706918953,0.597683409844082,0.550051197252523,NA
"Mknk2",1.49230072587827,0.580551658225602,0.206841544054354,2.80674591209319,0.00500446984891942,0.0075895794919696
"Mob3a",1.29833760488882,0.321410602038605,0.209810901089538,1.53190611340753,0.125545604704837,0.160251120860808
"Izumo4",1.1935818577539,0.138529615316129,0.214766935200365,0.645023011511941,0.51891227345489,NA
"Ap3d1",1.22455685994577,0.187378558929679,0.213788394278941,0.876467403956439,0.380775989192918,0.414225210457603
"Plekhj1",1.6716367752457,0.67935574825784,0.206160728073687,3.29527235669744,0.000983263321248397,0.00155181694237842
"Sf3a2",3.85361664885712,-3.18224583583891,0.243459163537532,-13.0709634815135,4.82504978006863e-39,1.27302298973759e-38
"Oaz1",4.12189717588628,-1.06735765577932,0.218737101594432,-4.87963700716097,1.06281270745788e-06,1.84713911534215e-06
"Lsm7",1.46798539479636,0.453430485390562,0.207889343046694,2.18111461965954,0.0291749397715094,0.0413278658364394
"3110056O03Rik",1.71497259973529,-1.49288646830698,0.196544934851312,-7.5956496637085,3.06252045115041e-14,6.07153693695599e-14
"Timm13",2.08255985999556,0.510448938370597,0.192181665468536,2.65607511063102,0.00790560040128056,0.0118075061787366
"Gadd45b",1.3104835858702,0.225436985405046,0.214670402917853,1.05015401443725,0.293647308140252,0.334644459882571
"Slc39a3",1.20078842582674,0.158229956028523,0.214336503984256,0.738231486877968,0.460373792115004,NA
"Sgta",12.663251428966,-5.03380718965459,0.274645712134127,-18.3283662087404,4.91445946464144e-75,1.871833521009e-74
"Thop1",1.18523394449417,0.138506023589766,0.214747765312715,0.644970732934398,0.518946152098866,NA
"Map2k2",1.65947741860577,0.816180494810661,0.203986894488724,4.00114182264673,6.3037559835317e-05,0.000104164628787703
"Zbtb7a",1.66024563656621,0.162767395915926,0.193497643188087,0.841185418251891,0.400244068139023,0.433729299498796
"Eef2",6.80897398939387,3.031915584177,0.216358277018586,14.0134023341134,1.2907030102678e-44,3.55258091937669e-44
"Dapk3",1.31053448934733,0.350805902247381,0.210586274566066,1.66585359359365,0.0957425785483891,0.125666648232987
"Matk",1.21271308957709,0.158242756694134,0.214421564734494,0.737998330019077,0.460515463938179,0.485759357622077
"Mrpl54",1.56514335888487,0.651831420442808,0.205950570409764,3.16498963390055,0.00155088476342223,0.00242311238104281
"Pip5k1c",1.33086829930719,-0.0523335100122151,0.199126619545532,-0.262815238523388,0.792692989669505,0.803233505983658
"2510012J08Rik",1.24016861171486,0.241591095479179,0.211154864738594,1.14414174534062,0.252564857588436,0.295622498817627
"Tbxa2r",1.23627947893444,-0.0601666706896798,0.208981845095007,-0.28790381605793,0.773420365748946,0.784770980505297
"Hmg20b",1.3257905094148,0.384715161277577,0.210049683211069,1.83154363956357,0.0670194403258832,0.0907998862096847
"Fzr1",1.22026949515462,0.243950679981189,0.212526857133025,1.14785812613083,0.251027136988322,0.294845275205982
"Dohh",1.31054661639041,0.333537559037913,0.211006486821351,1.58069812953335,0.113947076267019,0.147046970803584
"Nfic",1.32178204643616,0.450274524295521,0.20915364060187,2.1528409594009,0.0313311798652815,0.0442502053292125
"Ncln",1.25182894931235,0.26231256404844,0.212273006173763,1.23573208283353,0.21655816783976,0.259521314600617
"S1pr4",1.50144701398056,0.505530352213384,0.208853746478306,2.42049932422876,0.0154992081010464,0.0225899389326993
"Gna15",1.23179027307253,0.253140383257502,0.212396619363004,1.19182868360472,0.233328426296056,0.276695742225986
"Gna11",1.25207676749213,0.298421138305078,0.211470120737943,1.41117401013303,0.158193311549546,0.197436157265757
"Aes",3.77865579713256,-1.86303732558413,0.235862247763238,-7.89883647447588,2.81518925477682e-15,5.66401538251493e-15
"Sirt6",1.26253878744072,-0.202579675947253,0.201410175698931,-1.00580655989333,0.314508631126707,0.353593593470043
"Zfp433",1.18537431939437,0.098164843460218,0.215680978428836,0.455139086327019,0.649009179907112,NA
"1190007I07Rik",1.26034689120297,0.215968518121322,0.213288518852083,1.01256513610608,0.311267919663742,0.351037806053935
"Nfyb",1.63424048496372,-0.923658349407135,0.202824839087738,-4.55397057658989,5.26427222427599e-06,8.98757187595116e-06
"Txnrd1",1.29738887141575,0.122993992718701,0.205985937925886,0.597098976547391,0.550441301175758,0.569195319323794
"D10Wsu102e",1.79238336793326,-1.41196731170068,0.214296690330641,-6.58884329721626,4.43266318684337e-11,8.3547578390765e-11
"A230046K03Rik",1.51569725319037,-0.503281159309083,0.196940049657682,-2.55550437904266,0.010603402690164,0.0156665049653711
"Ckap4",1.22806556368861,0.174765970463013,0.211219512123097,0.827413948201722,0.408002477463994,0.437819494780974
"Tcp11l2",17.5965216947058,-5.49480737547155,0.280746112967135,-19.5721583369341,2.67125615977358e-85,1.21834488021128e-84
"Polr3b",6.57349908504859,-4.34367922998499,0.271154942421847,-16.019177785177,9.38834775837397e-58,2.86173286415837e-57
"AI597468",1.18914589993422,0.158260620959405,0.214319895772154,0.73843177456401,0.460252111876099,NA
"Cry1",1.87145808361868,-1.60233379509265,0.217565735828606,-7.36482603287743,1.77378030958068e-13,3.47434642251825e-13
"Pwp1",1.25036302216168,-0.100637127516317,0.204496041479659,-0.492122619040167,0.622632663054337,0.638660346068705
"Prdm4",1.33827788128928,-0.636181810752051,0.200785055361145,-3.16847192440579,0.00153242549048282,0.00239714146248736
"D10Wsu52e",1.59050910405663,0.623787277105821,0.206702493291241,3.01780238435206,0.00254614879971338,0.00392640967045904
"Fbxo7",1.18923640370797,0.108336129606172,0.215467938162532,0.502794664162293,0.615108645508748,NA
"Timp3",1.43243700888323,0.679476522629489,0.208985063507653,3.251316200426,0.00114872022625294,0.00180693674281765
"Hsp90b1",2.48460373638259,1.41499566291141,0.210962355769355,6.70733722967346,1.98207850908313e-11,3.75756303519663e-11
"Nup37",1.18130318235164,0.118456634067467,0.215187470330305,0.550481093930051,0.581989440827726,NA
"Ccdc53",1.32318339100039,0.298410220558942,0.211747464214161,1.40927411653502,0.158754129309509,0.197436157265757
"Dram1",1.17719532182576,0.148400756794434,0.214486658989404,0.691888052588693,0.489007634108434,NA
"Gnptab",1.1812638969305,0.0878732170789628,0.215909720957391,0.406990554613815,0.684014925493266,NA
"Chpt1",1.19300351642235,0.177747445068316,0.213956835006873,0.830763107252949,0.406107467886355,NA
"Mybpc1",1.46381582145275,-1.13181626927822,0.179653870556788,-6.29998265982505,2.97678944278196e-10,5.52885283448561e-10
"Arl1",1.17685566538422,0.0265207381680841,0.21300525613723,0.124507435398674,0.900913513593933,NA
"Utp20",1.19724735733688,0.118471139544983,0.215273240289363,0.550329150923439,0.582093633441459,NA
"Actr6",1.18165736430918,0.108354815196731,0.215427667465463,0.50297539063362,0.614981574424159,NA
"Uhrf1bp1l",1.23684177347016,0.158270713989239,0.214462522330946,0.737987748484117,0.46052189411657,0.485759357622077
"Apaf1",9.96176607166869,-4.8996843391413,0.274840794036721,-17.827354764834,4.33449503787818e-71,1.54391430213061e-70
"Ikbip",1.18129913680489,0.148416077960605,0.214503046816959,0.691906619336985,0.488995973458262,NA
"Slc25a3",2.77578598495924,1.56828779179164,0.198711938250211,7.8922675990252,2.96744581508367e-15,5.96689797948257e-15
"Tmpo",1.58703511906605,0.699494348087861,0.20655766817167,3.38643611868484,0.000708067593941421,0.00112446390032681
"Nedd1",1.20483138294231,0.16801760743099,0.214155490082737,0.784558954645888,0.432712203373459,NA
"Cdk17",1.2565927782707,0.216037877520841,0.213260859488837,1.01302169577043,0.311049798045961,0.351037806053935
"Mir1931",1.22115403199751,0.18578720396967,0.212322515790675,0.875023561574762,0.381561085748806,0.414641290070195
"Elk3",2.0386846564922,-1.38579640085382,0.210105469967276,-6.59571786050912,4.23203070607852e-11,7.97948357801331e-11
"Lta4h",1.28718588357624,0.271408645185664,0.212163126201971,1.27924512635288,0.200810749368033,0.242915550177492
"Snrpf",2.30635025040649,1.26076361167331,0.198677450559538,6.34578110461258,2.21299708614308e-10,4.12050821817973e-10
"Metap2",1.72042622407967,0.876807523238863,0.204400200540269,4.28966077783334,1.78946230257652e-05,3.0069187894574e-05
"Ndufa12",1.54271053564136,0.565739838999286,0.207471554982141,2.72683086145464,0.00639458079229761,0.00962228646174503
"Tmcc3",3.077860791233,-2.60806158167814,0.246862236214542,-10.5648462951277,4.3367853917262e-26,1.00279157230613e-25
"Ccdc41",1.87472506182768,-1.50122374535661,0.220947482347746,-6.79448224258949,1.08702203911965e-11,2.06938550116869e-11
"Plxnc1",1.216631263896,0.158243975345881,0.214407186406834,0.738053504632143,0.46048193628859,0.485759357622077
"Cradd",70.3050653837316,-7.84331221720771,0.256192540066338,-30.6149125777697,7.75044614112231e-206,2.00283806221081e-204
"Socs2",1.2564660897633,0.324942727451732,0.211405544142304,1.53705868391513,0.124278939343168,0.158789882112676
"5730420D15Rik",136.474703838036,-8.96228163269817,0.232000055347754,-38.6305150628704,0,0
"Mrpl42",1.4630272475658,0.535823998414053,0.207864483669378,2.57775637740171,0.00994440813699988,0.0147178368231186
"Ube2n",1.70955839298473,0.80989118657941,0.20460545048029,3.9583069985588,7.54828989267417e-05,0.000124355604354613
"Nudt4",1.33027626805693,0.450347373037768,0.208824924608914,2.15657864539482,0.0310385098981139,0.043914086371637
"Eea1",1.27920449702903,0.26228778363856,0.212474830570503,1.23444166508714,0.217038371434673,0.259521314600617
"Btg1",6.52027899688992,3.02419582886675,0.212139282410791,14.2557087706681,4.13086847463041e-46,1.14911449174371e-45
"Gm10754",6.64969987084643,-4.41074931756722,0.276513172986826,-15.9513171467507,2.78950996584879e-57,8.46583838472713e-57
"Gm8633",20.35434154679,-6.16336037643187,0.276461957733812,-22.2937015528414,4.25331297299364e-110,3.19227803292981e-109
"Atp2b1",1.66673415512603,0.834563690369299,0.204320451639313,4.08458225142608,4.41561837289544e-05,7.33360735173853e-05
"Dusp6",1.29504821030541,0.350846289975586,0.210647789590081,1.6655588490073,0.0958013131617375,0.125704284527816
"Gm18409",6.61132295750166,-4.40088188240243,0.268777794720942,-16.3736810437471,2.94829697112831e-60,9.20185960495653e-60
"Kitl",1.21278347677648,0.234710190561038,0.212893686763606,1.10247604862824,0.270254765664698,0.313589896068377
"Gm4301",2.25463952444952,-2.34838056486384,0.230874950628067,-10.1716559482757,2.65358426582269e-24,5.98216794109024e-24
"1700017N19Rik",13.9498412792121,-5.58844651618336,0.278192854875756,-20.0883898282694,9.32369642393153e-90,4.67752958509588e-89
"Rassf9",17.0504868161149,-5.87381177795147,0.279651004483402,-21.0040789547748,6.01893749013387e-98,3.58867546527685e-97
"Slc6a15",12.9915498036726,-5.47864971367545,0.285789466208678,-19.1702297021509,6.56184280391797e-82,2.79957657837775e-81
"Ccdc59",1.33806680190606,0.33356336567699,0.211185306646567,1.57948188239834,0.114225568955004,0.147224066653116
"Lin7a",1.53366542585817,-1.29031234189542,0.207435514771729,-6.22030583005682,4.96186764516273e-10,9.18147788293139e-10
"Ppp1r12a",1.5083125828018,0.535974707309366,0.207802098856453,2.57925550443843,0.00990135216366032,0.0146561912078
"Csrp2",1.2601482176333,0.316139781873099,0.211621172057506,1.49389486316232,0.135203101294671,0.170977867265806
"Osbpl8",1.31691811116279,-0.385215545497106,0.201016944075088,-1.91633370644224,0.0553226331342488,0.0760558717305185
"Nap1l1",2.10493466799229,1.09663693769103,0.206290535129582,5.31598280552315,1.06083167451857e-07,1.88415833310205e-07
"Phlda1",1.34091980905767,0.489702804597158,0.209238970207205,2.34039961156478,0.0192631163309786,0.0278079278892999
"Krr1",1.26757399259501,0.25317205488755,0.212480719777761,1.1915060112388,0.233454998202512,0.276695742225986
"Glipr1",1.45181153856491,0.616685780734807,0.20662811470091,2.98452019284717,0.00284023453983675,0.00436766071525934
"Caps2",9.45096001562653,-4.98027723782986,0.282093560141315,-17.6547002183779,9.36294811586749e-70,3.26265615252525e-69
"Atxn7l3b",1.63744146480655,0.706569093110844,0.205735834081344,3.43435112442046,0.000593974247442415,0.000946586955166969
"Tph2",2.96852852336804,-2.94781193126037,0.2505994345453,-11.763043027647,6.05132599711753e-32,1.49246027427137e-31
"Tbc1d15",1.29505911312477,0.271422392688282,0.212298484831333,1.27849425257991,0.201075209994508,0.242994003049273
"Rab21",1.18512368479771,0.107748815507416,0.213976040790039,0.50355551541933,0.614573759356154,NA
"Tmem19",1.23584331812692,0.253136458928161,0.212384078579933,1.19188058078888,0.2333080735784,0.276695742225986
"Thap2",1.1933970530153,0.046632122116621,0.213979613914065,0.217927872957789,0.827485309559398,NA
"Zfc3h1",1.25233741843195,0.196981478705845,0.213668111761386,0.921903961625421,0.356578672545467,0.392000127749348
"Tspan8",1.23655460913815,0.289517028603914,0.211779331738939,1.36706932742994,0.171603576300862,0.211829792717247
"Ptprb",1.68537539262731,0.0574399191848793,0.204673864870595,0.280641200678923,0.7789856118498,0.790110734257447
"Cnot2",1.35425733841252,0.426137676750849,0.209347230253497,2.03555440516142,0.0417951201711543,0.0583499671819806
"Rab3ip",1.41401457492299,-0.578050590822032,0.194344056939123,-2.97436721207843,0.00293593496155246,0.00450884980856247
"4933412E12Rik",23.9877789655368,-6.36670916300039,0.288409995793884,-22.075202856528,5.47182137443779e-108,3.94787941597309e-107
"Cct2",1.75043846065014,0.847013650307611,0.203615296334395,4.15987239444217,3.18425447560945e-05,5.31557670696557e-05
"Yeats4",1.58913018159296,0.00019610469650253,0.195711184314203,0.00100201067808008,0.999200511283985,0.999200511283985
"Lyz2",16.3916068684889,4.91358237244904,0.335882124986959,14.6288891456782,1.83762978152632e-48,5.20337806323158e-48
"Lyz1",21.7631164151831,-0.48005124287541,0.354282528401181,-1.35499553150928,0.175418980715822,0.215557222066052
"Cpsf6",1.33483406250823,0.289421159020898,0.211996949041505,1.3652137935449,0.172185864278488,0.211958545344584
"Cpm",1.20532806332229,0.108341137135603,0.215539647267631,0.502650619081129,0.615209933710262,0.631480848287792
"Mdm2",2.08439185011602,-1.70048212167192,0.220287201856926,-7.71938681565517,1.16890664874658e-14,2.328890345976e-14
"Nup107",1.30519382311931,-0.49084106022292,0.202689297612878,-2.42164271130087,0.0154505330437742,0.0225221397622176
"Rap1b",2.73221931636014,1.77885313868231,0.206220894013986,8.62595978544092,6.35573525674583e-18,1.32416436001649e-17
"Ifng",3.83960748610994,-3.39947854201203,0.256766274793315,-13.2395835268804,5.18354669117848e-40,1.3801639238945e-39
"Cand1",1.27809533123889,-0.0887699654806853,0.202563592510997,-0.438232578620297,0.661217694391227,0.675781960787509
"1700025F24Rik",11.3585450211817,-5.26981820793516,0.283887099083659,-18.5630774520761,6.39350594235803e-77,2.50556313957274e-76
"Helb",6.53107512609065,-4.30816630506678,0.272435671695452,-15.8135176581529,2.51049177215574e-56,7.56189674013442e-56
"Irak3",1.25834082285532,-0.199187698879927,0.203130432017118,-0.980590140541526,0.326794898319428,0.366893078659515
"Tmbim4",1.4199909347365,0.543348398785569,0.207394301046205,2.61988104805502,0.0087960442611711,0.0130812965935365
"Llph",1.80513754887499,0.335187852740217,0.193787688130104,1.7296653671578,0.0836900797946761,0.111090201278629
"Gm15910",2.36453222068296,-2.44718676523296,0.23594736304629,-10.3717487393697,3.33367438413384e-25,7.63068637806562e-25
"Lemd3",1.51755031066164,-1.13678187387762,0.210821152179609,-5.39216232396426,6.96148367113198e-08,1.24256949096628e-07
"Tbc1d30",2.7742242558362,-2.80877438555975,0.244799945407622,-11.4737541337389,1.78733440200525e-30,4.33948166440346e-30
"Gns",1.33702294986204,0.442179383159508,0.209052444090861,2.11516007422196,0.0344163065263102,0.0484305486096076
"Rassf3",1.30181369152965,0.409615460868812,0.209544633444348,1.95478860105286,0.0506080271591151,0.0699798415286306
"Tbk1",1.25968705279809,0.262336414705007,0.212256019952532,1.23594334221321,0.216479624710709,0.259521314600617
"Xpot",1.20083017578687,0.0570969910338209,0.212337126522339,0.26889782285819,0.788008312397142,NA
"BC048403",11.2977281519218,-5.23885330181889,0.255849312368589,-20.4763235567018,3.50107071655349e-93,1.87538113293065e-92
"Tmem5",1.25977800786325,0.268694156283105,0.210684621682624,1.27533824793281,0.202189545456912,0.244112547713524
"Gm4489",8.55256716096392,-4.82107364028061,0.270935285450843,-17.7941888678628,7.83942828248825e-71,2.77718463756964e-70
"Avpr1a",1.9946048479792,-2.05135030210495,0.227846762281898,-9.00320145680617,2.19229562444662e-19,4.65762440358622e-19
"Ppm1h",1.65107920837666,-1.06393112691056,0.216403711512182,-4.9164181125917,8.81420419882679e-07,1.53546290398384e-06
"Mon2",18.0854393015631,-5.90873403115834,0.283894422618371,-20.8131388304913,3.29077738615256e-96,1.8773615252149e-95
"Usp15",2.5474716953534,-2.29895779763746,0.238988664036756,-9.61952654492385,6.61348651515328e-22,1.45113071076503e-21
"4930503E24Rik",35.9678558932814,-6.95897829235484,0.269156162994607,-25.854798251431,2.14885341674294e-147,2.88355137156764e-146
"Lrig3",2.41643563742298,-2.4819907641947,0.241417351969917,-10.2809128836107,8.59099915367871e-25,1.95275486968007e-24
"Ctdsp2",1.27076041497273,0.350793653360989,0.210508126583878,1.66641382949752,0.0956310181816476,0.125633284354681
"Tsfm",2.73417513141117,-2.52229923482126,0.244049437052419,-10.3351979225402,4.88402820009933e-25,1.11403221343756e-24
"LOC100504608",91.746364639379,-8.38483840123301,0.264623159091083,-31.6859583644641,2.4256103704264e-220,7.09338158746543e-219
"Mettl1",1.18511070790892,0.108333401726188,0.215438920984086,0.502849722934649,0.615069931761187,NA
"Cdk4",1.47496341480071,0.537578381504788,0.206547486197214,2.60268663348197,0.00924964553127357,0.0137226516053
"Tspan31",1.36183149728887,-0.0796444240856048,0.192889141671611,-0.412902579146719,0.679677991370139,0.694173178429295
"LOC100504703",2.73290710671855,-2.75367923606599,0.247493324559164,-11.1262768035092,9.34580937471555e-29,2.23017713993212e-28
"Os9",2.42442883385079,-1.63415281689627,0.222161933747073,-7.35568325920644,1.89952953193536e-13,3.71647082335179e-13
"B4galnt1",1.95155748784932,1.04558851924638,0.204637018787343,5.10947884914679,3.23048651238776e-07,5.67686907748329e-07
"Arhgef25",1.82780793351373,-1.79735090392223,0.219631819243223,-8.18347227699198,2.75779745075782e-16,5.63542873084981e-16
"Dtx3",1.23542817849313,0.105612842915701,0.208586966701336,0.506325225328783,0.612628357414974,0.62988379470281
"Pip4k2c",31.012090397793,-6.61800072410253,0.277374376611315,-23.8594523580537,8.07899521880978e-126,7.99475924970371e-125
"Dctn2",59.9091173495953,-7.26535178070413,0.243723392869095,-29.8098253728413,2.91391391995317e-195,6.88263830866768e-194
"Mbd6",1.20897758674932,0.137527461028375,0.213361697298903,0.64457427349629,0.519203111111707,0.540189398685829
"Ddit3",12.3239869564953,-5.1435891231154,0.286300610417432,-17.9656938754547,3.61726605232411e-72,1.30944027691622e-71
"Mars",1.66791589146039,-1.35021598722723,0.208447378757666,-6.47749084336987,9.32604306290871e-11,1.74863307429538e-10
"Arhgap9",1.56011583180369,0.610986960995165,0.203081711627326,3.00857697179736,0.00262474304401078,0.0040464142615878
"R3hdm2",1.24014496680855,0.204571000282958,0.211969168986436,0.965097902025785,0.334495777674176,0.371661975193529
"Shmt2",1.23980890252675,0.158245977953231,0.214539040822514,0.737609235813382,0.460751941404073,0.485759357622077
"Lrp1",1.39424694813088,0.609096231463292,0.207724051633505,2.93223739222044,0.00336529398096038,0.00514779035329324
"Stat6",1.33008449594614,0.359393870023988,0.210483041537228,1.70747185806141,0.087734384160848,0.116060506021613
"Nab2",1.24068931847534,0.177764197012165,0.214061806240748,0.830433976681667,0.406293462222465,0.436795720715753
"1700012D01Rik",13.4213156079485,-5.52889230403704,0.289432947770435,-19.1024979934983,2.40691383985454e-81,1.01651215566672e-80
"Tac2",3.0771900126795,-3.02233700631876,0.25125781888102,-12.0288276789903,2.50695108110544e-33,6.26287850843283e-33
"Zbtb39",1.47343123559631,-1.04233455456192,0.21288064682433,-4.89633308668994,9.76415089513251e-07,1.69924546333028e-06
"Gpr182",30.6138213619016,-6.61865730762236,0.282833281567029,-23.4012675981832,4.14844797885202e-121,3.81248212140978e-120
"Rdh1",1.18021854917191,-0.19587309933005,0.206665851559642,-0.94777679936892,0.343243093966307,NA
"Rdh9",41.00884512448,-7.19515224267648,0.29652891555428,-24.2645889330122,4.63864986924117e-130,4.90156929502812e-129
"Prim1",3.44549633319798,-3.18889475335545,0.258111899315699,-12.3546987248933,4.59474252744344e-35,1.16401630639431e-34
"Naca",6.56242896521584,0.873419842504125,0.186563089112496,4.6816326137131,2.84599193390768e-06,4.89895396372566e-06
"Ptges3",1.98099298361168,-0.104243907686359,0.191098009795588,-0.545499703517928,0.585409884381163,0.602729703445694
"Atp5b",3.34790107017077,0.64245113636714,0.193257749917719,3.32432275880614,0.00088633552625514,0.00140180925528006
"Mir677",5.89553491779853,-4.20939795371767,0.279000344064591,-15.0874292568727,1.95928547233176e-51,5.68508625101267e-51
"Baz2a",1.29472256462579,0.262276474950027,0.212429093852064,1.23465420952498,0.21695922454972,0.259521314600617
"Rbms2",1.36600091686684,-0.520912854133353,0.200192984237193,-2.60205349412327,0.00926673964748529,0.0137460588121265
"Gls2",14.7874045589656,-5.6778945525127,0.28309772732844,-20.0563056655181,1.778142232045e-89,8.8441185814911e-89
"Mip",3.14700616312671,-3.06715641511398,0.252796669148078,-12.1328988449502,7.07015551200481e-34,1.77561759791509e-33
"Timeless",1.18096527570311,0.0569765309591795,0.213715149415163,0.266600337482379,0.789776895763586,NA
"Apof",11.2716369178943,-5.25763052374945,0.277926727714563,-18.9173260412333,8.21162223773557e-80,3.37251519126512e-79
"Stat2",1.37376626542135,-0.504648891732577,0.202026535935148,-2.49793369666336,0.0124919555914747,0.0183477794562459
"Il23a",3.04395621643323,-3.0012751421058,0.247873571812204,-12.1080884910944,9.56983749385438e-34,2.39935406906436e-33
"Pan2",1.67108877614422,-1.44932703521762,0.216472350672366,-6.69520625020235,2.15367656874039e-11,4.07990988525669e-11
"Cnpy2",1.41581265536378,0.520617771095483,0.207773436500614,2.50569938036301,0.0122209475086324,0.0179750200042437
"Cs",1.38830767843823,0.409606603431625,0.209860596927632,1.95180328955641,0.0509615635915703,0.070236135167788
"Coq10a",1.17715791764681,0.138477359470808,0.214703349699218,0.644970652133765,0.518946204461846,NA
"Obfc2b",1.38904061378652,0.45827510250734,0.208778424956399,2.1950309405919,0.0281613783541781,0.0400302418482092
"Rnf41",1.2241955369717,0.0474812089398624,0.209906837304545,0.226201345080407,0.821044824499876,0.82994848642319
"Smarcc2",1.23244945572545,0.177749069485149,0.214004386586093,0.830586103026634,0.406207488080487,0.436795720715753
"Myl6",6.2677802399255,2.20124576395162,0.185229943517279,11.8838548571186,1.43589460546352e-32,3.55736584742268e-32
"Myl6b",106.937784051758,-8.57591393480292,0.224965690272225,-38.1209860242486,0,0
"Esyt1",1.51425887203381,0.544878569989108,0.206570344830195,2.63773858942342,0.00834608914657653,0.0124298389001796
"Zc3h10",1.25490524896134,-0.142800615228667,0.202837840629072,-0.70401368297844,0.48142425248331,0.505742523236642
"Rpl41",26.0675527021155,5.03437924646861,0.223344742726905,22.5408450855027,1.65136614617162e-112,1.3070707025043e-111
"Pa2g4",1.59552023974296,0.273713427721252,0.19987414308091,1.36942889911704,0.170865245898042,0.211756073976206
"Erbb3",25.7100652317674,-6.51363962236838,0.274046035304929,-23.7684140006649,7.08849693400398e-125,6.87768661626408e-124
"Rps26",9.24982119847198,3.14356997653285,0.207960633479926,15.1161781147213,1.26684925067734e-51,3.68102036656596e-51
"Ikzf4",5.58440105722993,-4.11609971530483,0.254140710007954,-16.1961447073002,5.36892482282169e-59,1.65343879499287e-58
"Suox",13.1695003635041,-5.45447306068715,0.287659003952259,-18.9615933648731,3.54247930621118e-80,1.46527273997008e-79
"Rab5b",1.23973262722341,0.234636884361202,0.212816882587925,1.10252946809454,0.270231554632342,0.313589896068377
"Cdk2",1.18512674862748,0.0463488256584228,0.215449450644385,0.21512621879424,0.829668912789714,NA
"Dgka",1.33186014644312,0.35096490330953,0.210957878303447,1.66367289115742,0.0961778165423832,0.12593708826069
"Wibg",1.74757611343083,-1.0928314662283,0.214408978937812,-5.09694823249578,3.45172669053012e-07,6.06054938599638e-07
"Mmp19",3.77951884692358,-3.3713248256622,0.251994292896678,-13.3785761054696,8.06781325803421e-41,2.15913792396506e-40
"Dnajc14",1.38681088682952,-0.0484141037148976,0.193159305509353,-0.250643392961223,0.802089829592722,0.812439877844962
"Ormdl2",1.38469000781816,0.162765679445251,0.200787602055803,0.810636103916492,0.417574676974784,0.447493289634238
"Sarnp",1.79749475914228,0.803824156160463,0.205126853929448,3.91866857392028,8.90394465368248e-05,0.000146435384663587
"Gdf11",2.05019720528586,-2.12271987520676,0.224822048761004,-9.44177800578316,3.6650660762564e-21,7.95991051302617e-21
"Cd63",2.48741407145249,-1.7692223475432,0.229285054922035,-7.71625672743824,1.19795897613338e-14,2.38631782309339e-14
"Bloc1s1",1.8103396364556,0.924063935215824,0.202707940685401,4.55859761631122,5.1496328021274e-06,8.79760537624121e-06
"Olfr9",5.25548366163528,-4.0124472437935,0.274267656557078,-14.6296770613142,1.81647275012147e-48,5.14486584679006e-48
"Olfr763",15.3055257948185,-5.73060121190456,0.291939024169154,-19.6294456632292,8.66549200352408e-86,3.99769052217372e-85
"Olfr765",28.6238019604251,-6.67364792039029,0.301029237134417,-22.1694343842433,6.77564392555157e-109,4.99207639963009e-108
"Olfr769",11.7373177663386,-5.32134010533786,0.290107686464755,-18.3426374191721,3.78005360757192e-75,1.44397217940179e-74
"Olfr771",9.97107315446699,-5.06519663317046,0.284341150755649,-17.8138008505257,5.52288055283167e-71,1.96318940999532e-70
"Olfr772",11.0357263673606,-5.22486460684559,0.285513385040768,-18.2998937373796,8.29104361427642e-75,3.13731407513758e-74
"Olfr773",15.3197562244351,-5.73209780195483,0.29275541336311,-19.5798183067078,2.29838815849708e-85,1.0487400513422e-84
"Olfr790",3.88482890001338,-3.471364285686,0.257393720313876,-13.4865927632301,1.87570563432027e-41,5.03532188796698e-41
"Olfr792",11.7237857346099,-5.3193451125638,0.268248528139801,-19.8299135113672,1.64322064035159e-87,7.86936857122503e-87
"Olfr794",29.3014631719624,-6.70845255182271,0.289095181449999,-23.2049960783694,4.05397162288566e-119,3.58369718399038e-118
"Olfr802",17.1791324246322,-5.90659979085765,0.288055563409087,-20.5050710389137,1.9398614173725e-93,1.04608229325252e-92
"Olfr807",3422.98603127389,-13.6197216577426,0.176722626460816,-77.0683524260684,0,0
"Olfr810",589.312989056687,-11.0797870166411,0.199438297778803,-55.5549618104425,0,0
"Olfr812",4.36854998422929,-3.68700681924124,0.266003286590356,-13.8607566338803,1.09513738434243e-43,2.98986252419848e-43
"Olfr820",21.4731697731158,-6.24389051353608,0.277110559791958,-22.5321276757685,2.0106297937373e-112,1.58542107602851e-111
"Olfr821",20.9274231806813,-6.2051566057441,0.298609883718222,-20.7801447443029,6.54609882887493e-96,3.71451889070277e-95
"Olfr822",36.0098374093216,-7.01403830243282,0.284860672244641,-24.6226979918418,7.21867592368624e-134,8.06884118236449e-133
"Olfr824",97.8253276925021,-8.47829833838737,0.19881583084221,-42.6439801220666,0,0
"Olfr825",178.852361935101,-9.35460209694768,0.237002937635643,-39.4704056847135,0,0
"Tespa1",2.29933107969214,-2.07586924395337,0.2322838993981,-8.93677628683013,4.00688440197678e-19,8.47657004187184e-19
"Pisd-ps1",1.19326772609919,0.118462092740497,0.215258911387915,0.55032375652508,0.582097332728534,NA
"Sfi1",2.2417589293574,-2.24809390816425,0.232097657943662,-9.6859827371026,3.4586604744362e-22,7.61138603564796e-22
"Eif4enif1",1.2475745027213,0.0765767157546784,0.208169198268937,0.367858051966687,0.712979080039849,0.726549692105029
"Drg1",1.40493336234885,0.442266380554835,0.209176000768406,2.11432659067089,0.0344873827613547,0.0484913503068745
"Patz1",1.18145887457439,0.0981501224955725,0.215693834336049,0.455043709513994,0.649077793458387,NA
"Gm11944",2.190146846616,-2.26834788823188,0.225367999065341,-10.0650842073378,7.88198530587414e-24,1.77039428987362e-23
"Pik3ip1",1.3038832004418,0.301617069023161,0.213270172591875,1.41424872197366,0.157288887073629,0.19654051239362
"Limk2",1.21903514998748,-0.107220365144822,0.207368207089521,-0.517053055768259,0.605119122690029,0.622653621218598
"Rnf185",1.20495328167694,0.177761875881277,0.213907171863022,0.831023449719156,0.405960382280743,0.436795720715753
"Inpp5j",34.5478892469564,-6.95279765075829,0.27192171343129,-25.5691153274346,3.36599554418287e-144,4.35452211663807e-143
"Selm",1.34924430965435,0.528243791891732,0.208545697607062,2.53298820331954,0.0113094758891858,0.0166625639688258
"Tug1",4.89937952585336,-3.73177849652371,0.259103832146413,-14.4026372192557,4.98061437388217e-47,1.39478578496056e-46
"Morc2a",23.5237191914976,-6.33725341853031,0.290872214410429,-21.7870704198245,3.07717590476936e-105,2.10522388242412e-104
"Slc35e4",1.18514138863639,0.168035921670233,0.214066204961012,0.784971741339728,0.432470137159857,NA
"Tcn2",1.3807239197988,0.552373901392037,0.206512003447417,2.67477866744286,0.00747786004758989,0.0111958782298635
"Pes1",1.33763065221588,0.393065917124244,0.209938758061801,1.8722884747586,0.0611667043934942,0.0834339453467411
"Rnf215",1.18539485092146,0.138503893956037,0.214749059182877,0.644956930116699,0.5189550970766,NA
"Sf3a1",1.2401008526442,0.22534709944721,0.212996131620933,1.05798681756464,0.29006145236817,0.331827717078859
"Tbc1d10a",1.2556882767777,0.243965454849453,0.212670663253282,1.14715142708188,0.251319042438687,0.294845275205982
"Osm",1.31932234703691,0.450439358150841,0.209646278643075,2.1485683460078,0.0316686331578453,0.0446784500226899
"Mtmr3",1.19324176050196,0.177767067618884,0.213876592392744,0.831166541556116,0.405879553278333,NA
"Uqcr10",2.32368171690158,1.48448109007438,0.200084325111111,7.4192772934612,1.1776113282744e-13,2.31443190270797e-13
"Zmat5",1.35288156995975,0.417807667571475,0.209434492011141,1.99493246580057,0.0460502460324089,0.0639739944881369
"Cabp7",4.4689162613035,-3.72767200682098,0.263589874980053,-14.1419392801149,2.09432353628015e-45,5.80120395828197e-45
"Nf2",1.27356937394053,-0.297716207074565,0.196917976305403,-1.51187927410361,0.130564577523579,0.166413647826415
"Nipsnap1",1.21637634445173,-0.153854545004467,0.206673023765154,-0.74443457690586,0.456613607136478,0.484259046983425
"Thoc5",1.21256884929646,0.0573231122188168,0.209657112282078,0.273413630450528,0.78453527623629,0.795403817490723
"Nefh",1.25649589065139,-0.47047558249651,0.197522416497965,-2.38188450120221,0.0172242987769764,0.0250169281067938
"Ap1b1",1.25550276281651,0.25312865950007,0.212483758056864,1.19128474484308,0.233541820594526,0.276695742225986
"Gas2l1",1.19263058507057,0.187363787543038,0.213681101031483,0.876838366325305,0.380574436846502,NA
"Ewsr1",1.5774005589518,0.631064832394979,0.204975496082008,3.07873304105822,0.00207882871100418,0.00322193761028558
"Emid1",1.23927481161748,0.187315435144204,0.214156026579554,0.874668054576653,0.381754546757455,0.414641290070195
"Znrf3",1.20428372911728,-0.0499475416842444,0.208140382352586,-0.23997045224811,0.81035316308477,NA
"Xbp1",1.79165659154098,1.05609534527316,0.200529929923572,5.266522287599,1.39032374451639e-07,2.46214333562436e-07
"Ccdc117",1.21287506716736,0.136578930429398,0.211972482772956,0.644323869979328,0.519365440093409,0.540189398685829
"Mrps24",1.78609083816184,0.78213962987373,0.198027978087575,3.94964205273985,7.82681502243192e-05,0.000128903531841283
"Urgcp",1.20859135948334,0.0276161230874616,0.210334646267113,0.131296120622899,0.89554106052116,0.901151679213582
"2210015D19Rik",1.20085759255335,0.107195691944951,0.212589651982247,0.504237581394146,0.614094434215533,NA
"Dbnl",1.71902043331066,0.859133064817322,0.203266140752437,4.22664129715378,2.3720534370067e-05,3.97244752684471e-05
"Pold2",1.23589367176746,0.187388628670429,0.213882761290449,0.876127779255472,0.380960572538487,0.414225210457603
"Ykt6",39.202858746371,-6.93670152103925,0.294807015109678,-23.5296352037572,2.02924692456957e-122,1.89662828043924e-121
"Camk2b",3.49915084627495,-3.27469522561316,0.256556361447237,-12.7640383077643,2.60346152120592e-37,6.74277804053331e-37
"Nudcd3",12.7487441355986,-5.05303119071308,0.276584866213724,-18.2693697594014,1.45116980362243e-74,5.46544471494161e-74
"Rps15a-ps6",3.56645788102881,2.23229195717039,0.206185857402368,10.8266007440758,2.57539161939536e-27,6.04204236100843e-27
"Ddx56",1.29030507399798,-0.0599532007634351,0.202625092514413,-0.295882410314855,0.767319884484772,0.778732341209392
"Tmed4",1.43080471388255,-0.289121297462039,0.197941349741444,-1.46064123458639,0.144113923937301,0.181818654490081
"Ogdh",1.41271740318109,0.484556855737469,0.207112613345832,2.33958158274198,0.0193053546712768,0.0278611975073445
"Zmiz2",2.38616263492484,-2.19641452342599,0.235012967436129,-9.34592906675641,9.10862312994955e-21,1.96922811092718e-20
"Ppia",10.8357903534499,2.6640167307419,0.193824974678853,13.744445137454,5.49930424507082e-43,1.49162734005039e-42
"H2afv",1.88859497017913,0.356611013114738,0.198412085232594,1.79732506060148,0.0722840299740393,0.0972857126374849
"Purb",1.60860481354308,-0.819311734204729,0.207632236397864,-3.94597557883434,7.94757144382738e-05,0.000130871681188577
"Myo1g",3.54127529038524,-2.45180900799904,0.244306385685097,-10.0357958353137,1.06100317635984e-23,2.3775216057516e-23
"Gm11974",1.24439199628039,0.215974382808253,0.213234463099439,1.0128493287107,0.311132134647546,0.351037806053935
"Ccm2",1.47614504746551,0.474173933952396,0.208762017745935,2.27136113682073,0.0231251250190156,0.0331038400107669
"Tbrg4",1.19694263271188,0.127657826643974,0.213543754959394,0.597806415215693,0.549969109635035,NA
"Gm11981",26.1771416630262,-6.54049625836057,0.27805020562511,-23.5227168548798,2.38863019567555e-122,2.22654457525471e-121
"Tns3",25.2668019616571,-6.2550441299534,0.287743262389764,-21.7382818211069,8.91749621969217e-105,6.02970599310792e-104
"Sun3",45.5834496267109,-7.36166892971854,0.277412360109981,-26.5369175576748,3.63623724254137e-155,5.36190915425592e-154
"Gm11992",1.22996250460606,-0.410559144386338,0.198527773606404,-2.06801868034999,0.0386382665516746,0.0540221645640127
"Upp1",1.18559860641487,0.168078298572639,0.214068826906639,0.785160086134083,0.43235971413198,NA
"Abca13",4.27542002624914,-3.64808551728888,0.263156557817965,-13.8627953927426,1.06446616141642e-43,2.90764697152993e-43
"Ikzf1",1.68557691500633,0.617725751608219,0.204072127629368,3.02699716411112,0.00246996275615925,0.00381568676743157
"Grb10",109.960035031369,-8.48577355330579,0.236161992833409,-35.9320035010534,9.66925022271636e-283,4.05409527410276e-281
"Cobl",18.9581836196366,-6.05601539963508,0.290301486462654,-20.8611243208848,1.2079823040249e-96,6.96374116732188e-96
"1700046C09Rik",1.58368959153805,-1.39485483407343,0.217152598798777,-6.42338540634255,1.33276484107037e-10,2.49177380744532e-10
"Sec61g",3.97557542143314,0.101177448800986,0.205817428353621,0.49158834414717,0.623010384957279,0.638922241547543
"Plek",1.75745765899769,0.325581241771317,0.188871891221387,1.72382052017304,0.0847402489873564,0.1124270173374
"Cnrip1",2.52385566904348,-2.53347011897075,0.243178382723592,-10.4181551443675,2.04888856877597e-25,4.70118607868596e-25
"Ppp3r1",1.41209837402207,0.243141338293204,0.202543357983571,1.20044093627067,0.229968138396672,0.273884025195215
"Pno1",1.32161699780833,-0.243614929187828,0.198467898455375,-1.22747774871312,0.219643080021348,0.26212548644523
"Wdr92",25.6382740267796,-6.42374039826849,0.278929668054992,-23.0299646612064,2.33580261068226e-117,2.00871328299199e-116
"C1d",1.46445913452604,0.573212354020711,0.206959385119831,2.76968523891206,0.00561104879233727,0.00847870160544234
"Etaa1",1.65211766183956,-1.32548261441036,0.220407949198658,-6.01376955427171,1.81258132875772e-09,3.32280053946104e-09
"Meis1",1.20084117367927,0.196979797645291,0.21352476075415,0.922515013947686,0.35626000255181,NA
"Actr2",1.96169968456391,1.08717664978139,0.20162078694073,5.39218533107396,6.96059215513173e-08,1.24256949096628e-07
"Rab1",1.57196085377048,0.80361151313299,0.204372401066248,3.9320941034132,8.42090870728733e-05,0.000138600483846886
"Slc1a4",12.4856764166337,-5.3733802992111,0.278775755136295,-19.2749197166878,8.72356355095662e-83,3.78057299593138e-82
"Sertad2",114.328116395244,-8.44997151587556,0.286804263281851,-29.462503169179,8.70717861668928e-191,1.9783847866413e-189
"Aftph",1.3333326191546,0.401342716443956,0.209838417800142,1.91262744282703,0.0557957638825638,0.0765048299098984
"1110067D22Rik",69.5439195290499,-7.88740068693878,0.24776574282813,-31.8341050578978,2.18464714873134e-222,6.53516224434245e-221
"Peli1",86.7644914817882,-7.76129388539194,0.239361844531567,-32.4249418305614,1.2219853345178e-230,3.86591724011086e-229
"Vps54",20.4022170028444,-5.99023023021815,0.275405438516239,-21.7505880148585,6.82000638021055e-105,4.62043261579482e-104
"Ugp2",1.58962531685807,-0.49474932757611,0.195443433002703,-2.53141955181103,0.0113601873826754,0.0167349169289024
"Mir1933",6.12743892987486,-4.27392210915571,0.269722011432755,-15.8456556305982,1.50641624524487e-56,4.5466856317885e-56
"4932414J04Rik",129.493978522543,-8.88599627400574,0.266718181903139,-33.3160499618012,2.261109316355e-243,7.66427963076175e-242
"Mdh1",1.71051810450474,0.540038162579289,0.199531230618588,2.70653451544933,0.00679895143541439,0.010217511585681
"Wdpcp",3.41961686260189,-3.23038595630066,0.252478020614356,-12.7947214907664,1.75480442354315e-37,4.55159209485478e-37
"Ehbp1",24.028530142732,-6.36942868048723,0.228877923143986,-27.8289342763751,1.93773467694378e-170,3.55535149864554e-169
"B3gnt2",1.40132832406783,0.350811883015293,0.211075993143876,1.66201697213462,0.0965093715230734,0.126276204875409
"Commd1",1.40537181123832,0.38485001901111,0.210458019312018,1.82863081325756,0.06745493343695,0.0910787665480901
"Zrsr1",12.4858561858809,-5.33873642563657,0.291277518339568,-18.3286937353426,4.88495915818219e-75,1.86127640917599e-74
"Cct4",2.00947887384059,1.02952214468703,0.202390146202586,5.08681951173903,3.64118049033948e-07,6.38889484355365e-07
"Xpo1",7.19167621790887,-4.33051611505706,0.268052500147886,-16.1554774257576,1.03910946307841e-58,3.19349508228984e-58
"Usp34",2.82358331928759,-2.36017795393644,0.234346379000616,-10.0713224757368,7.3976599024707e-24,1.66196620145888e-23
"Ahsa2",8.17051081124851,-4.58492151715662,0.274740306591069,-16.6882012109746,1.5971065563277e-62,5.12094362655441e-62
"Pex13",18.8126346976403,-5.84657958046515,0.279345598498549,-20.929556835296,2.88162872869771e-97,1.68350329757158e-96
"Rel",1.55721579839192,-0.711511953327191,0.206139215158373,-3.45160891769452,0.000557254792243397,0.000888611582560114
"Papolg",1.71095469701671,-1.47229600766988,0.217582722564381,-6.76660347989827,1.3184075413264e-11,2.50576638111189e-11
"Bcl11a",2.73273536229939,-2.42605169011216,0.246536827352162,-9.8405245016263,7.53171471244547e-23,1.67193496912462e-22
"Fancl",1.22844330522829,-0.161319545681363,0.205709177194225,-0.784211710346052,0.432915894963595,0.461156984598221
"Vrk2",1.25517349765593,-0.152819137849866,0.203139371473605,-0.752287145230843,0.451878396639287,0.479383239601073
"Gm12070",4.64352131522259,-3.66612127664058,0.269907582709998,-13.5828761823992,5.05997379866945e-42,1.3622002696779e-41
"2810471M01Rik",10.3235627692286,-5.12030922099185,0.279427760642974,-18.3242681729611,5.2989356360808e-75,2.01459898181659e-74
"Mir216a",1.77802147501692,-1.74703499022794,0.21785519094358,-8.01924885361299,1.06393764018503e-15,2.1547059095115e-15
"Efemp1",1.20116221756047,0.206533973003919,0.213354793561154,0.96803061959196,0.333029077821518,NA
"Pnpt1",4.32796667086942,-3.52951429959232,0.258525765439623,-13.6524662970841,1.95159970255266e-42,5.26750281661059e-42
"Smek2",4.40254992597665,-3.20337445613176,0.258009295159646,-12.4157327516035,2.1471199857867e-35,5.46197189366792e-35
"Ccdc104",20.4759302730432,-6.02494248026363,0.287855444601024,-20.9304447536658,2.82845125230155e-97,1.65428745512763e-96
"Ccdc88a",79.8069916957673,-7.77423527264266,0.289667577569567,-26.8384723546617,1.14985317809057e-158,1.77843958211342e-157
"Prorsd1",2.75025557616561,-2.34600744476659,0.237848920511783,-9.86343532574652,5.99619960977596e-23,1.33277249150652e-22
"Mtif2",2.29650584544033,-1.94208935438945,0.231238053413675,-8.39865811755101,4.5160955686635e-17,9.33439670101899e-17
"Rps27a",19.9194247923885,4.43158401390602,0.219163095215325,20.2204847013684,6.46449015054705e-91,3.33115879426018e-90
"Rtn4",10.7374696803344,-4.19533000066302,0.262928435403552,-15.9561669099194,2.5810400154264e-57,7.83543406834883e-57
"Eml6",1.17259881000865,-0.159815704187568,0.208166704467723,-0.767729424339079,0.44264795128237,NA
"Spnb2",1.59328968508196,0.739585182104388,0.205532121670192,3.59839219336804,0.00032019052488119,0.000516181142643548
"Psme4",2.78018534665776,-2.65353752431493,0.234574263439498,-11.312142625567,1.1426460472491e-29,2.75374532162525e-29
"Erlec1",1.23623691867666,0.206486794526156,0.213472804743026,0.967274472149839,0.333406841687595,0.371194373059014
"Asb3",1.18969649802491,0.098176154136205,0.215711120076818,0.45512792340628,0.649017210296603,NA
"Chac2",1.34195916731233,-0.572862652428771,0.191771737651523,-2.98721104290011,0.00281535298600728,0.00433258920606073
"Nsg2",2.21501753497924,-2.11483925837158,0.230526539261798,-9.17395135997708,4.55990847179496e-20,9.77323844088264e-20
"Il9r",1.3458019592877,-0.69027236235572,0.205504334476791,-3.35891875036668,0.000782480698728154,0.00124037329102975
"Snrnp25",1.98432422225318,-1.43814270349313,0.224076856287243,-6.4180778297317,1.38005701784532e-10,2.57926875515666e-10
"Rhbdf1",6.07200279332664,-4.13080378547682,0.263829806114615,-15.6570777438326,2.97244697272888e-55,8.87652928927046e-55
"Mpg",1.32668177647397,-0.214393446860743,0.198548423719409,-1.07980432604051,0.280229324368045,0.323520308128099
"Hba-x",59.7631545155978,-7.75906463447739,0.259997709219456,-29.8428192224117,1.08796420703287e-195,2.57558873501658e-194
"Hba-a1",3.51419938338517,-3.28404376929108,0.25534525134129,-12.8611899067655,7.44221271647548e-38,1.93854043812385e-37
"Hbq1b",28.1011294645821,-6.64619064162016,0.284179432363955,-23.3873035297932,5.75465116487553e-121,5.27004896151759e-120
"Efcab9",1.66764035661646,-1.54067180744604,0.215604827417748,-7.14581313367759,8.94646972637648e-13,1.73350304275001e-12
"Stk10",23.3133487127542,-5.75897986217035,0.279410652556024,-20.6111678616678,2.1791039872643e-94,1.20242313039319e-93
"Npm1",4.73340243964062,2.10688045609068,0.220125918298674,9.57125118375201,1.05619631250722e-21,2.31215967762118e-21
"Ranbp17",6.0886050783714,-4.26294228080444,0.271477164006584,-15.7027656318859,1.44789742622363e-55,4.33372968170145e-55
"Kcnip1",4.59189850674489,-3.77620866458023,0.259918234085712,-14.5284484478875,8.00122360203552e-48,2.25459580041163e-47
"Kcnmb1",1.97769223244084,-2.02881803446904,0.224067788020387,-9.05448325434644,1.37215934987411e-19,2.92353951279301e-19
"Lcp2",1.37292097027261,0.417160262029933,0.206783106833923,2.01738076391789,0.0436557931210543,0.0607688640245076
"Foxi1",30.2052223340675,-6.75360033243315,0.285823838791078,-23.6285411356806,1.96198841812434e-123,1.86719772882572e-122
"Dock2",1.37753733419204,0.426096974934275,0.20939520234361,2.03489368507624,0.0418615715493986,0.0584271132320483
"Pank3",27.8376778155524,-6.50686854975258,0.274243125330149,-23.7266423430642,1.91480281620733e-124,1.84414588571997e-123
"Rars",1.26737972536621,0.271441345712277,0.212085023839844,1.2798704066783,0.200590716994345,0.242915550177492
"Mat2b",4.06523743030974,-2.78096010826081,0.239204080155023,-11.6258891004641,3.04407459090605e-31,7.45487654915767e-31
"Hmmr",2.81214701980859,-2.79770733011016,0.244706661012984,-11.4329022288515,2.86374447041449e-30,6.93838298239203e-30
"Nudcd2",1.92496730159739,-1.55745554638496,0.220097042436732,-7.07622205706223,1.48137423351781e-12,2.86187028088933e-12
"Ccng1",67.1540721110059,-7.60112302661852,0.258599129621403,-29.39345943564,6.65734813556158e-190,1.49790333050135e-188
"Pttg1",1.47258153250578,0.550945228313774,0.207307172988666,2.65762742490293,0.00786928354110104,0.0117662975551319
"Slu7",1.39102420128341,-0.290284009610594,0.196782937359684,-1.4751482699946,0.14017268547991,0.176931790159625
"C1qtnf2",4.74670000064821,-3.63908889605625,0.255391208189976,-14.249076629722,4.54247677738376e-46,1.26294161267341e-45
"Ccnjl",16.9043954869885,-5.87097676828885,0.30004795170087,-19.5667950239563,2.96767469184662e-85,1.35235808742378e-84
"Fabp6",2.34884014129803,-2.44383809802466,0.237986606001165,-10.2688052033176,9.74034753740818e-25,2.212078057223e-24
"Pwwp2a",13.8894232826542,-5.3587284123353,0.276596051550991,-19.3738427656022,1.28313855606031e-83,5.65230655074668e-83
"Ttc1",5.77909952968834,-3.85391153889242,0.259494699928699,-14.8516002059054,6.79276385641961e-50,1.94718436740859e-49
"Adra1b",27.0602250947134,-6.57905744681356,0.255213233235069,-25.7786689327109,1.53833353070096e-146,2.03551356914044e-145
"Ublcp1",1.27532456266137,0.206508308862064,0.21359893708552,0.96680400979422,0.333642019563479,0.371194373059014
"Rnf145",101.195734320241,-8.21908889888103,0.261616374060326,-31.4165691211124,1.20181752325959e-216,3.38193394685447e-215
"Ebf1",1.33788473978182,-0.438204287752913,0.202829167113988,-2.16045992786947,0.0307370825251393,0.0435112056355871
"Gm12159",3.90791996048062,-3.48293100172002,0.253468036085705,-13.7411054092136,5.75897338565293e-43,1.56124856261274e-42
"Clint1",1.32193667475086,0.36783818384037,0.210367514494653,1.74855031549902,0.0803687810006101,0.107070031986257
"Adam19",1.20127063175357,0.118476485482037,0.215260412620957,0.550386780548719,0.582054113773725,NA
"Cyfip2",1.30766772658393,0.262361802670032,0.212468147288214,1.23482887208565,0.216894199589505,0.259521314600617
"Itk",1.25276810234013,0.168070741200678,0.214423504137232,0.78382611028086,0.433142150839006,0.461161408580673
"Med7",1.25917184824356,0.262269115676728,0.212313469162465,1.23529193277906,0.216721875027688,0.259521314600617
"Havcr2",1.26507795565394,-0.111276700850842,0.199808757181231,-0.556916035216172,0.577584798242712,0.59673283460207
"Gm12171",64.4992424777311,-7.8706243370122,0.284886909631057,-27.6271884419156,5.2468473341865e-168,9.25288617718025e-167
"Dppa1",4.39374402518992,-3.6973082086349,0.263813412567344,-14.0148606268875,1.2644627234329e-44,3.48127395375513e-44
"Timd4",2.68278103952781,-2.61959233697311,0.245130238095077,-10.686532829773,1.17688632258463e-26,2.7364572845843e-26
"Gnb2l1",6.52098645850303,2.74057648934434,0.21121142428793,12.9755125632233,1.68465586692454e-38,4.42460559765841e-38
"Snord96a",19.0714487526019,-6.06499000443393,0.278833405977886,-21.7513033747289,6.7144901669297e-105,4.55190112615234e-104
"Snord95",1.93456857413137,-1.97191983843778,0.224300821605017,-8.79140711267763,1.47698310299136e-18,3.09881503119569e-18
"Trim41",1.3150821531112,-0.367176686386526,0.194119436452143,-1.89149882720295,0.0585577873931315,0.080123630456657
"Irgm1",1.3342741457646,0.342207532762758,0.211118725548502,1.62092458579255,0.105033813343967,0.136150113150114
"9930111J21Rik1",1.18976349168213,0.0567931003550738,0.215204115859155,0.263903411551121,0.791854346776304,NA
"Olfr56",65.9897678128079,-7.90403763123815,0.265342138306805,-29.7880980445669,5.57156780725072e-195,1.31302862094125e-193
"Ifi47",4.39047984090802,-2.95487200108584,0.258009257716734,-11.4525813036134,2.28245811986429e-30,5.53644581119498e-30
"Olfr1396",42.5262120101655,-7.2594865773367,0.291839495037662,-24.8749285164432,1.3899626611044e-136,1.61955470780468e-135
"Zfp62",1.21269643357135,0.0772132813424322,0.213318688230283,0.361962104600411,0.717380349165626,0.730224972351964
"Mgat1",1.43326174785444,0.39715884624761,0.208666031746484,1.90332294587426,0.0569984185390537,0.0780411133833076
"Olfr1392",30.8361193322861,-6.78430541934291,0.290894994493333,-23.3221799885539,2.64096700901185e-120,2.39337635191699e-119
"Olfr10",226.211288089043,-9.69494396171914,0.259384197273032,-37.3767718451794,9.31798451056544e-306,4.56712480236165e-304
"Olfr1387",12.1995234770181,-5.38129070116563,0.293341734977144,-18.3447837778178,3.63369372879149e-75,1.38907955066214e-74
"Olfr1383",1.88751388574718,-1.90223150071921,0.222115551658263,-8.5641526967274,1.08873477058963e-17,2.26377036545623e-17
"Flt4",4.2354289824502,-3.55820416814564,0.259358739968985,-13.7192375648152,7.78800477813526e-43,2.10912502940939e-42
"Cnot6",1.21635359597679,0.156938161629837,0.212953525876151,0.736959676925513,0.461146871174614,0.485794724132015
"Mapk9",1.19303035325269,0.108358610751357,0.215480392459665,0.502869934078299,0.615055720868489,NA
"Rnf130",1.62206087154952,0.757441603181083,0.203844278480072,3.7157854457766,0.000202573427068655,0.000329008490758675
"Mir340",2.34839960364737,-2.44485382992568,0.243580495979785,-10.0371494034916,1.04654838010966e-23,2.34563441140937e-23
"Tbc1d9b",1.22780474730458,0.204531039853395,0.211965524434475,0.964925972745264,0.334581891317689,0.371681739538341
"3010026O09Rik",14.5006634721403,-5.6256968942,0.264090717563599,-21.3021379399494,1.08456437106316e-100,6.81688864172148e-100
"Sqstm1",1.94604293053791,-0.668919573178033,0.197513828743121,-3.38669741473143,0.000707393613719536,0.0011235644800292
"Mgat4b",1.31396994988004,-0.192083215433062,0.198870562073519,-0.965870531215435,0.334108969850526,0.371372672710005
"Ltc4s",1.38102366667316,0.350422776991569,0.204066633277966,1.71719781604005,0.0859430344630123,0.114008294764148
"Canx",1.99244813829686,1.1864544434172,0.201819837530387,5.87878009384764,4.13300997557609e-09,7.51849174856498e-09
"Hnrnph1",1.54627472312447,0.693134726364244,0.205155941823982,3.37857495231083,0.000728625671903929,0.00115640802898708
"Rufy1",1.26751735218104,0.223154982090145,0.211698241960979,1.05411825824835,0.291828777901662,0.332826353647951
"Zfp879",35.9200129641574,-7.01040531393188,0.315332902031923,-22.2317597331539,1.69363711018586e-109,1.26026881185605e-108
"Grm6",209.643673771375,-9.57409103606476,0.217785120608304,-43.9611806781061,0,0
"Clk4",1.27177869630912,0.280492661123286,0.211906410883148,1.32366293192497,0.185615014457153,0.227031556315038
"Hnrnpab",1.72504187058973,0.828401962777529,0.204802081685787,4.04489034466205,5.23476202567162e-05,8.66649469521277e-05
"Nhp2",1.53391707212228,0.53580612519035,0.208241842449664,2.57299934963773,0.0100821397173513,0.0149089998086612
"Rmnd5b",17.2198267948342,-5.6559582242976,0.275399297573526,-20.5373008360254,9.99659744351255e-94,5.42434913255047e-93
"N4bp3",2.83403917289415,-2.5571622893352,0.24344737680805,-10.5039632090652,8.28279244687636e-26,1.90677735711994e-25
"0610009B22Rik",1.25539081890133,0.241562952336054,0.211285588375807,1.14330065856832,0.252913781679601,0.29594484204607
"Sar1b",1.40094233094566,0.384840579691963,0.207471719668545,1.85490620267081,0.0636096220865435,0.0864355661308751
"Phf15",1.38752257275263,-0.474358212728496,0.201349623356938,-2.35589322105455,0.0184782284155264,0.0267934312025133
"Cdkn2aipnl",1.25613139041832,0.280506779309685,0.211883996832892,1.32386958667253,0.185546360442625,0.227031556315038
"Ube2b",1.99509320865672,1.14309553489641,0.200583005843619,5.69886531557717,1.20607458261024e-08,2.17844613191193e-08
"Ppp2ca",8.35896716910047,-4.08709236628375,0.279735690099511,-14.6105502834831,2.40567017613129e-48,6.80075728102103e-48
"Olfr1373",12.822314712922,-5.45839241679036,0.289961045467836,-18.8245714453938,4.75036101320908e-79,1.92522395100554e-78
"Skp1a",1.58340042466221,0.455213198472448,0.195536083192858,2.32802657718918,0.0199106924694396,0.0287229002875431
"Tcf7",1.29171651635894,0.271519742503718,0.21253407489844,1.27753510882179,0.20141339357224,0.24329004152426
"Vdac1",1.457970702291,0.558187299001515,0.207446092740291,2.69075831522327,0.00712898201990742,0.0106881290802153
"9530068E07Rik",1.35751257160844,0.450299733098546,0.208912949522366,2.15544193946837,0.0311272674462052,0.044021765393983
"Hspa4",1.52930569971551,0.550805970357495,0.208562031895592,2.6409695252357,0.00826691550604676,0.01232071347368
"Zcchc10",1.70446008161447,-1.27968703622016,0.211808670554101,-6.04171223431242,1.52487254162066e-09,2.79832472042884e-09
"Aff4",1.33687527884981,-0.134918558422334,0.199531838168352,-0.676175590125613,0.498929168564391,0.520934145395764
"Uqcrq",2.19028807800768,1.34520744450293,0.200769175908599,6.70026879582021,2.08036510533779e-11,3.94245992008106e-11
"Sowaha",10.5299677833565,-5.15125156205046,0.28370193256208,-18.1572663799999,1.12488171074781e-73,4.16297946125742e-73
"Rad50",1.29542669430678,0.215950568802561,0.213481868518357,1.01156398106002,0.311746575086921,0.351093230194979
"Irf1",1.40182489325635,0.45037683994145,0.209385578128737,2.15094489298849,0.0314805495469483,0.0444251064166181
"Gm12216",1.19295579987248,0.148411230102685,0.214560711336731,0.691698070807423,0.489126958767533,NA
"Slc22a21",2.53982372513587,-2.61982306755205,0.243582812433347,-10.755369155075,5.59097040249798e-27,1.30551847466068e-26
"Pdlim4",3.57119198383716,-3.25720974774859,0.255042218849147,-12.7712570979285,2.37290817358783e-37,6.14871216983295e-37
"P4ha2",2.29438371141219,-2.31953392399251,0.236155625236211,-9.82205662758377,9.04785080264397e-23,2.00636283728978e-22
"4933405E24Rik",7.05789957642653,-4.50879499893151,0.250608693746997,-17.9913750457651,2.27638571038722e-72,8.27200376485993e-72
"Csf2",3.5233293666085,-3.28035061542994,0.240491800827125,-13.6401765222257,2.31000753057591e-42,6.23164822201873e-42
"Il3",6.49546375752173,-4.37156078467861,0.26968642283609,-16.2097918712636,4.300224104022e-59,1.32588126538658e-58
"Acsl6",26.7014466148686,-6.57008361705889,0.301931591173617,-21.760172864061,5.53393776369669e-105,3.76625229810909e-104
"Fnip1",30.2710428828874,-6.59250929623334,0.291862295965974,-22.5877387636323,5.72015110303236e-113,4.57963017758112e-112
"Rapgef6",2.04043153321248,-1.15345672380738,0.204631497989318,-5.63675062314987,1.73288770363204e-08,3.12350615088372e-08
"Cdc42se2",2.20762302641994,-1.28276842020444,0.218505964107049,-5.87063344218834,4.34133184919243e-09,7.89195620852672e-09
"Hint1",2.84326944790493,1.70340214118937,0.205373972732669,8.29414807789033,1.09366149002617e-16,2.24627699308936e-16
"Gpx3",2.32684059266428,1.7337126741757,0.256077830797609,6.77025679566121,1.28554013396897e-11,2.44418849000838e-11
"Tnip1",1.25544430693292,0.243907641125517,0.212669852863668,1.14688395106887,0.251429586451772,0.294845275205982
"Anxa6",1.80804896992551,0.20367393350124,0.194064057003649,1.04951909511719,0.293939271463481,0.334940623671551
"Ccdc69",8.8871105913424,-4.79039274971593,0.280977837666484,-17.0490056778145,3.55529934063232e-65,1.16868152129098e-64
"Gm2a",2.62872341073851,1.75063456474535,0.23562852368747,7.42963770832486,1.08895525027945e-13,2.14220704973006e-13
"Sparc",1.98762104710756,1.34565933343489,0.234614390626937,5.73562145885008,9.71554374424045e-09,1.75758580297817e-08
"Atox1",2.87069651123453,1.22964232188751,0.205575972057692,5.98144962944612,2.21160451823743e-09,4.04795549008048e-09
"G3bp1",1.80965729500908,0.803796741433207,0.20051809082986,4.00859961366393,6.10798735612768e-05,0.000100961665607937
"Fam114a2",1.33770229024897,0.359350556037346,0.210725080615782,1.70530510647926,0.088137535713863,0.116279261754639
"Mfap3",1.216130285029,0.177693424001812,0.213960585911393,0.830496061902729,0.406258373473118,0.436795720715753
"Galnt10",1.19720537910513,0.128520630874974,0.215038544108631,0.597663230132589,0.550064664756445,NA
"Sap30l",6.1612508763886,-4.06265576870002,0.263696869782172,-15.4065377114867,1.47927927827003e-53,4.36015687892126e-53
"Hand1",6.187501325443,-4.28987084518244,0.267475683647214,-16.0383582787307,6.89531467054679e-58,2.10304075841392e-57
"Larp1",1.74916612465029,-1.24947585282405,0.202179983508311,-6.18001758207032,6.40944630414921e-10,1.18349167695999e-09
"Cnot8",1.26371983137442,0.271454729193919,0.212134557632217,1.27963464427398,0.200673659687229,0.242915550177492
"Gemin5",1.17341408899161,0.0773929322909955,0.214635723683886,0.360578057383306,0.718414894991952,NA
"Mrpl22",27.9989388527621,-6.46529180067927,0.2839757711293,-22.7670542982186,9.72674303590254e-115,7.98327022758039e-114
"Gm12250",1.23276214965997,0.187425657772655,0.213887127522124,0.87628301873037,0.380876194292409,0.414225210457603
"Igtp",2.64320782673432,-2.30540372912318,0.235241205880924,-9.80016966198575,1.12396698102717e-22,2.49028337901605e-22
"Irgm2",1.72907957913458,-1.41862398820054,0.208909426467046,-6.79061740866118,1.11654667145756e-11,2.12481721655431e-11
"Zfp692",1.17744356127166,0.098137851706455,0.215652442033177,0.45507414978105,0.649055894575217,NA
"Zfp672",14.8775832007017,-5.58871095470036,0.296000120763305,-18.8807725493104,1.64167180019638e-79,6.71067094520368e-79
"Sh3bp5l",20.5163671120243,-6.11074294764375,0.263324625750681,-23.2061203171688,3.94938626408496e-119,3.49420276246161e-118
"2210415F13Rik",7.23339903900184,-4.54868436495504,0.272321898361052,-16.7033367214717,1.23935916842533e-62,3.97753142279757e-62
"1810065E05Rik",32.0232933427342,-6.81904709375672,0.302589693862331,-22.5356224355056,1.85807877961168e-112,1.46845892953414e-111
"Olfr331",12.4164398743455,-5.40855960719389,0.271003532908953,-19.9575243508392,1.28943792303268e-88,6.30230894965412e-88
"Olfr313",2.893669896199,-2.89684164885397,0.24545259475208,-11.8020412527313,3.80956651661544e-32,9.41123389338978e-32
"Olfr311",44.3003008213054,-7.31962891058993,0.265967890328651,-27.5207240300519,9.91985488813568e-167,1.72032034937104e-165
"Rnf187",1.86390850212947,0.963639449814112,0.203500531475128,4.73531662462459,2.18713379957379e-06,3.77603387920462e-06
"Hist3h2ba",1.20406598896961,-0.010781499273131,0.208700004539511,-0.0516602733043539,0.958799392257504,NA
"Hist3h2a",1.299300973719,0.289472258488468,0.211992404289749,1.36548410523625,0.172100945480785,0.211903982877626
"Trim11",1.24469522545128,0.206539177998508,0.213402484982042,0.967838673555696,0.333124946006865,0.371194373059014
"Guk1",1.46745004953334,0.587725558140529,0.206886618514786,2.84080991975093,0.00449991249237306,0.0068422788261542
"2610507I01Rik",1.21626090237378,0.225317435798254,0.213091025935092,1.05737646533687,0.290339808024394,0.331827717078859
"Mrpl55",4.17512496885918,-3.27904031045489,0.246637710687025,-13.2949673483463,2.47581283728268e-40,6.60216756608714e-40
"2310033P09Rik",1.29589350597877,0.253240682693262,0.212691250704799,1.19064927143967,0.233791300328531,0.276695742225986
"Arf1",4.07367170109131,-1.12455948702839,0.219069393476597,-5.13334824724624,2.84632541513007e-07,5.00347488364336e-07
"Snap47",1.22065278853028,0.225362942996078,0.212969141025474,1.05819529491891,0.289966415896652,0.331827717078859
"Zfp867",1.18806294336386,-0.146211242001833,0.206827593423493,-0.706923286113263,0.479614152160114,NA
"Nlrp3",1.20037981325641,0.206458962120248,0.213307807811784,0.967892194093622,0.333098213177748,NA
"Olfr223",18.7129969701911,-6.03639339492118,0.27823251660337,-21.6954993924246,2.26255156093349e-104,1.51611285597854e-103
"Mprip",1.24775270299785,0.280474225578879,0.211821847549671,1.32410433023491,0.185468397656614,0.227031556315038
"Pld6",24.9514607923137,-6.46889439425257,0.267414697649899,-24.190496824231,2.80094215224183e-129,2.91834691311424e-128
"Flcn",20.7851446491294,-6.07804497732046,0.258056011664003,-23.5532004781748,1.16405237773051e-122,1.09385299941553e-121
"Gm16062",11.389948925853,-5.27411803428117,0.285467856772139,-18.4753481317197,3.26116867603356e-76,1.26567289880262e-75
"Cops3",1.2437607462772,0.206481838649673,0.213439694124056,0.967401305071501,0.333343457907464,0.371194373059014
"Nt5m",1.2317911530505,0.126055063783457,0.210902160640063,0.59769451105145,0.550043788615574,0.569195319323794
"Med9",1.19283841181848,0.10832187096051,0.215493342122053,0.502669223530617,0.615196851204221,NA
"Pemt",40.6991953012476,-7.18402056609268,0.296034175579467,-24.2675378679858,4.3177878037702e-130,4.5671433304317e-129
"Rai1",1.18516184259701,0.108331237199947,0.215439398116938,0.502838562244526,0.615077779145953,NA
"Srebf1",2.86241158201354,-2.6769539212087,0.231804174706216,-11.5483421495813,7.52581263486552e-31,1.83659382674137e-30
"Lrrc48",223.800924422595,-9.67943747364968,0.26556562581086,-36.4483823691231,7.29751326596374e-291,3.28388096968368e-289
"Atpaf2",1.28773775694074,-0.352751834283407,0.196394459301509,-1.79613944068481,0.072472343156473,0.0975140175993785
"4933439F18Rik",12.3774075713038,-5.3153957130517,0.289765825635907,-18.3437632832884,3.70256277643024e-75,1.41488855731814e-74
"Drg2",85.8451208244357,-8.09708702268074,0.27696653090145,-29.2348934592456,6.9878906164441e-188,1.53263819402682e-186
"Myo15",30.6517511265866,-6.77538736620077,0.296591528411275,-22.8441702380842,1.67001784615894e-115,1.38372907253169e-114
"Alkbh5",13.2444426146569,-5.07400098673464,0.286175566796509,-17.7303780456653,2.4438552181709e-70,8.59341477861374e-70
"Llgl1",1.18901202646296,0.0469238584424124,0.212532155871562,0.220784747841967,0.825260040001822,NA
"Flii",1.37683862297128,0.481998587556197,0.208333944382448,2.31358643443803,0.0206904185147087,0.0297942026611805
"Smcr7",1.17755950516209,0.118477364695763,0.215200138311773,0.550545021138035,0.581945606318248,NA
"Dhrs7b",1.31706425448698,0.401319244044506,0.209977022946459,1.91125313814377,0.0559720580871564,0.0767264031551882
"Tmem11",1.29114812762333,0.316101141240753,0.21127812752803,1.49613755545432,0.134617813014577,0.170882100887308
"Gm16516",12.6425189484915,-5.41447391800496,0.287095766799518,-18.8594697106278,2.4567145902493e-79,1.00187891883604e-78
"Map2k3",3.58856661251484,-2.92826522486642,0.241383611703396,-12.1311683266409,7.22117691236535e-34,1.81267340622972e-33
"Kcnj12",2.08311172891328,-2.16253075841396,0.22872709710217,-9.45463299194492,3.24157117281933e-21,7.04748085052765e-21
"Tnfrsf13b",25.9145795398596,-6.49020044211843,0.289836267160136,-22.3926443219494,4.64214772495527e-111,3.54010388959335e-110
"Usp22",1.19211831279025,0.0572441232408927,0.210959177233574,0.271351661452073,0.786120576263801,NA
"Aldh3a1",17.0777441421636,-5.88651781138009,0.297621885893725,-19.7785112264293,4.55954274239515e-87,2.16174506042713e-86
"Aldh3a2",41.6336100694079,-7.05557985739568,0.259974125066331,-27.1395465052359,3.36408637606304e-162,5.47910479970329e-161
"Slc47a1",3.4055666529542,-3.22238865420695,0.246299095707254,-13.0832338013819,4.10593393458649e-39,1.08466473373186e-38
"Rnf112",19.7762552049744,-6.11994907124567,0.283442689796402,-21.5914867151509,2.15953124625454e-103,1.42512681484813e-102
"Mfap4",8.3595930054825,-3.30147391289456,0.2727261956207,-12.105452156441,9.88233287648099e-34,2.4771081687986e-33
"Mapk7",35.77790349716,-6.89948293120192,0.264919758085741,-26.0436706610947,1.5868533715902e-149,2.17411406816295e-148
"B9d1",25.4796277207727,-6.46811785115122,0.2720509177004,-23.7753943483269,6.00291122619562e-125,5.84067038224439e-124
"Epn2",10.9275649509034,-5.0912249789882,0.283274489900591,-17.9727619694059,3.18457668201288e-72,1.15400834988596e-71
"Grap",1.71062551752215,0.623938374096909,0.207451724006004,3.00763166508489,0.00263292043042272,0.00405842157000048
"Slc5a10",26.1287832067614,-6.53778231499543,0.300546011124251,-21.7530164201467,6.46838873563753e-105,4.38791282651435e-104
"Fam83g",3.66704613454347,-3.36425228789858,0.260542506510229,-12.9124891479713,3.82725918665681e-38,1.00141819320043e-37
"Prpsap2",1.41038385422895,-0.654781551146059,0.198932851898742,-3.2914701865298,0.000996651801994033,0.00157199649687531
"Ulk2",16.7081233877653,-5.71642921250742,0.284786336813599,-20.0726947664241,1.27879368288276e-89,6.39090763489516e-89
"Akap10",1.47490006783651,-1.00103186721266,0.197194499664914,-5.07636809806397,3.84717648418577e-07,6.74807165572907e-07
"Adora2b",1.69621210775033,-1.55849017149872,0.216846902206954,-7.18705296518983,6.62047333577675e-13,1.28567227726022e-12
"Zswim7",1.4742736294784,-0.96372147926017,0.213720817317996,-4.50925413515636,6.50559406278591e-06,1.10923406852009e-05
"Ttc19",6.40458927108062,-4.33704308382139,0.270332662989682,-16.0433557523418,6.36216811180101e-58,1.94213552886557e-57
"Ncor1",9.88320295007441,-4.08825985993324,0.269115517263783,-15.1914683385796,4.02794859860049e-52,1.17430280283131e-51
"Pigl",1.74951427999298,-1.64034338309158,0.21126422682749,-7.76441618973673,8.20221488761929e-15,1.63824609578621e-14
"Ubb",7.19529065584674,3.09036066098601,0.189884410715358,16.2749572192029,1.486233313529e-59,4.60287030354279e-59
"Gm1821",3.01711647283982,2.10286646531629,0.19680647028205,10.6849457860944,1.19718982956722e-26,2.78304649759113e-26
"Trpv2",29.038319400477,-6.37231420488734,0.226746358799062,-28.1032702736115,8.93491533458828e-174,1.71156910262572e-172
"2410006H16Rik",2.4233958505123,1.20483732857995,0.20340236076566,5.92341860755513,3.15316828102755e-09,5.7500570923891e-09
"Snord49a",5.29065161977381,-4.02364363235392,0.262107940924838,-15.3510939735616,3.48263563714287e-53,1.02390076180714e-52
"Zfp287",1.63530505181392,-1.49716099176089,0.217461301794408,-6.8847237619148,5.78997774193e-12,1.10810939735562e-11
"Trim16",1.20439466572785,0.0380030746700628,0.208881637646983,0.181935928395435,0.855633008232616,NA
"Fbxw10",12.959676309961,-5.47491964918443,0.260882290670381,-20.9861682642992,8.77403830286118e-98,5.1986923883014e-97
"Fam18b",1.27145683342363,0.259731055588856,0.210935745793806,1.23132783687952,0.218200274642409,0.260485368543052
"Tekt3",42.1418792484959,-7.24611925132281,0.282365831148997,-25.66216748619,3.09286080283365e-145,4.05646567607831e-144
"Pmp22",1.6986963800156,-0.29437362145322,0.197558928158966,-1.49005476085775,0.136209837872888,0.172149956452693
"Cox10",1.30915888015655,-0.504561044411331,0.198904977330169,-2.53669390873911,0.011190474986552,0.0164942198022876
"2810001G20Rik",1.19740807314788,0.138523676597938,0.214807933810054,0.644872254673933,0.519009973118562,NA
"Elac2",25.131520994286,-6.45745587049818,0.281085839990092,-22.9732521237136,8.63040556411066e-117,7.35521910933186e-116
"Myocd",15.8649302399506,-5.78540111123228,0.291691652747564,-19.8339618454529,1.51614162785368e-87,7.2674557368193e-87
"Map2k4",1.19689409402786,0.16804644933325,0.214111153190819,0.784856121826986,0.432537930803874,NA
"Zkscan6",1.18535736516462,0.0671209689929439,0.213461066155004,0.314441271197457,0.753185914641274,NA
"Dnahc9",29.7326688869404,-6.73016240133418,0.267954518614748,-25.1168087633949,3.25886551010021e-139,3.95151636764764e-138
"Gm12298",14.3197899413176,-5.62864730740325,0.276389443421763,-20.3649142229144,3.42451952211695e-92,1.7965821010503e-91
"Tmem220",9.89383630374573,-5.05255011137499,0.267388221318748,-18.8959337343134,1.23188690215075e-79,5.04151284141665e-79
"2310004I24Rik",1.40582404814561,-0.664571394534124,0.196091619496875,-3.38908616410664,0.000701259712363228,0.00111399138725991
"Sco1",124.716845399301,-8.79942700336771,0.246737028803949,-35.6631797262968,1.47221330665236e-278,5.88885322660945e-277
"Myh1",1886.11229779998,-12.7595234567412,0.241921822427394,-52.7423418388419,0,0
"Gas7",1.23566839851195,0.280434414355816,0.212118170722885,1.3220669092144,0.18614587159185,0.227031556315038
"Stx8",1.26418686124058,0.234696747731363,0.212874427615709,1.10251264259439,0.27023886525106,0.313589896068377
"Pik3r5",1.22013470066323,0.206455085706429,0.213342400163177,0.96771708553255,0.333185682826993,0.371194373059014
"Pik3r6",1.21927218038416,-0.037102169665316,0.206002486799918,-0.180105445529654,0.857069787603663,0.864188582439853
"Ndel1",1.36029883537637,0.110304966998545,0.200140308338005,0.551138188576472,0.581538948488903,0.600036908991535
"Rpl26",1.18525971989936,0.158266345363255,0.214331304275802,0.738419177254654,0.460259764555259,NA
"Arhgef15",25.095076203883,-6.17341575264683,0.275468683461552,-22.4105901079985,3.10298505505173e-111,2.38375010851656e-110
"Slc25a35",1.69748490261417,-1.56212619123801,0.218084678614436,-7.1629341463266,7.89682907625285e-13,1.5321110491745e-12
"Rangrf",2.25995172786398,-2.22892203480813,0.229577768615651,-9.70878865252713,2.76604747646744e-22,6.10002865532744e-22
"Pfas",1.16907688565755,0.0466652341056205,0.213889086960822,0.218174918452797,0.827292826537996,NA
"Mir3062",25.5431152993945,-6.50393852692554,0.276320149655612,-23.5376918224445,1.67820014807788e-122,1.57274771507479e-121
"1500010J02Rik",1.50894939933319,-1.11277670037678,0.210869403105872,-5.27708944013128,1.31251834835074e-07,2.32603828836899e-07
"Aurkb",1.17647306976511,-0.0130631788581236,0.211133564835289,-0.0618716349923547,0.95066505620416,NA
"2310047M10Rik",1.23608937952172,0.234665498059353,0.21284918428078,1.1024965815692,0.270245843834696,0.313589896068377
"Vamp2",1.34615406824244,0.426117692670583,0.209430721219947,2.03464749673983,0.0418863545960005,0.058440571045513
"Per1",1.21606601362533,0.135547225789543,0.210591773384441,0.643649196790312,0.519802940536192,0.540189398685829
"Trappc1",12.4518840953529,-4.92976216041031,0.272584129293966,-18.0852868183454,4.16196661171985e-73,1.52620061209537e-72
"A030009H04Rik",20.8429860186868,-6.18774816085249,0.301988154408151,-20.4900360180667,2.64197761474914e-93,1.41957006165625e-92
"Chd3",41.9629267247941,-6.94210038215606,0.272248845651762,-25.4990994196384,2.01711060714637e-143,2.57440522476871e-142
"Lsmd1",1.694474209546,-0.21563343233843,0.196937481084461,-1.0949334334481,0.273545800474435,0.316258932109978
"Tmem88",1.18955970921104,0.1680754830919,0.214138607345999,0.784891081412181,0.432517431559049,NA
"Kdm6b",4.86193960387593,-3.23398912136103,0.252494227213573,-12.808170535422,1.47572892061963e-37,3.83058426933589e-37
"Efnb3",102.562468835658,-8.54707100294243,0.253462838143961,-33.7211997842773,2.8270539261041e-249,1.00048959283142e-247
"Wrap53",5.2600462524601,-3.9431157984186,0.27001606966508,-14.6032634402446,2.67717211738003e-48,7.56418860769892e-48
"Trp53",24.6035494279917,-5.91022365998248,0.291415375774639,-20.2810975373964,1.88869775894512e-91,9.81972340806128e-91
"Atp1b2",53.6245305047245,-7.60023786938694,0.277470711598535,-27.3911355385989,3.49749875040942e-165,5.93721739093892e-164
"Shbg",28.7595630052042,-6.68071180002071,0.2404467028905,-27.7845847737123,6.66137802284222e-170,1.20737476664015e-168
"Sat2",76.3298563574304,-8.09521597103318,0.267219851470095,-30.2942162661112,1.36615367778012e-201,3.42029841631281e-200
"Fxr2",3.40745053875313,-3.0640721661881,0.256120717073631,-11.9633905495713,5.52586514108216e-33,1.37455401650936e-32
"Sox15",3.45440243755196,-3.24911874140849,0.254512437500903,-12.7660509376756,2.53703179823647e-37,6.57236029121308e-37
"Mpdu1",1.2822335853971,0.209956066476983,0.209246051172027,1.00339320766618,0.315671180039337,0.354862401164066
"Mir1934",10.8627829225593,-5.20014351539829,0.270006342853077,-19.2593383564619,1.17875076730549e-82,5.08939537248523e-82
"Cd68",1.80656945811754,-0.212136435772507,0.197165947083122,-1.07592836851829,0.281959293476774,0.325373607151268
"Eif4a1",4.81971637580592,-1.00242396795568,0.227456653186701,-4.40709890834835,1.04764355877178e-05,1.7715255512759e-05
"Senp3",1.27023355409822,0.0213118705325321,0.203109610407245,0.104927927781461,0.916432998121468,0.92146397961939
"BC096441",2.36448614509234,-2.46239612189958,0.236624489432383,-10.4063452088429,2.31956508105511e-25,5.31524570812454e-25
"Tnfsf12",1.28553808930568,0.232535679836303,0.206210535096177,1.12766149279351,0.259462906028733,0.303289818769944
"Polr2a",21.8498286008235,-6.1946054435905,0.222719627930048,-27.8134688943361,2.98124073354643e-170,5.45081493138787e-169
"Amac1",27.0084513826066,-6.58709867051664,0.304130592946868,-21.6587835070818,5.02324054867638e-104,3.34029498905614e-103
"Zbtb4",1.28319766636167,0.230266376493997,0.210177945462693,1.09557820630076,0.273263403417574,0.315967430687726
"Chrnb1",1.91397423331902,-1.88092540797802,0.220275333302343,-8.53897429085406,1.35418499259954e-17,2.81403091615032e-17
"Tmem102",10.1634897806427,-5.09537897892414,0.28114514479723,-18.1236598718398,2.073332023846e-73,7.64051758875827e-73
"G630025P09Rik",20.2667831256645,-6.15683488922944,0.276996174799384,-22.2271476986589,1.87687470511726e-109,1.39428657557905e-108
"1810027O10Rik",1.7548335478007,1.03437602868043,0.203421633789058,5.08488703690702,3.67844934124467e-07,6.45320301169457e-07
"Plscr3",1.27150906382471,0.321484566770327,0.209793961107074,1.53238236731823,0.125428106058697,0.160140568332249
"Tnk1",6.24345914982428,-4.30506826234886,0.273577951383852,-15.7361667509108,8.5466707310362e-56,2.56105747508662e-55
"Kctd11",12.5152031206278,-5.35488260234442,0.282094831153817,-18.9825619294122,2.37716937350894e-80,9.86393015080814e-80
"Acap1",16.9154249797894,-5.58012468728025,0.26958494218129,-20.6989479535831,3.54013854911129e-95,1.9838457569899e-94
"2810408A11Rik",18.5851676759426,-6.02603125896057,0.285309816260514,-21.121009217076,5.0993862961229e-99,3.11513124233605e-98
"Neurl4",1.17701364791509,0.138465718748278,0.214702514004965,0.644918944661613,0.518979714131746,NA
"Gps2",1.43521097445505,0.474422988403669,0.204555219469487,2.31929055457047,0.0203792872364334,0.0293785913764657
"Eif5a",51.2322420238628,-5.67747878932386,0.257941698570922,-22.0107056004472,2.27425054608602e-107,1.62180161893019e-106
"Ybx2",10.2760918047935,-5.1124672651086,0.277102629129767,-18.4497248588516,5.24112441040668e-76,2.02731896423289e-75
"Rai12",1.25266937252915,0.244020465701912,0.212648742620764,1.14752837329067,0.251163313531527,0.294845275205982
"Ctdnep1",10.0208769090571,-4.78322900594702,0.260509198980475,-18.3610752505731,2.69223297925119e-75,1.03144632305991e-74
"Gabarap",18.6332960322168,-3.73888338100192,0.260494800245197,-14.3530058084944,1.02017996988641e-46,2.85006124849188e-46
"Phf23",1.30262331938765,0.298372260802412,0.211782425839377,1.40886223028112,0.158875909697492,0.197436554843687
"Acadvl",1.32162306916652,0.158019298412626,0.204227243026596,0.773742504040209,0.439083079386894,0.466425249165566
"Asgr2",46.4421998150356,-7.38907545527246,0.28414679845663,-26.0044297363437,4.41260090865152e-149,6.00619993302762e-148
"Mgl2",83.7129478732221,-8.18865643375426,0.225618414191255,-36.294273510906,1.99202738220004e-288,8.70157567789474e-287
"Clec10a",375.883870328001,-10.2985608177072,0.20732003051472,-49.67470240159,0,0
"Slc16a13",31.4237167063453,-6.80150935679175,0.25453816615556,-26.7209804310251,2.68538992320309e-157,4.08680332335864e-156
"Mir497",67.7407342014564,-7.94229588089602,0.274255607815124,-28.9594657486454,2.13283388417232e-184,4.53498691461488e-183
"0610010K14Rik",1.73976299435023,-0.0385897587123026,0.187936945972019,-0.205333541591381,0.837311539919096,0.845736501234072
"Rnasek",2.18703159431936,1.30743469131861,0.198339114896593,6.59191552811081,4.34187629337529e-11,8.1851189062546e-11
"Alox15",2.35121877120862,-2.44495072333868,0.233136381112978,-10.4872122989413,9.89034534528175e-26,2.27534608648615e-25
"Arrb2",2.52169097363517,-2.06035627095905,0.222665925533673,-9.25312782376067,2.18017468768838e-20,4.69202715717722e-20
"Med11",1.24734992323521,0.193442314227221,0.210841243734064,0.917478529348895,0.358891938805798,0.393564190526606
"Cxcl16",1.25446521829059,0.30396192650368,0.210666318538525,1.44285963039742,0.149060017223755,0.186414300409201
"Zmynd15",10.5617329040828,-5.14488110504388,0.278405211530791,-18.4798304484141,3.00122948533655e-76,1.16652404418889e-75
"Psmb6",1.85627289823247,0.98610570297947,0.20218553302353,4.87723175952806,1.07585003443251e-06,1.86917529696711e-06
"Mink1",1.23203311012545,0.271423457769365,0.211987203148697,1.28037661584212,0.200412713976693,0.242915550177492
"Chrne",19.6869444282566,-6.11271198960014,0.293392503360853,-20.8345882037821,2.10315723552115e-96,1.20576395051295e-95
"Slc25a11",26.2643788029407,-6.02587407851947,0.267046825758181,-22.5648594077508,9.59781903205405e-113,7.63728892489667e-112
"Rnf167",7.05773709560695,-3.95108040935895,0.248175281496874,-15.9205235329157,4.56540820913148e-57,1.38273460119909e-56
"Pfn1",15.0528088282519,0.385450171877634,0.233047891355458,1.65395262594212,0.0981371386754086,0.128213205827965
"Eno3",2.21993947995427,-1.68704785314367,0.216199916219832,-7.80318458323677,6.03641571300857e-15,1.20890427860751e-14
"Spag7",1.71952638814627,-0.375278661753324,0.191250957088205,-1.96223154888708,0.049735532441576,0.0688098275497023
"Camta2",1.18906340827923,0.168040440742682,0.214081409477619,0.784937100109338,0.432490448442532,NA
"Inca1",21.8802172910342,-6.27177891402255,0.275853675479552,-22.7358903343213,1.97918390178202e-114,1.6167981169487e-113
"Kif1c",10.7606944996161,-5.0342426646207,0.278987870146524,-18.0446650314106,8.68896981677355e-73,3.1784458614967e-72
"Zfp3",4.14034598057807,-3.5739124313043,0.265456611530152,-13.463263961306,2.5729460666465e-41,6.90528455932891e-41
"A430084P05Rik",1.67168260569891,-0.913111173481455,0.204949194429555,-4.45530501363015,8.37740053785055e-06,1.42234609879915e-05
"Rabep1",15.1206120527087,-5.4922558617653,0.277996047311993,-19.7565969547811,7.03935740399089e-87,3.32237302430673e-86
"Nup88",12.1693429374473,-5.23736762658045,0.271966864369322,-19.2573740140206,1.22432132375115e-82,5.28396635798348e-82
"Rpain",9.16680428456643,-4.69189432571534,0.274959292661478,-17.0639598331083,2.75248228477507e-65,9.05638671700337e-65
"C1qbp",2.37324440171094,-1.38666420484401,0.219189361678531,-6.32632986484868,2.51060826359336e-10,4.67048294225138e-10
"Dhx33",1.35079070311044,-0.676793217228648,0.199890024150424,-3.38582788263279,0.000709638773888699,0.00112678765009856
"Derl2",1.37701404080309,0.474135665849781,0.208491383407057,2.2741259523617,0.0229584147209443,0.032923880451464
"Mis12",4.05943452681683,-3.41678575329407,0.257518918701934,-13.2680960704438,3.54472783596095e-40,9.44778110988827e-40
"Wscd1",3.53878707568132,-3.12406560922212,0.260165085340145,-12.0080125476393,3.22502610474318e-33,8.04907304172097e-33
"Fam64a",11.8891118315613,-5.33032986581448,0.277395301604052,-19.2156458130025,2.73805899264249e-82,1.17297233825144e-81
"4933427D14Rik",8.28888877347276,-4.70425667616975,0.278629080971455,-16.8835810668725,5.94279950262884e-64,1.93159485701884e-63
"Txndc17",1.68973433096326,0.929647640544777,0.202485916084062,4.59117186283135,4.40764194219153e-06,7.5472825777398e-06
"Med31",19.6238323369357,-5.90990679480021,0.279588020842623,-21.1379113346449,3.56509673900972e-99,2.18296832582179e-98
"Slc13a5",40.6863609208652,-7.1942968383127,0.263280515096885,-27.3255954230615,2.1062785484326e-164,3.54670129768328e-163
"1700051A21Rik",12.2951118572008,-5.39323358872476,0.288255721096955,-18.7098926196533,4.11202680655801e-78,1.63478902743586e-77
"Xaf1",40.6588139897496,-6.89922678366177,0.254735681133142,-27.0838649417777,1.52537719637083e-161,2.45755214970855e-160
"Fbxo39",13.1037500308941,-5.49184955375802,0.28984650592138,-18.9474409439583,4.63585991333566e-80,1.91449278066552e-79
"Tekt1",10.8846618667779,-5.19205016795699,0.259692661227801,-19.9930569597519,6.32966482762958e-89,3.12000475922818e-88
"Smtnl2",17.4477098784,-5.86581373276462,0.285107035602515,-20.5740756988631,4.68577580878648e-94,2.56660542726814e-93
"Mybbp1a",2.18350235984209,-1.92199676888732,0.219292393219611,-8.7645391646692,1.87542217615684e-18,3.92924092295351e-18
"Spns2",2.10672093462453,-2.05637409468377,0.225580711666981,-9.11591279009502,7.80109768670302e-20,1.66721514532609e-19
"Ube2g1",2.00334411443512,-1.57482655931401,0.218997256655857,-7.19107893569997,6.42813029144002e-13,1.24855219056063e-12
"Ankfy1",1.22375196324987,0.234613704087721,0.212771655152376,1.10265488097887,0.270177067462149,0.313589896068377
"Cyb5d2",1.8902699028953,-1.87878691575255,0.224141314250162,-8.38215356253176,5.19679721312332e-17,1.07286064672746e-16
"Zzef1",1.28644474728197,0.0487367421483247,0.204308251167085,0.238545148665912,0.811458302230948,0.821291776567242
"Atp2a3",1.35399801313395,0.218282469685258,0.202984821038041,1.07536351028114,0.282212012008836,0.32562924462558
"1200014J11Rik",1.23225947844495,0.0875657425958353,0.214640270189695,0.407965115392589,0.68329928609418,0.69732595765623
"Gsg2",1.22614320954667,-0.256608896392905,0.202781153523841,-1.26544746360137,0.20571096995138,0.248193982005363
"Tmem93",1.91751996031807,-0.518238561642346,0.197667535977869,-2.62176871421298,0.00874747725097552,0.0130127760758314
"Tax1bp3",1.29395287587217,0.376297433102519,0.21014529327887,1.7906536341176,0.0733488944887587,0.098570756945393
"Ctns",2.58188514864156,-2.49884798726406,0.226566711918317,-11.0291929741425,2.76333549196787e-28,6.56111497296896e-28
"Aspa",15.583960445862,-5.72549447989306,0.281074862924355,-20.3699982998265,3.08688667288887e-92,1.62189717488474e-91
"Spata22",405.694536428307,-10.5401849927258,0.201799348392173,-52.2310159904096,0,0
"Olfr20",269.716110381143,-9.94969347783187,0.182567459412816,-54.4987234298633,0,0
"Olfr376",85.4672119261143,-8.28155839030512,0.227429499912866,-36.4137387343242,2.58054963985065e-290,1.15626344377857e-288
"Olfr1",136.732270472526,-8.96501436709505,0.224590498747386,-39.9171577475264,0,0
"Olfr75-ps1",162.661472033266,-9.2169993282073,0.23926606742324,-38.52196605841,0,0
"Olfr378",22.2384784091757,-6.29644950724241,0.28640313321457,-21.9845692209142,4.04617686871251e-107,2.87361132716725e-106
"Olfr381",14.9066072768933,-5.69014749526528,0.256865894652551,-22.1522109930633,9.93230912495353e-109,7.30234558200809e-108
"Olfr384",15.5229269385579,-5.75211853657078,0.282124988243544,-20.3885468365718,2.11330170171887e-92,1.1142863518154e-91
"Zfp735",5.69618592666115,-4.15014773460117,0.247115628768319,-16.7943555625618,2.68403885981584e-63,8.6834105040215e-63
"Olfr389",21.5205832905384,-6.24720483348102,0.28928006817959,-21.5956974595382,1.97145512789937e-103,1.30265769210566e-102
"Olfr391-ps",26.9535123795942,-6.58414649460756,0.264471554451077,-24.8954807569883,8.32773932314795e-137,9.7250110216627e-136
"Olfr394",2.39898295915404,-2.49258901753078,0.241671796375437,-10.3139425241766,6.09485500625803e-25,1.38718740495605e-24
"Rap1gap2",1.22388525278566,0.163992192269792,0.209995953631149,0.780930248579163,0.434843520181555,0.462156810617473
"1300001I01Rik",78.4353596528418,-8.09333914303846,0.278330192424715,-29.0781933233047,6.77476547439744e-186,1.45233165405974e-184
"Pafah1b1",1.7188122219188,0.772133783949384,0.204911976858349,3.76812422478918,0.000164478850799792,0.00026784576545778
"Mettl16",30.4447256354585,-6.63836976902243,0.276371963645505,-24.0196931753081,1.73166864508544e-127,1.75520588880505e-126
"Mnt",1.20467848355538,0.0572197710365865,0.210940377731379,0.271260399037745,0.786190761936434,NA
"Tsr1",1.19699145203982,0.0878940159536908,0.216017762395259,0.40688328116679,0.684093715878418,NA
"Smg6",1.209116952323,0.148432242994407,0.214607246706496,0.69164599645327,0.489159668613453,0.512050895553324
"Hic1",3.61591415376917,-3.16307169620875,0.255570914821593,-12.3764932266131,3.50317794353821e-35,8.88777101592684e-35
"Rpa1",1.39220293557932,0.182547689594077,0.202699491193713,0.900582870332035,0.367810145660236,0.40272028533748
"Smyd4",1.76691587480802,-1.63508270186539,0.223556940895216,-7.31394290563214,2.59415403040689e-13,5.06792067317514e-13
"Wdr81",1.24510953724239,-0.268685357467206,0.20090186427519,-1.3373960387902,0.181093396784517,0.222346826112003
"2210403K04Rik",1.29654220402139,-0.148474234414445,0.197667739015216,-0.751130331910236,0.452574222880453,0.480072636341387
"Prpf8",1.4113565477354,-0.214102445303978,0.193348511373143,-1.10733950721132,0.26814716938629,0.31331353647374
"Rilp",2.29708352390883,-2.33416170397691,0.236135440992633,-9.88484275873575,4.84341581876882e-23,1.07792072368251e-22
"Scarf1",6.84010608970992,-4.37798098027851,0.272508507965484,-16.065483653938,4.45376936189904e-58,1.36036723634365e-57
"Slc43a2",1.27476369211815,0.350785079230794,0.21050901414207,1.66636607301791,0.0956405239201486,0.125633284354681
"Pitpna",1.95569873351897,1.09189741910026,0.203020750156772,5.37825526827727,7.52111288654971e-08,1.3415414067244e-07
"Inpp5k",1.25602852365456,0.234684249283866,0.212846430300614,1.10259894400112,0.270201369039335,0.313589896068377
"Myo1c",1.4406477370848,-0.00409964214148073,0.192424268896106,-0.0213052239460201,0.983002176679687,0.984133364454923
"Crk",1.32626214569453,0.249900269620101,0.205883648960284,1.21379366881295,0.224826524586791,0.267882779808959
"Ywhae",2.29697598759584,1.46484668521488,0.200703313248976,7.2985675298629,2.90847521950809e-13,5.6766650386361e-13
"Rph3al",11.8648309533098,-5.33793647489914,0.28404396216422,-18.792641935522,8.67511296681986e-79,3.49414272274689e-78
"Fam101b",2.03860102155201,-1.77534284548323,0.223901191487297,-7.92913531942484,2.20676984109694e-15,4.44933896119198e-15
"Vps53",1.20866457971771,0.177742654480979,0.213934153733221,0.830828791846984,0.406070355079777,0.436795720715753
"Fam57a",7.01384677958488,-4.49878170538045,0.268968383384844,-16.7260614380223,8.46544631135733e-63,2.72355191034116e-62
"Dbil5",3.02588427205379,-2.98919723285938,0.245319389170826,-12.184920413192,3.74018271394204e-34,9.41130574440948e-34
"Glod4",1.31480739025972,0.301023131900822,0.2088733192483,1.44117560339518,0.149535078881051,0.186986013117519
"Timm22",10.0732470285148,-4.92544027571499,0.282540552926711,-17.4326843516605,4.66059131240886e-68,1.58697238426447e-67
"Abr",1.23872705772567,0.28036857023115,0.211873089955255,1.32328541718234,0.18574047939348,0.227031556315038
"Gosr1",1.19678891703961,0.137524771059494,0.213328417878552,0.644662218128796,0.519146105498166,NA
"Cpd",1.21275739723473,0.23470897217385,0.21270273086383,1.10346007886522,0.269827418802769,0.313589896068377
"Tmigd1",17.2939663266207,-5.91686728121486,0.29790229147637,-19.8617716295217,8.71804300895043e-88,4.20398933087494e-87
"Blmh",1.30093766574003,0.0392319370159417,0.2057571150917,0.190671107526255,0.848783276224366,0.856826281549253
"Ccdc55",1.78790134559565,-1.17652096975349,0.205622886776891,-5.72174133042916,1.05437753480269e-08,1.90609549148747e-08
"Ssh2",1.40025847808955,0.468948409006906,0.207492493219559,2.2600740958406,0.0238166525479105,0.0340610756986555
"Coro6",8.21760828536459,-4.75643946406735,0.280259973984439,-16.9715261028728,1.33419253517896e-64,4.36644829694934e-64
"Ankrd13b",2.5997156874438,-2.65695935980487,0.241617031458239,-10.9965731462275,3.96930826776755e-28,9.40312646142347e-28
"Git1",1.18526284690032,0.118456290489519,0.21520230977151,0.550441538547094,0.582016564493078,NA
"Trp53i13",1.20114273062874,0.187416006192118,0.21372900607624,0.876886154260525,0.380548477333244,NA
"Abhd15",3.6317097447071,-3.30800700721726,0.261701976524944,-12.6403592786849,1.26474713641463e-36,3.25782385989854e-36
"Taok1",1.52020051635119,-0.361198025281451,0.185602485516392,-1.94608398845796,0.0516446515943386,0.0711212455671936
"Nufip2",4.47714031011472,-3.32469736965193,0.25062064208842,-13.2658560841089,3.65226017209395e-40,9.73190306193486e-40
"Cryba1",1.88909364107745,-1.90891464071575,0.221062004742361,-8.63520007855043,5.86243384451887e-18,1.22236487590927e-17
"Myo18a",1.1929419535772,0.138473955478725,0.214776750204536,0.64473438278051,0.519099330864725,NA
"Sez6",4.30605053424597,-3.66086442162155,0.25246987820666,-14.5002027474538,1.20792581450127e-47,3.39729135328482e-47
"Phf12",12.5365454993899,-5.24005214644113,0.28177140303061,-18.5968202950386,3.40940150552226e-77,1.34014125442968e-76
"Dhrs13",2.21875413509131,-2.25469810723801,0.23907674701512,-9.4308548839985,4.06760067320783e-21,8.82680337316353e-21
"Flot2",72.0909978720914,-7.83295432412155,0.28499710956456,-27.4843290028075,2.7026378020374e-166,4.66372539723478e-165
"Mir144",32.370206101185,-6.85632108610949,0.285486091600307,-24.0163051295285,1.87873774092147e-127,1.90242696558876e-126
"Eral1",9.42542228613412,-4.88612335334791,0.276677991597005,-17.6599639354936,8.52941508812883e-70,2.97617291176688e-69
"BC017647",13.3172081986066,-5.37660454088933,0.276202420017539,-19.4661746285492,2.12565287690932e-84,9.5162161384791e-84
"Traf4",2.56589158664362,-2.40669324928067,0.238563502152696,-10.0882709532836,6.22564256139316e-24,1.39956305643722e-23
"Nek8",15.274301044762,-5.70464084668346,0.284417437623444,-20.0572823324431,1.74356499721764e-89,8.68040942820801e-89
"Rpl23a",19.5045456947449,2.61579708204288,0.195107949319833,13.4069221226599,5.5077589964819e-41,1.47627737928809e-40
"Snord4a",3.0694126130433,-3.01808149844187,0.250456009739096,-12.0503456937841,1.93138213685271e-33,4.82961185838139e-33
"Rab34",1.92917206130652,-1.78838322265899,0.219903579326932,-8.13257896089172,4.20252276722677e-16,8.56084637850682e-16
"Supt6h",7.47260108774718,-4.50692770327954,0.272088314970457,-16.5642089546143,1.26431926532244e-61,3.99984640302009e-61
"Sdf2",2.55773679944954,-1.930144763413,0.227907561657314,-8.46898079807989,2.47549477504611e-17,5.1308646915786e-17
"2610507B11Rik",55.8851011303668,-7.50632746675536,0.275775658210779,-27.2189631073899,3.87421609738545e-163,6.39981266720001e-162
"Aldoc",1.7109439650371,-1.53579827014271,0.217347524892452,-7.0660950517042,1.59354283922307e-12,3.07686096569057e-12
"Pigs",3.6449808041104,-2.96722888873527,0.247952243544354,-11.9669370452963,5.29473547784804e-33,1.31768863858721e-32
"Unc119",23.1248434272958,-5.58665635487747,0.298142035116037,-18.7382378090467,2.41493784612364e-78,9.64496982154966e-78
"Foxn1",2.72988546968876,-2.77708223775433,0.244169881976619,-11.3735658766475,5.66259742054925e-30,1.3684610432994e-29
"Gm11194",13.6616875181245,-5.55621120644522,0.289515839813744,-19.191389355483,4.36804240988828e-82,1.8651273112161e-81
"Slc13a2",8.72435166693799,-4.85297838116502,0.277829754363989,-17.4674537371798,2.53561071838582e-68,8.6593967615139e-68
"Sarm1",5.82925694227707,-4.18953961252989,0.268058987138862,-15.629170494327,4.60762150649186e-55,1.37360275636137e-54
"Tmem199",7.19887562715963,-4.39076157868204,0.265531553192134,-16.5357432135569,2.02860594843234e-61,6.40612404768107e-61
"Poldip2",7.51628246995132,-4.47049294446983,0.269651804995283,-16.5787614310537,9.92533829155164e-62,3.14860321372832e-61
"Tnfaip1",1.2594659987739,0.295346250236246,0.210275931303935,1.40456517493364,0.160150618376041,0.198807664190948
"Ift20",36.4589605652049,-6.64969922110893,0.290904065682057,-22.8587359393481,1.19644167840629e-115,9.96875588392788e-115
"Tmem97",1.48421564106274,-0.992556217321919,0.199538686911472,-4.97425453021187,6.54992023082732e-07,1.14502959159138e-06
"Fam58b",1.23581857404008,0.196958915365808,0.213581457505493,0.922172353659221,0.356438681257878,0.392000127749348
"1810012P15Rik",1.18906634056326,0.0773754883880779,0.214693819701519,0.360399235039231,0.718548598595464,NA
"Nos2",51.9201250733063,-7.54212599806629,0.211325024177562,-35.6896966055906,5.71207360376203e-279,2.30247291209558e-277
"Lgals9",1.40896171482609,0.53593948065619,0.207547333483434,2.58225182497451,0.00981579315028789,0.0145377898267847
"Gm11201",3.35399952601366,-3.19195413449268,0.248713357476778,-12.8338669337079,1.05941564970394e-37,2.75543083779499e-37
"Wsb1",1.77993105105741,-0.848412844646134,0.205677297523045,-4.12497079095992,3.7078180994242e-05,6.1787104482025e-05
"Nf1",13.0932357116025,-5.39317969625784,0.279547496929495,-19.2925343832288,6.20554221049792e-83,2.6960408105534e-82
"AU040972",2.52663841968247,-2.60863057759666,0.237786033785892,-10.9704953485432,5.29813390049948e-28,1.2536835430919e-27
"Evi2b",2.57058443455595,-2.03067106370031,0.232354943285471,-8.73952167742533,2.34099464356697e-18,4.89681107570409e-18
"Evi2a",24.0102628500741,-5.96551308740252,0.296731179778383,-20.1040992451752,6.79427940000162e-90,3.42833624630338e-89
"Rab11fip4",4.19116023319006,-3.61032965284643,0.257545469720126,-14.0182223231097,1.20597756671918e-44,3.32113051874129e-44
"Mir193",119.537101522713,-8.76979718869583,0.242193290257447,-36.2099097765,4.2514209037254e-287,1.81905058339726e-285
"Utp6",60.9360195807734,-7.64413730509579,0.255637797626985,-29.9022185922982,1.84135284897203e-196,4.38897802357718e-195
"Suz12",1.2599566760606,0.187405355282644,0.213933884771897,0.875996598119375,0.38103188315777,0.414225210457603
"Crlf3",1.6725877862098,-0.336499677353557,0.197836019265285,-1.70090198237528,0.0889613943299113,0.117237783572065
"1110002N22Rik",86.2058933736235,-8.26205160263629,0.248638616303344,-33.2291569405954,4.08382618065901e-242,1.37977816589256e-240
"Rhot1",14.7133990515502,-5.50011951263686,0.285082601205447,-19.2930732685197,6.14118920898854e-83,2.66919297842799e-82
"Rhbdl3",8.02884999617046,-4.6964465762591,0.273205045708443,-17.1901897495371,3.14501359538618e-66,1.04733467099942e-65
"5730455P16Rik",45.266547928533,-7.28747380067951,0.265099994037661,-27.4895283462142,2.34228188546894e-166,4.04857994773109e-165
"Zfp207",1.47584100095635,0.550864310411556,0.2073255053508,2.657002135263,0.00788389436755934,0.0117818289718465
"Psmd11",1.35406008270708,0.307240951151339,0.211633385417795,1.45176031912357,0.146568260836903,0.183760375061519
"Cdk5r1",2.05958328775078,-2.08112190545796,0.230419954955642,-9.0318649088296,1.68770686452004e-19,3.59145121597823e-19
"Myo1d",22.5650045841317,-6.264538750824,0.27577880675195,-22.7158091827508,3.12653717852784e-114,2.54411910707955e-113
"1700071K01Rik",106.206724123757,-8.59786402697346,0.256557347075009,-33.5124451706298,3.17512044552422e-246,1.10494191504243e-244
"5530401A14Rik",187.759728535522,-9.42502966226764,0.263742027975381,-35.7357897587237,1.09985738599865e-279,4.50294553326506e-278
"Ccl2",62.7121901460261,-7.80834747436595,0.256045827522458,-30.4958981363642,2.95353118214011e-204,7.5206989125714e-203
"Ccl7",52.651192249595,-7.5629014125081,0.25284106189552,-29.9116818914219,1.38703227170171e-196,3.31364231500362e-195
"Ccl11",22.332630981525,-6.2172135992007,0.1994648555884,-31.1694688312915,2.76343404953612e-213,7.53270273555016e-212
"Ccl12",65.6772257461051,-7.86594271746389,0.270302815251245,-29.1004838782479,3.53963201362182e-186,7.61918908753838e-185
"Ccl8",16.4976854810915,-5.70154975598216,0.260495441124141,-21.8873302787094,3.43024105708989e-106,2.38426875073359e-105
"Ccl1",9.32714430536577,-4.95918638859471,0.240968728016475,-20.580207354772,4.12911439619209e-94,2.26526296879902e-93
"Tmem132e",12.6909621792323,-5.44244554466605,0.260247823134345,-20.9125497347832,4.11636859753295e-97,2.39815224097344e-96
"Gm11426",28.4549753626589,-6.66490646079086,0.23532632006957,-28.3219763043101,1.85360660978772e-176,3.64437909720976e-175
"Cct6b",31.1200847080746,-6.78730419727694,0.24845114740081,-27.318465896748,2.55992012147916e-164,4.29671480196823e-163
"Mir1928",16.0796664931815,-5.80610913339338,0.230589327760298,-25.1794356217081,6.72972198178779e-140,8.20774503386268e-139
"Zfp830",6.66765192992581,-4.09369773573545,0.215827180273788,-18.9674800483534,3.16730137430322e-80,1.31164721728384e-79
"Lig3",14.5192429367067,-5.57428906043298,0.193559657848144,-28.7988164600201,2.21941669947581e-182,4.60650305020427e-181
"Rffl",18.6984324188223,-5.94922359278722,0.257833387002777,-23.0739069984103,8.46623240646281e-118,7.32290524635226e-117
"Rad51l3",1.18931546304712,0.12852481623814,0.215009375576805,0.597763776083467,0.549997564170466,NA
"Nle1",102.382198474376,-8.46105825400187,0.282747909719314,-29.924388344378,9.47991765897594e-197,2.26996193485571e-195
"1700003F17Rik",35.6239871481853,-6.99811299655904,0.287300509470623,-24.3581642422204,4.75039482799515e-131,5.10227592636516e-130
"Slfn5",1.58799336230932,-0.680041239250437,0.196524209122166,-3.46034334542316,0.000539487031350816,0.000861067819492817
"Slfn8",1.22897007001971,0.15826392138766,0.214478830052407,0.737899965926656,0.460575239684437,0.485759357622077
"Slfn10-ps",130.873425712249,-8.87983382755144,0.243958424443039,-36.3989636669619,4.42077019820311e-290,1.97234362689062e-288
"Slfn2",13.9392341465105,-4.00283095933125,0.227267817734347,-17.6128366930075,1.96353389277331e-69,6.80135827490157e-69
"Slfn1",1.33146422080961,0.442434837272753,0.209263127205522,2.114251293006,0.0344938100251276,0.0484938562701767
"Slfn4",17.6935270273964,-5.89683019775166,0.267830792034177,-22.0169986914693,1.97947308527142e-107,1.41545883631737e-106
"AI662270",98.3014425565209,-7.92331954862932,0.236013725992407,-33.5714353701794,4.38210552722682e-247,1.54558046298135e-245
"AA465934",17.9348765737521,-5.97206438082085,0.2928306599913,-20.3942591974429,1.88040965572056e-92,9.92491243969801e-92
"Snord7",45.0905911132945,-7.34566395946525,0.297025174514015,-24.730779037447,4.99183373505006e-135,5.66464610803506e-134
"Pex12",3.94976827431594,-3.46209809949684,0.262535863912064,-13.1871434550232,1.04053880027643e-39,2.76277341680719e-39
"Ap2b1",1.33028495855329,0.333534665006134,0.211094258791925,1.5800271732397,0.114100643676326,0.147119277437932
"Rasl10b",15.2321880075309,-5.72333762390151,0.290334635108264,-19.7128999844173,1.67110235647116e-86,7.85162403310483e-86
"Gas2l2",36.2119633407198,-7.02234587021224,0.270227938986426,-25.9867499139864,6.9918124287821e-149,9.46751254947927e-148
"Mmp28",48.4910086410521,-7.44176925939823,0.241779341981761,-30.7791774036659,4.97853647662156e-208,1.30265465704083e-206
"Taf15",34.5486703101546,-6.7004974300965,0.269815175297179,-24.8336566789338,3.88341308708963e-136,4.47987100875312e-135
"Ccl5",9.64582708004375,3.84524969226115,0.343460046893418,11.1956244315497,4.2837343409029e-29,1.02668013129078e-28
"Ccl9",17.8235748262,-4.7108694120927,0.297777259348673,-15.8201113892873,2.26092319600287e-56,6.81409877779156e-56
"E230016K23Rik",12.7843577574223,-5.42090771753391,0.279202903528825,-19.4156566748392,5.69039255026378e-84,2.52369151337102e-83
"Ccl6",4.30213015319158,2.82040968209499,0.267979547099188,10.5247199371192,6.64587856703693e-26,1.5323094575942e-25
"Ccl3",10.1870331086563,-4.80014206698707,0.281638348984603,-17.0436379999142,3.89717208704754e-65,1.28065711642355e-64
"Ccl4",1.39289519324329,0.550975478132944,0.212265655059966,2.59568830377807,0.00944016596078725,0.0139973487616274
"Gm11428",1.70040692864642,0.851286639006622,0.222155405285075,3.83194204936959,0.000127135690106424,0.00020784475488742
"1100001G20Rik",1.48815177154575,0.77112500869168,0.211581288484074,3.64458036065758,0.000267828442860132,0.000433239687551872
"Heatr6",2.19744248978536,-1.96001498007024,0.218082933875836,-8.98747529316606,2.52974595711605e-19,5.36799751875845e-19
"Ddx52",1.2601484105986,0.25320657238762,0.212457547198108,1.1917984356259,0.233340289342569,0.276695742225986
"Synrg",2.47808728981845,-2.42861429554328,0.236461319093508,-10.2706620467718,9.55466942541945e-25,2.17038182770625e-24
"Tada2a",1.19218054687593,-0.135835554895509,0.206597464700975,-0.65748897302353,0.510866558984077,NA
"Acaca",7.371077483383,-4.54431082026103,0.248790231112378,-18.2656320545334,1.55403056534528e-74,5.84862260353449e-74
"Aatf",1.66832850573161,-1.32411738052106,0.213285216320243,-6.20820047148943,5.35947554675019e-10,9.91194414669123e-10
"1500016L03Rik",2.09093860969613,-2.16840446624363,0.230151357905702,-9.42164532929702,4.44074005182673e-21,9.63052059432302e-21
"Mrm1",12.7597654648532,-5.4059814011655,0.276687914298001,-19.5381913043846,5.19921737796293e-85,2.35896694593364e-84
"Dhrs11",1.50332819697066,-1.02522947508798,0.206400827616043,-4.96717715199846,6.79345246721032e-07,1.18680796113915e-06
"4930502E09Rik",47.3332215857366,-7.41697378455037,0.311658887371004,-23.7983708634661,3.47204007782335e-125,3.394016705288e-124
"Ggnbp2",1.99936185816652,-1.14151943065219,0.20860416848596,-5.47217938614214,4.44534512036894e-08,7.94817658103301e-08
"Pigw",1.78305906770282,-1.69976460084109,0.220915602600745,-7.69418085834812,1.42403508353611e-14,2.83341457444577e-14
"Myo19",5.6586088600034,-4.1032390610678,0.24608298601492,-16.6742086786082,2.01866981438443e-62,6.46073355676683e-62
"Znhit3",2.05820404170865,-1.91126573990703,0.219145905382774,-8.72143030265013,2.7470931281715e-18,5.74052286991802e-18
"Car4",3.97629995675252,-2.8086702290863,0.250136344781719,-11.2285570956803,2.95260799293181e-29,7.09114963105777e-29
"Usp32",4.10231762609927,-3.38339510619687,0.255845586371416,-13.2243637820084,6.34720285555217e-40,1.68827510348954e-39
"Appbp2",2.07631594198604,-1.95677350962034,0.223133511375776,-8.76951874039648,1.7943155174919e-18,3.76233259743231e-18
"D630032N06Rik",37.0358509295318,-7.05556992545593,0.29144742515107,-24.2087227972548,1.80064297027453e-129,1.88175301398059e-128
"Ppm1d",1.28169195117572,-0.244802848306313,0.199607732311586,-1.22641966556775,0.2200407893079,0.262480100591233
"Bcas3",47.4258231936943,-7.25773836591586,0.283647521576644,-25.587173565184,2.11938022160205e-144,2.74861236192863e-143
"9530048J24Rik",12.134767405339,-5.36188301926132,0.274763645184477,-19.5145286257261,8.26276807183007e-85,3.73111153416548e-84
"Tbx2",1.25089645577736,0.324747718090393,0.211887540639286,1.53264187743459,0.125364117286444,0.16007844721997
"Med13",4.26097917451031,-3.47660751848362,0.254582529266886,-13.6561119433259,1.85633939729021e-42,5.01168433093089e-42
"Rnft1",1.63850985524592,-0.829848005396027,0.205504644637367,-4.03809853962365,5.38862180516585e-05,8.91839119307729e-05
"Rps6kb1",1.4097871340729,0.489935562590135,0.208407443501523,2.35085443378876,0.018730359712834,0.027117591929273
"Vmp1",1.39012859220431,0.489962285428528,0.208339338953682,2.35175117617829,0.0186852695101113,0.0270710815550322
"Ptrh2",1.23613003431805,0.196934373277052,0.213668027016726,0.921683866447816,0.356693498404951,0.392000127749348
"Cltc",2.38974199523511,-1.56735575315269,0.21389310802691,-7.32775248165313,2.34044462829558e-13,4.57484402160753e-13
"Dhx40",1.26297839981924,0.0949247378875791,0.205401823148148,0.462141652068559,0.643979742369811,0.659973349400297
"Ypel2",2.86420401299003,-2.81670050864166,0.25248155909213,-11.1560643033492,6.6887581471207e-29,1.59868669999863e-28
"Fam33a",7.35674362951186,-4.54294924472973,0.270636660718281,-16.786156142603,3.08168953103002e-63,9.95754834538947e-63
"Mir301",11.1597031770705,-5.24253749348033,0.275364427406858,-19.0385430058994,8.17708457761084e-81,3.42708803654184e-80
"Trim37",1.22028378484396,0.225332489831705,0.212937845022954,1.05820780616717,0.289960713186728,0.331827717078859
"Sept4",1.45238632689763,0.693199242702883,0.207671426028442,3.33796158653017,0.000843954159718328,0.00133599415124478
"Supt4h1",2.11956180422174,1.1964173314563,0.201573885153341,5.93537863571049,2.93168122419673e-09,5.34989546943085e-09
"Mks1",2.43145279879866,-2.51083884539303,0.236040534218552,-10.6373206352271,1.99792053120308e-26,4.63723662644734e-26
"Dynll2",1.33810018078471,0.442338142961924,0.20897451053689,2.11670859678285,0.0342845867831633,0.048277729432995
"Srsf1",1.44825624259205,0.434205767845428,0.209594248747976,2.07164924819828,0.0382981635634449,0.053589710173216
"Vezf1",9.47167971332839,-4.61064226895406,0.269594927574971,-17.1021106013647,1.43125836046052e-65,4.73158242026847e-65
"2210416O15Rik",12.5174089582737,-5.42060490450744,0.29537882417473,-18.3513659777483,3.21916609558112e-75,1.23196825652005e-74
"Cuedc1",1.17355728774182,0.118476273092528,0.215158152734445,0.550647380017039,0.581875422651348,NA
"Mrps23",1.39257021724819,0.409667155173345,0.20985517966847,1.95214221455262,0.0509213224988217,0.0702174547973166
"Msi2",5.34482594316964,-3.81680367134418,0.270435262327066,-14.1135576718103,3.13361758055417e-45,8.67081037396913e-45
"Mir378b",954.177292792609,-11.7758621866273,0.166686894227899,-70.6465990693126,0,0
"4930405P13Rik",3.31948983957053,-3.1722269290543,0.253392219037915,-12.5190384341661,5.87424734685145e-36,1.5020118124205e-35
"Scpep1",1.23118748175949,0.223088450843975,0.211608125375129,1.05425276297162,0.291767209152824,0.332792490282474
"Trim25",1.27873227953256,0.28647931442384,0.21038483559896,1.36169184251442,0.173295156755403,0.213198378096442
"4932411E22Rik",5.80401260642772,-4.1826750142892,0.261620985373842,-15.9875363526836,1.56082635800103e-57,4.75350851153173e-57
"Pctp",1.39404587876113,-0.761498152299377,0.203415097769954,-3.74356751611707,0.000181425823071217,0.000295074870363532
"Tmem100",2.21103773451522,1.633060860918,0.242366761609264,6.73797368118807,1.60610650849916e-11,3.05034599758619e-11
"Mmd",1.24358026140085,0.243931125733037,0.212612784833766,1.14730224677579,0.251256725767629,0.294845275205982
"Cox11",1.17760322235035,0.10835403687336,0.21541215587308,0.503007996155991,0.614958650295767,NA
"Utp18",1.26397960028008,0.185749650277751,0.212499205203614,0.874119270703944,0.382053303955038,0.414748517551273
"Mbtd1",1.96844656651525,-1.93122968453454,0.2287018188572,-8.44431274829689,3.05839379854672e-17,6.33398755342744e-17
"Nme2",4.06068853075753,2.19903972938374,0.212095394740893,10.3681634958185,3.4611244309068e-25,7.91894347110827e-25
"Nme1",91.9983399407125,-7.43861594268205,0.254501648252899,-29.2281641150327,8.50894047149073e-188,1.8584380444009e-186
"Spag9",1.35326646729371,0.269533553436601,0.20687865766238,1.30285818983064,0.192623180253664,0.234544670147918
"Tob1",1.2594219652713,0.298364799153152,0.211598610255562,1.41005084481792,0.158524670139225,0.197436157265757
"Luc7l3",20.5724573070595,-5.62114469580451,0.254678651294057,-22.0715190191353,5.93633785872639e-108,4.28006679869499e-107
"Ankrd40",1.22056198328806,0.177726952302277,0.213991862423456,0.830531358947581,0.406238425423382,0.436795720715753
"Abcc3",2.45669738726922,-2.53120192532924,0.24617115965276,-10.2822846059614,8.46957680562269e-25,1.92557451765464e-24
"Spata20",14.9569239506756,-5.69562817052933,0.267143703516932,-21.3204657102028,7.33251522365825e-101,4.62267264100194e-100
"Acsf2",1.2408045191616,0.158275906692335,0.214503840999093,0.737869802028411,0.460593571120124,0.485759357622077
"Lrrc59",1.39275311488657,-0.159768246347029,0.19770333239941,-0.808121160164652,0.419020837469372,0.448996976617083
"Mrpl27",1.32225590107532,0.409684561318189,0.20955638162736,1.95500875772279,0.0505820365922666,0.0699624353501939
"Col1a1",2.67908529400565,-1.81601766259926,0.241495172971243,-7.51989217944125,5.48214334554176e-14,1.08314868522816e-13
"Ppp1r9b",1.31731984019451,0.384690059808565,0.2100716974594,1.8312322148152,0.0670658902818702,0.0907998862096847
"Itga3",1.17350100994034,0.138508389326512,0.214689444157724,0.645156960883254,0.518825474029275,NA
"Dlx4",1.298596223731,-0.663173862939808,0.190178032082108,-3.48712128146057,0.000488249888598313,0.00078131956421925
"Tac4",7.25830436217595,-4.55466881782835,0.276784525345402,-16.4556483500822,7.6399403396256e-61,2.40027015184145e-60
"Myst2",2.13244764464315,-1.94007942934112,0.224030226845162,-8.65990030301583,4.72177045078589e-18,9.84920749374719e-18
"Fam117a",3.82228532644043,-3.33725000945445,0.258404950750015,-12.9148067781524,3.71375126680599e-38,9.72205697729551e-38
"Slc35b1",11.5546391888004,-4.95892073194107,0.281114346344618,-17.6402264645075,1.20975170323757e-69,4.20853308290577e-69
"Spop",11.1436928955494,-4.57460246264341,0.262182004169651,-17.4481939640804,3.55290060814563e-68,1.21137434190204e-67
"Ngfr",10.0652967809021,-5.06838379552502,0.284031246073426,-17.84445854318,3.19181815413387e-71,1.14079361619848e-70
"Phb",1.47911489986764,0.543381220666539,0.207674093851497,2.61650940947453,0.00888339158716027,0.0131987366912296
"1110035M17Rik",4.29486183252812,-3.65612189272917,0.256395815258636,-14.2596784937426,3.90248223593736e-46,1.08587192279281e-45
"Zfp652",6.27963083331348,-4.27684450036665,0.272563735336721,-15.6911721769703,1.73816030307512e-55,5.19953970318174e-55
"Phospho1",56.5109897119559,-7.42962537039952,0.267684576757919,-27.7551492147361,1.51016677065534e-169,2.72770607018024e-168
"Abi3",2.44162279951286,-1.64744898844076,0.219612231569188,-7.50162673849857,6.30306450466259e-14,1.24440229630631e-13
"Gngt2",2.88808855258905,2.02283355414747,0.239473702666048,8.44699660809254,2.98892408752243e-17,6.19134275272503e-17
"Mir3063",30.2548663595869,-6.75605734074076,0.295294553569895,-22.8790448691483,7.512810210791e-116,6.29484258432247e-115
"Gip",1.74104259460291,-1.68200460255733,0.214057346181783,-7.85772893367054,3.911606515799e-15,7.84877417354249e-15
"Snf8",1.58441466623856,0.651760065304347,0.2062956118884,3.15935011577914,0.0015812140959866,0.00246828276945277
"Ube2z",1.24315768258995,0.262288258490754,0.212223230298789,1.23590738922161,0.216492990056055,0.259521314600617
"Atp5g1",3.12122498343645,-1.03409516063706,0.215165226652797,-4.80605150155485,1.53940259580402e-06,2.66523434497412e-06
"Hoxb4",1.18106463832383,0.158242181741521,0.214274484251373,0.738502217351652,0.460209320236255,NA
"Skap1",1.50498677988874,0.543611764641086,0.208425722236587,2.60817982928241,0.0091025120454591,0.0135082055088263
"Snx11",1.185350021889,0.148423395367232,0.214545193888743,0.691804801948629,0.489059920635282,NA
"Cbx1",1.31097205824356,0.298386262839647,0.211710743933126,1.40940538631285,0.158715332269358,0.197436157265757
"Gm11517",34.814222552698,-6.92109213821801,0.265836289114676,-26.0351668362043,1.98082479268367e-149,2.71032907413074e-148
"Nfe2l1",1.99750259493958,-1.55206121419823,0.221323111291082,-7.01264863458824,2.33848213032719e-12,4.5060453009627e-12
"Copz2",1.42638570994044,-0.815879284412181,0.204114957201191,-3.99715579690707,6.41081102580393e-05,0.000105883352490734
"Cdk5rap3",1.51667014389711,-0.720016441918998,0.195127547851667,-3.68997842614382,0.000224273070916382,0.000363799077123529
"Pnpo",1.18113500030978,0.128505854430711,0.214951075768193,0.597837689211169,0.549948239900918,NA
"Sp2",1.2091756407485,0.158290607641859,0.214367706664238,0.738406964859628,0.460267183472613,0.485759357622077
"Sp6",25.21817119022,-6.47408277987182,0.282217669144056,-22.9400334837546,1.85287119685189e-116,1.56885444404978e-115
"Scrn2",1.33084099559855,-0.657315263572597,0.19961191871398,-3.29296601028344,0.000991364585627233,0.00156412970741247
"Mrpl10",2.16262954453037,-2.01094845974221,0.229301080962617,-8.7699039677447,1.78818732055213e-18,3.75023616443636e-18
"Osbpl7",1.64389158828428,-1.40421503614536,0.217684141776382,-6.45069973718093,1.11334890601577e-10,2.08528212752147e-10
"Tbx21",1.29601298065486,-0.362344077143539,0.200882291987394,-1.80376315681563,0.0712684439056932,0.0959559652276808
"Tbkbp1",24.7605936329421,-6.27353035168497,0.301173016652913,-20.8303201309528,2.29919264054554e-96,1.31670714027951e-95
"Kpnb1",1.62694885212464,-0.741164411841309,0.200050394029059,-3.70488853790335,0.000211483708797823,0.000343266467638257
"Npepps",1.6875325446404,-1.16185923620895,0.206832322555336,-5.6173968452059,1.93855836285298e-08,3.49121085185184e-08
"Mrpl45",1.27872639775525,0.211930861768883,0.210667783331339,1.00599559371429,0.314417689657403,0.353529421650327
"Mllt6",1.2485170895533,0.177758259917737,0.21408686953433,0.830309025043839,0.406364086714533,0.436795720715753
"Cisd3",1.26364775286698,0.243979916845164,0.21268238749539,1.14715618777061,0.251317075221267,0.294845275205982
"Psmb3",2.19079293203089,1.23881891104491,0.199679708475565,6.20403004643062,5.50352712586698e-10,1.01747517609441e-09
"Pip4k2b",1.17745220479675,0.0981478966390662,0.215665455570514,0.455093266464159,0.649042142091088,NA
"Cwc25",1.2482863467967,0.271467069926959,0.212124464851065,1.27975370553113,0.200631770062192,0.242915550177492
"Rpl23",18.8595272605172,4.23769913331329,0.217350509340291,19.4970747764783,1.16243394862109e-84,5.23546610164114e-84
"Lasp1",1.44780457338615,0.602279263855569,0.206499121125869,2.91661901790108,0.00353847693675611,0.00541032501753571
"B230217C12Rik",2.64616698169208,-2.67855618756453,0.24307773639623,-11.019339851011,3.08311837972763e-28,7.31373685170561e-28
"Arl5c",1.31124642537605,0.367960001879487,0.210468748203016,1.7482880713699,0.0804141577422784,0.107077115354982
"Rpl19",18.3207004708859,4.12621889304665,0.214024099891556,19.27922554113,8.0269284808242e-83,3.48011351078923e-82
"Fbxl20",1.18921956799532,0.13851006268243,0.214749522720647,0.64498426319023,0.518937383833357,NA
"Med1",1.30604937898069,0.0119221002059582,0.204145146957612,0.0584001157197909,0.953429922600237,0.956269419919923
"Cdk12",1.39415121706737,0.324874074216211,0.211502523620534,1.53602930430789,0.124531193354473,0.15909271397708
"Stard3",1.25186627730564,0.196978321531171,0.213750497418619,0.921533862657634,0.356771770234255,0.392000127749348
"1810046J19Rik",1.70562923549009,0.809869626220474,0.204312754714863,3.96387209085756,7.3743775406213e-05,0.000121528810614185
"Grb7",7.55158144667071,-4.6076854938741,0.265685894932044,-17.3426048644872,2.24335901129048e-67,7.56237264380775e-67
"Ikzf3",1.25239423738018,0.206547060343726,0.213531116377272,0.967292560672016,0.333397801611879,0.371194373059014
"Ormdl3",1.2210334850386,0.147295179069911,0.213222671345976,0.690804491567923,0.489688412560223,0.512050895553324
"Psmd3",1.36594871847101,0.393123024009052,0.209951523085644,1.87244664021174,0.0611448375789112,0.0834338131386528
"Med24",1.20768478288716,-0.0482829329279021,0.207318087972668,-0.232893007069733,0.815844488706949,0.825091200435973
"Thra",1.20439368295472,0.215924855588286,0.213176628573309,1.01289178383845,0.311111853272773,NA
"Msl1",1.36660414295416,0.384814896812083,0.210241554773859,1.83034651368518,0.0671981401990862,0.0908859416606374
"Casc3",1.278160946782,0.333466576775139,0.210954450446156,1.58075156067993,0.113934854030296,0.147046970803584
"Wipf2",1.22443020306058,0.147251481122165,0.213190271176623,0.690704506868284,0.489751256526515,0.512050895553324
"Rara",1.64326725098308,-0.393812184216952,0.181224001022229,-2.17306858912494,0.0297751553904405,0.0421552240678328
"Igfbp4",1.6699379139743,0.883292151096846,0.209054145760231,4.22518361396149,2.38746034353263e-05,3.99632611615852e-05
"Ccr7",1.7504041680131,0.829026535146055,0.212266605985221,3.90559094916595,9.39953969558744e-05,0.000154415726863781
"Smarce1",2.39652158804928,-1.64464444634006,0.226515951723337,-7.2606120400245,3.85342709968684e-13,7.50415573973711e-13
"Krt28",12.5539763380655,-5.42567052278177,0.2571897365929,-21.0959838236856,8.65856431393346e-99,5.25860450479729e-98
"Krt10",1.28372802734598,-0.211333310480574,0.20002209000696,-1.05654985643446,0.29071707562851,0.331827717078859
"Krt20",37.2558004449561,-7.06431193878846,0.27141296417111,-26.0279090218212,2.39342018317094e-149,3.2705898838095e-148
"Krt39",16.338644148343,-5.83031753314044,0.291736907600396,-19.9848472416335,7.46152360066671e-89,3.67098522106317e-88
"Krtap3-2",5.86893298426801,-4.20163884938056,0.26470681299243,-15.8728020706468,9.77764449296668e-57,2.95622961212199e-56
"Krtap4-1",1.67383620582481,-1.56461477219647,0.198305701149897,-7.88991321542387,3.02396749266058e-15,6.07938005456893e-15
"Gm11563",16.905629620579,-5.88233503200991,0.274346087934553,-21.4412936459046,5.50617045868496e-102,3.5331542463842e-101
"Krtap4-8",2.87150569733214,-2.88199306616762,0.241631767155172,-11.9272109793281,8.53865417760053e-33,2.12145525021774e-32
"Krtap9-1",27.6238205345488,-6.62074183539618,0.27481236351352,-24.0918630834106,3.04218937566302e-128,3.1229554652824e-127
"Gm11567",20.5695694016721,-6.17912797575276,0.271261208420837,-22.7792540323953,7.36337964450884e-115,6.05304594398994e-114
"Krtap31-1",13.6716039229495,-5.55741231789476,0.276215422798307,-20.1198479852908,4.94592259788844e-90,2.50779173977442e-89
"Gm11565",18.3843035659917,-6.00964886927399,0.275170958256343,-21.8396916133698,9.74104994447406e-106,6.72596305689876e-105
"Krtap31-2",17.0352461760164,-5.89394622308112,0.278323704757117,-21.1765872699365,1.57003017476692e-99,9.67598289525775e-99
"Krtap9-5",5.1785227005749,-3.98610027842297,0.255202053016112,-15.6193895437484,5.37174642955237e-55,1.60048609373649e-54
"Gm11570",12.0063010144078,-5.35620302448763,0.294773761292545,-18.1705556186594,8.82996604736626e-74,3.27477248790422e-73
"Krt15",9.20642789410389,-4.93867948299478,0.277491552486496,-17.7975849669698,7.37827346406397e-71,2.6173691799126e-70
"Krt19",1.39603715606538,0.622629417868962,0.210827148580655,2.95326964321564,0.00314427181636709,0.00482029335724999
"Krt17",63.9880770056048,-7.85896057016812,0.281644420478912,-27.9038390208641,2.3967148824836e-171,4.4601966797021e-170
"Eif1",9.16054797194288,3.36800584564522,0.194977414198254,17.2738255838218,7.40657852773023e-67,2.48074045009636e-66
"Hap1",6.94126143330998,-4.46980009476229,0.273131555520335,-16.3650080132521,3.39983017182185e-60,1.06079578582845e-59
"Jup",1.41653773393613,0.170187460947137,0.195647822695221,0.869866368062036,0.384373436818141,0.416920382377288
"Fkbp10",1.36019929262911,-0.667190216914994,0.193186499226434,-3.45360684927046,0.000553143129210764,0.00088232456363031
"Nt5c3l",15.3123841732543,-5.56826951147695,0.290608892670582,-19.1606989734785,7.88078039831571e-82,3.35543830988646e-81
"Acly",14.1806882749071,-5.2115888408802,0.293487970307422,-17.7574189341429,1.51021435175898e-70,5.32656683525801e-70
"Cnp",2.65462402619255,-1.51731758537986,0.222027790480374,-6.8339084134334,8.26317909841378e-12,1.57710401805192e-11
"Dnajc7",32.6706110612277,-6.24135157378847,0.26877333838624,-23.2216171859255,2.75427100269254e-119,2.44511813504337e-118
"Nkiras2",1.64484443842827,-1.02176159029729,0.203866748293648,-5.01190899864434,5.38926909711539e-07,9.43393181990017e-07
"Dhx58",41.9427226362867,-7.09483950141323,0.280027542413472,-25.3362202884223,1.27492927706534e-141,1.59213656131126e-140
"Kat2a",22.1102853722415,-6.11040031807364,0.286552585072918,-21.3238359602261,6.8230067231725e-101,4.3040598302067e-100
"Hspb9",38.0340300884283,-7.09482724157015,0.26610438306821,-26.6618202968552,1.30541101482123e-156,1.97514362242517e-155
"Rab5c",1.67724188365439,0.702670845589002,0.199244974617831,3.52666784663847,0.000420824333646802,0.000675285281781835
"Kcnh4",24.4586431707658,-6.41757626528563,0.252659035829209,-25.4001454736167,2.51254927747034e-142,3.1603631875651e-141
"Stat5b",1.38604559767531,-0.361379401114289,0.192632374249414,-1.87600553916439,0.0606545192902953,0.0829490675125338
"Stat5a",1.74746021953128,-1.39280768102778,0.218259880106083,-6.38141870301966,1.75454859370636e-10,3.27273312815695e-10
"Stat3",1.84703109416122,-0.699866931654781,0.205899621963959,-3.39906856058865,0.000676157644617928,0.00107476945947186
"Ptrf",1.48003665081331,0.759328208142542,0.208317998697977,3.64504369708077,0.000267346372499645,0.000432526906693986
"Atp6v0a1",1.18091344879023,0.118429011339598,0.215211756836829,0.550290621108535,0.582120056062917,NA
"Naglu",1.23203634022807,0.116391194323269,0.211125023769784,0.551290378776626,0.58143463286914,0.600036908991535
"Hsd17b1",18.6430720834203,-6.01966256984169,0.301925900996417,-19.9375494118774,1.92255232488251e-88,9.3529572561852e-88
"Coasy",7.22185429546489,-4.4632440358869,0.226484684602271,-19.7066041958854,1.89248302154717e-86,8.87579638138026e-86
"Mlx",1.27932570178916,0.280450018853359,0.212086005740034,1.32234099027318,0.18605462908203,0.227031556315038
"Fam134c",18.8661712124166,-5.82171475007027,0.287413476738282,-20.2555385228908,3.17459725908999e-91,1.6423585423637e-90
"Tubg1",2.29397081207434,-2.13172016574101,0.218633755249173,-9.75018776634706,1.84127391105919e-22,4.07006132362014e-22
"Ccr10",16.2480922269949,-5.8108965275926,0.29105893952535,-19.9646729183746,1.11757012104486e-88,5.47252911055737e-88
"Ezh1",1.24435085768881,0.176224498070599,0.212647593794254,0.828716163330321,0.40726503741507,0.437216200576555
"Ramp2",2.44164635334052,1.43907542464765,0.231905692413597,6.20543381091787,5.45462254598402e-10,1.00861245802468e-09
"Vps25",1.41941872587744,0.512885263982701,0.208035120810059,2.46537825914009,0.0136868677098461,0.0200407992834212
"Ccdc56",1.549442785797,0.665659610440452,0.205777173915456,3.23485641179007,0.00121703918591521,0.00191209768261171
"Becn1",1.37008415649246,0.458395292015708,0.208764691413792,2.19575105786028,0.0281097664688568,0.0399654040494164
"Psme3",1.33400516648732,0.350810854951167,0.210637999146704,1.66546803697483,0.0958194153517588,0.125704284527816
"G6pc",11.5997716178295,-5.30265402652668,0.275385987154921,-19.2553516658915,1.27307368617247e-82,5.48983448312292e-82
"Aarsd1",1.32124597987375,0.384694668550439,0.210188621303845,1.83023546262446,0.0672147371035508,0.0908966133887397
"1700113I22Rik",37.8451433442115,-7.08747384805461,0.297430646605892,-23.8289965372862,1.67221763852593e-125,1.64387496668651e-124
"Rundc1",1.17733953482159,0.138495168772504,0.214704340697542,0.645050623208427,0.518894380413857,NA
"Rpl27",12.3777212870467,3.43214931031586,0.205367612427094,16.7122228756215,1.06779783158005e-62,3.43009518821408e-62
"Ifi35",1.57686614711959,0.491670285124245,0.199938112737251,2.45911236428631,0.0139281017619317,0.0203740202318294
"Vat1",1.40015012672998,0.588642082080811,0.206036459684774,2.85698018196102,0.00427692541111484,0.0065098558524623
"Nbr1",1.23642524459899,0.206503797708237,0.213416693183432,0.967608459431742,0.333239950827516,0.371194373059014
"Tmem106a",1.2195367161517,0.253097796256168,0.212362404503285,1.19182016632446,0.233331766670765,0.276695742225986
"Rdm1",1.94168992543989,-1.60615599329519,0.219994557534794,-7.30088967333276,2.85871089041999e-13,5.58057997307118e-13
"Arl4d",4.61631371249551,-3.35736107509091,0.260371532357666,-12.8945013484769,4.83379646973534e-38,1.26319987844899e-37
"Dhx8",1.18918714099543,0.118461390465602,0.215216496710521,0.550428950736709,0.582025196250143,NA
"Dusp3",1.44626150625154,0.584333333790779,0.202150853731841,2.8905805887217,0.00384530925870982,0.0058725905004287
"1700006E09Rik",11.8581019153515,-5.33696659520897,0.288993087515352,-18.4674541564094,3.77470901704058e-76,1.46226204593334e-75
"Nags",1.2986917714695,-0.662974138654554,0.197666016821659,-3.35401172803878,0.000796489868266217,0.00126200549775373
"Lsm12",1.35851330380048,0.316130653336955,0.211614181410383,1.49390107614709,0.135201477144847,0.170977867265806
"G6pc3",1.25167337794441,0.155773216816071,0.211671363905727,0.735920126094376,0.461779308274088,0.486046463245548
"Hdac5",1.2165388644472,0.206494292924059,0.213357309980824,0.96783322278772,0.333127668673955,0.371194373059014
"Asb16",25.5467719483932,-6.50418316341763,0.289240423534289,-22.487116717441,5.54900973744513e-112,4.32003442646735e-111
"Tmub2",1.20473587152719,0.206492866772592,0.213284752942233,0.96815578199591,0.332966574571841,NA
"Atxn7l3",1.17732178163645,0.128509906212607,0.214936907602821,0.597895948377923,0.549909363487417,NA
"Ubtf",1.44037391885267,0.49765394092951,0.208321499537823,2.38887460983909,0.0169000692243548,0.024559677436284
"Slc25a39",2.43063014606976,-2.16143377599253,0.232403275410045,-9.30035849184555,1.39972935718818e-20,3.02049906759914e-20
"Grn",3.34824463354778,-1.45521699743939,0.236343025332324,-6.15722420999394,7.40310066496578e-10,1.36527770609862e-09
"Itga2b",7.35226881326663,-4.57582147954311,0.276039404579261,-16.5766966731347,1.02722241471036e-61,3.25765553146299e-61
"Gpatch8",21.5694249704753,-6.06082173676048,0.299997069160628,-20.2029364944073,9.22454113297982e-91,4.737049160271e-90
"Fzd2",28.1900014190468,-6.62966778331563,0.285054679077295,-23.2575301158903,1.19364536039143e-119,1.06783698050442e-118
"Gm1564",23.9733746431812,-6.40909996067022,0.236449093020015,-27.1056229432341,8.45280615082841e-162,1.36817513511083e-160
"Eftud2",1.23594638248445,0.106657315386616,0.211301029608577,0.504764768937438,0.613724063560074,0.630585118149059
"Ccdc103",1.97831274980619,-2.02796208886922,0.230320539893263,-8.80495543215135,1.30904587005533e-18,2.74812766607232e-18
"Gfap",15.4713099110203,-5.74700835064775,0.2601057916364,-22.094888062629,3.53946344370244e-108,2.56611099668427e-107
"Kif18b",9.18521366678902,-4.93500857473357,0.269511049441057,-18.3109693831417,6.76545749186128e-75,2.56561482800696e-74
"C1ql1",10.893627899843,-5.20449395968518,0.283054752640561,-18.3868806693175,1.67334815490396e-75,6.42742999896886e-75
"2410004I01Rik",19.3529108227728,-6.08725256825694,0.285142343772643,-21.3481185842766,4.05955583523093e-101,2.57327036550158e-100
"Dcakd",18.7405161272105,-5.93207128921887,0.302804209201175,-19.5904518793455,1.86527402705229e-85,8.53350606591847e-85
"Nmt1",1.29325442683688,0.13123281799617,0.204638941683189,0.641289565498913,0.521334567327203,0.541403847895752
"Acbd4",2.96975904536626,-2.88553895665666,0.246057419557075,-11.727095902456,9.25807990572151e-32,2.27958382584275e-31
"Hexim1",1.23653301942886,0.193567184280962,0.210761392698622,0.918418605051415,0.358399754002628,0.393200234529995
"Fmnl1",1.68680607130137,0.912254936194538,0.203906484884811,4.47388878637127,7.68097028385894e-06,1.30644069344228e-05
"Map3k14",1.20471681466037,0.147307687890991,0.213147676426796,0.691106233764561,0.489498783094426,NA
"Arhgap27",1.21215610539268,0.0182563642666861,0.209202327232646,0.0872665448237768,0.930459645904072,0.934217994156425
"Plekhm1",1.19289987207295,0.107746103254869,0.214005599876677,0.503473289095979,0.614631555424792,NA
"Gosr2",1.31458918741416,0.367903351717963,0.210281448197238,1.74957588922861,0.0801915231703601,0.107069142974425
"Nsf",1.46988416288176,-0.342935157190113,0.189913451536129,-1.80574442945593,0.0709582692468464,0.0955629941869294
"Arf2",3.81244582272086,-3.28658949700555,0.251036105502021,-13.0920988056003,3.65370361968877e-39,9.66176945024083e-39
"4933407P14Rik",2.47328790630053,-2.56370233106104,0.239572634411018,-10.701148473672,1.00524476541529e-26,2.3394461326205e-26
"Mapt",1.22830479157364,0.241592826663474,0.211333902730038,1.14318064230371,0.252963597685061,0.2959699607567
"1700081L11Rik",1.29122771922201,0.316086211109857,0.211262840001715,1.49617514896274,0.134608018738714,0.170882100887308
"Cdc27",2.06411416337811,-2.00364328089354,0.232863706429492,-8.60436051463526,7.67434146179367e-18,1.59665454087537e-17
"Myl4",41.2219586804736,-7.17911790379736,0.286355307529715,-25.0706647127621,1.03930661088263e-138,1.24288213260191e-137
"Efcab3",45.5059432376991,-7.35916731575358,0.256112581008623,-28.7341109396958,1.43082651205987e-181,2.95214007626582e-180
"Tlk2",1.19321049709425,0.0367214280843837,0.212779124526334,0.172580031834086,0.862981548657069,NA
"Mrc2",12.2094863797956,-5.30588147423781,0.268873044577767,-19.7337798683764,1.10584438119726e-86,5.20280096426292e-86
"Tanc2",1.18409156762447,-0.022176313286673,0.210062070454588,-0.105570288051918,0.9159232996807,NA
"Cyb561",7.17843526378753,-4.37173974580983,0.236378283178387,-18.4946759364972,2.27907886733042e-76,8.86827557768529e-76
"Ace",1.81661658730574,0.28201519483817,0.1957892574914,1.44040177919648,0.149753760606009,0.18721461630065
"Kcnh6",2.45185586751168,-2.54175014290179,0.240647338458686,-10.5621369393959,4.46382363691748e-26,1.03148115912834e-25
"Dcaf7",1.30646344146528,0.359362682535009,0.210428543198761,1.70776586233157,0.087679795736063,0.116060506021613
"Limd2",3.50216284853698,1.70845486521733,0.208416847735157,8.19729730961255,2.45851860942489e-16,5.02780299361329e-16
"Strada",1.18499355295968,0.12851283647017,0.214965136417607,0.597831065129148,0.549952660244716,NA
"Ccdc47",1.37733922489407,0.409687684522188,0.20978439347529,1.95289877256977,0.0508315911855188,0.0701496116294536
"Ddx42",1.27933370623541,0.262309497403825,0.212350335863558,1.23526763608402,0.216730914410588,0.259521314600617
"Ftsj3",1.24029027917261,0.177764550818497,0.214058425046827,0.830448746783076,0.406285114429552,0.436795720715753
"Psmc5",1.47402389866457,0.524428923653224,0.205263577595891,2.55490491686588,0.0106216808375587,0.0156912902142512
"Smarcd2",1.48375156421151,0.513031581898077,0.20829985953175,2.46294732531914,0.0137800158856943,0.0201658769058941
"Cd79b",3.46768779069372,1.0997031565932,0.245344252100813,4.48228620469709,7.38476116299432e-06,1.25708310030427e-05
"Icam2",1.87739002264557,1.19161406552473,0.212271855650523,5.61362250248832,1.98134215401547e-08,3.56641587722784e-08
"Snord104",2.3526046388144,-2.4488988473691,0.240289060295897,-10.1914704079889,2.16465035071849e-24,4.88731610326579e-24
"Tex2",17.4460074282106,-5.84486871784493,0.266653874660946,-21.9193091616492,1.70017784871687e-106,1.18887185134656e-105
"Pecam1",10.1681400061863,-4.08737422428754,0.276853598319523,-14.7636666060963,2.51242083914935e-49,7.18031030953168e-49
"Gm885",15.0358098914877,-5.56371078739515,0.281310469641071,-19.7778305034078,4.62150330598206e-87,2.19012685040639e-86
"Ddx5",5.38402973840882,1.63521386790305,0.177381971604611,9.21860239296464,3.00997722199212e-20,6.46720769656262e-20
"Ccdc45",8.72986741005717,-4.81792837621774,0.272682807063851,-17.6686180844896,7.31673762816598e-70,2.55901979356961e-69
"Smurf2",31.1331036541392,-6.65385895154324,0.271213021875297,-24.5337001355438,6.45659831804137e-133,7.11043105910885e-132
"Kpna2",14.0720213391492,-5.2790820959049,0.272443600960351,-19.3767887272682,1.21176610756473e-83,5.34241476477017e-83
"1810010H24Rik",25.3868024634629,-6.309833784993,0.265213324516652,-23.7915413808586,4.08587370925218e-125,3.9828684896912e-124
"Bptf",15.9413308292851,-5.31160363762796,0.28205917151184,-18.8315225105346,4.16609232563028e-79,1.69040046170152e-78
"Nol11",3.88604673010485,-3.33928619178726,0.254040523777426,-13.1446988934448,1.82530676667379e-39,4.83767934440265e-39
"Pitpnc1",2.49202551085735,-1.73343305386463,0.214222547198051,-8.09173953226338,5.88185851212393e-16,1.19631020585571e-15
"Psmd12",1.31497068602002,0.316115733568968,0.211304880395778,1.49601719078555,0.134649175452615,0.170882100887308
"Helz",11.715765968063,-5.22893089027621,0.277375766909217,-18.8514337374959,2.85985422201223e-79,1.16491916027342e-78
"Cacng1",2.35977389184451,-2.45599315462638,0.235491054907211,-10.429241805359,1.82337395286519e-25,4.18558136937392e-25
"Cacng5",9.74973079150127,-5.03006563346966,0.229227562893577,-21.9435462732942,9.98079663172386e-107,7.03006282677094e-106
"Prkca",45.6500505483737,-6.92512786206204,0.276887387150621,-25.0106295318353,4.68452008721971e-138,5.57655526916462e-137
"Axin2",16.6952634223609,-5.79832089152175,0.290704649713204,-19.9457452684094,1.63199926806511e-88,7.95428214687197e-88
"Rgs9",2.46476606965595,-2.51208033532754,0.238278304705827,-10.5426313924337,5.49397694147647e-26,1.26840157605074e-25
"1700096J18Rik",23.3770909591687,-6.37137026537801,0.268150865834219,-23.7603941555685,8.57967855109438e-125,8.30137572506259e-124
"Gm11696",8.47202678095471,-4.77163767219483,0.273865405490287,-17.4232947153453,5.49215160165662e-68,1.86768933945587e-67
"Gna13",17.357883433679,-5.54880182159581,0.281503283179894,-19.7113218677803,1.72404136215321e-86,8.09307186190627e-86
"Amz2",1.19297146141571,0.127639431558551,0.213541502989825,0.597726576667549,0.550022389191554,NA
"Slc16a6",1.24272641101511,-0.074752319820453,0.205929008268735,-0.3630004361644,0.716604558509174,0.729674396843439
"Wipi1",9.65751833099328,-4.94801229279602,0.282401695307856,-17.5211848052188,9.87473584962649e-69,3.39342469618501e-68
"Prkar1a",1.92949973021428,0.674376611839521,0.19040048474013,3.54188495244615,0.000397278706116248,0.000638090721823636
"Fam20a",17.202241630851,-5.82346216686126,0.28748970754736,-20.256245750648,3.12933493482067e-91,1.61974500344709e-90
"1700023C21Rik",35.3766620891541,-6.98787292223467,0.26575292546786,-26.2946227588369,2.20945123385997e-152,3.14259821273816e-151
"Kcnj16",12.3720928561506,-5.40303970270643,0.274690991467987,-19.669519097921,3.93494721727403e-86,1.83560540430478e-85
"BC006965",7.56541406585497,-4.62288666661363,0.265247206022034,-17.4285970281987,5.00591378111325e-68,1.70344654090034e-67
"Sox9",10.4082293198348,-5.12193315169286,0.281228824423495,-18.2126891231458,4.09338420633675e-74,1.52679282294232e-73
"2610035D17Rik",1.59634578685239,-1.29431152011411,0.21956606399922,-5.89486142138387,3.74995956632431e-09,6.82643031777258e-09
"Slc39a11",1.18833643351168,0.158196045525638,0.214366628934697,0.737969553898381,0.460532950704746,NA
"Cog1",1.73428496533412,-1.50055468428598,0.223173494996571,-6.72371369328173,1.77150360290634e-11,3.36127689731377e-11
"D11Wsu99e",1.64916115641123,0.161323068397048,0.191425158722378,0.842747470989502,0.399369691724185,0.432826697975759
"Cdc42ep4",2.00003787207892,-1.83263749445649,0.216383859321985,-8.469381682159,2.46699059944662e-17,5.11425374468283e-17
"Rpl38",45.0686089585606,-2.94031466222894,0.212450432655556,-13.8400031738041,1.46200137396112e-43,3.98623513819642e-43
"Ttyh2",2.49888363430592,-2.51682379493745,0.233579372541431,-10.7750259261058,4.51654861739154e-27,1.05581655990971e-26
"Dnaic2",304.105615017802,-10.1233399503313,0.188358995454459,-53.7449242915446,0,0
"Kif19a",334.130804098355,-10.259505658359,0.219994596734698,-46.635262004782,0,0
"Gprc5c",15.0650451465621,-5.6955292058085,0.287409954972114,-19.8167429738511,2.13486425993248e-87,1.01957835652768e-86
"Cd300a",1.57915171888379,0.371712357387077,0.198513268203809,1.8724811734269,0.0611400641269473,0.0834338131386528
"Cd300lb",1.18528549843285,0.168048911317311,0.214053637491791,0.785078512500198,0.432407537222387,NA
"Cd300ld",1.29147972488349,0.409785016431243,0.209697288326921,1.9541741321537,0.0506806274044897,0.0700214362318945
"AF251705",1.4804350444243,0.745844688058377,0.206177963294353,3.61748014259681,0.000297485145769802,0.000480467964393059
"Rab37",1.2364724784333,0.0671232914950565,0.213752761103142,0.314023038339455,0.753503541111746,0.765156791091006
"Cd300lf",2.08991547063167,-1.65044468401715,0.227998366477614,-7.23884433697992,4.52524041901647e-13,8.80423219801192e-13
"Slc9a3r1",1.58532215466095,0.535451193324684,0.203010791060373,2.63755040078361,0.0083507215196418,0.0124331906253651
"Nat9",1.22382369395616,0.0379471587862414,0.208945369677937,0.181612824657145,0.855886583609617,0.863251427366768
"Tmem104",34.3368297794169,-6.91146762772638,0.306282676396979,-22.5656498403073,9.42781803226882e-113,7.50773609892345e-112
"Fdxr",8.64241035452819,-4.77607724379677,0.271158978586504,-17.6135685002705,1.93830736810225e-69,6.71620608131016e-69
"Otop2",1.55059647853158,-1.32455129586434,0.192598121117383,-6.87728046452265,6.10059319456863e-12,1.16734224617479e-11
"Otop3",16.2738945147929,-5.82432521959798,0.288070121953344,-20.2184286940431,6.73957381211847e-91,3.4703307523736e-90
"C630004H02Rik",1.71850461829269,-1.51611893926906,0.211354830700657,-7.17333469144288,7.31926197962167e-13,1.42058180084124e-12
"Ict1",1.43645052399283,0.482034637345747,0.208499602341785,2.31192113525266,0.0207820297749379,0.0299096210160396
"Atp5h",3.64662263420226,2.06119668545145,0.20149299301391,10.2296196737182,1.46091981539819e-24,3.30559230012075e-24
"Kctd2",1.21271898904601,0.168046038158468,0.214169814555088,0.784639228957467,0.432665122800888,0.461156984598221
"Armc7",1.40541226820537,-0.783990747262516,0.200461682305898,-3.91092571031193,9.19430512621517e-05,0.00015116306380738
"Nt5c",1.67226302228403,0.631618228172662,0.202915102204491,3.11272163240042,0.00185370770157343,0.00288287031199562
"Hn1",2.17514701204533,1.26529677494998,0.203342773639943,6.22248212857777,4.89350537935722e-10,9.05658503110962e-10
"Sumo2",3.11081102119212,1.79573186792452,0.204136498319561,8.79672122676187,1.40871694551926e-18,2.95677621858083e-18
"Nup85",2.66826820202736,-2.48146225965968,0.235897349436531,-10.5192460431919,7.04349398234797e-26,1.62326881182589e-25
"Gga3",1.29561877178759,-0.256320625363064,0.199406741134113,-1.28541604915289,0.198646935832381,0.241597624661004
"Mrps7",30.3702241762519,-6.39300601396571,0.273974961246286,-23.3342710767602,1.99085678905799e-120,1.80578148373287e-119
"Mif4gd",1.53528329867617,0.353002042669861,0.2058504076418,1.71484743078148,0.086373202883039,0.114564380396255
"Slc25a19",1.19743891177246,0.128548134542771,0.215012440055836,0.597863707371483,0.549930877783265,NA
"Grb2",2.87661546704664,-1.73824606200868,0.227477017710655,-7.64141397448637,2.14849054830006e-14,4.26836181241725e-14
"2310067B10Rik",1.45109755942292,-0.870842149661932,0.194268591126611,-4.48267084561486,7.37145845799761e-06,1.2550232599722e-05
"Caskin2",1.2008713477705,0.206506173618265,0.213325068901123,0.968035190060017,0.333026795300792,NA
"Tsen54",1.19262499656389,0.128485488367619,0.215006320073757,0.597589356087499,0.550113968085425,NA
"Recql5",10.0068951640951,-5.02613074880906,0.277771730632902,-18.0944646071688,3.52351248474936e-73,1.29389624835678e-72
"2210020M01Rik",39.6475364293627,-6.99438668489642,0.29552761373607,-23.6674556278283,7.8041368946347e-124,7.4542716541616e-123
"Sap30bp",1.20891759528915,0.148414160801504,0.214592298315034,0.691609913155521,0.489182334570867,0.512050895553324
"Galk1",1.18122328234988,0.118451499328185,0.215226246595549,0.55035805902789,0.582073809475808,NA
"H3f3b",8.0754626294324,3.46195816649498,0.206427528425204,16.7708163388168,3.98989356067547e-63,1.28841598433195e-62
"Unk",1.17357083116421,0.0878784121387812,0.215882175909754,0.407066548076286,0.683959111766261,NA
"Unc13d",1.20931508511223,0.15829326984813,0.214396525850595,0.738320125385047,0.460319939581788,0.485759357622077
"Wbp2",10.3424290176677,-4.70675703868484,0.274197017130024,-17.1656026310924,4.80470172084071e-66,1.59748681419035e-65
"Trim47",1.38251400444475,-0.719157574967741,0.200126883973044,-3.59350808192571,0.000326255524396322,0.000525715029278839
"Trim65",1.66487010573026,-1.49673757625512,0.214483318547332,-6.97834025691288,2.98687569009045e-12,5.74378010767072e-12
"Mrpl38",1.43853678725352,-0.442852319891187,0.192029205028157,-2.30617170875781,0.0211010397310918,0.0303185872271675
"Fbf1",1.55746767864081,-1.22358306927126,0.203082593963376,-6.02505141081624,1.69055877779473e-09,3.09965466107781e-09
"Acox1",1.84141112292941,-1.43389452027915,0.217113784846491,-6.60434583319056,3.99276467097231e-11,7.53379055936218e-11
"2310004N24Rik",1.52448452070259,-0.511009829664927,0.192097841029611,-2.66015394512506,0.00781049431238629,0.0116871951585657
"Srp68",1.29524437274061,0.298406701814375,0.2116658753877,1.40980071193713,0.158598536357764,0.197436157265757
"Exoc7",1.26347713690727,0.289437218203277,0.211715370122972,1.36710536431607,0.17159228211836,0.211829792717247
"Fam100b",1.2482708545226,0.298436969799743,0.211441320662297,1.41144109800748,0.158114591973569,0.197436157265757
"Prpsap1",1.34647895834711,0.321554715185187,0.209913380610014,1.53184477450052,0.125560744122741,0.160251120860808
"Rhbdf2",1.17729220852635,0.128499600132925,0.214963432053769,0.597774230273655,0.549990587668573,NA
"Cygb",1.28910828660983,-0.00353161825412578,0.201873448616833,-0.0174942186717629,0.986042344973462,0.986703928066993
"1810032O08Rik",1.18135885391235,0.12852049729256,0.214965717543653,0.597865086401332,0.549929957553621,NA
"Mxra7",5.47483425247854,-3.91262290229365,0.263022104507955,-14.8756429031436,4.74405911694313e-50,1.36253032134488e-49
"Jmjd6",1.35180149408055,-0.238404774919239,0.195516414230698,-1.21935938656247,0.222707817590555,0.265418905895593
"1110005A03Rik",1.86461393439139,-0.333420913492192,0.195711333926457,-1.70363620135298,0.0884490738757606,0.116621410869278
"Srsf2",2.30160124045952,0.538747610384907,0.190357350300111,2.83019074144252,0.00465202608822222,0.00706600222192001
"Mfsd11",1.20039995054597,0.206461721157024,0.213280733747123,0.968027995448553,0.333030388339938,NA
"2810008D09Rik",1.26791910984547,0.234691911431746,0.21288535935949,1.1024333102937,0.270273336674817,0.313589896068377
"Sec14l1",1.27137299653634,0.342226962285347,0.210628172975899,1.62479196135128,0.104206894478492,0.135803267801205
"Sept9",26.4952036561531,-5.67659277320309,0.29257431009005,-19.4022256139164,7.39016663858139e-84,3.2705951550144e-83
"Tnrc6c",25.2365734810918,-6.30805175354255,0.290190647371583,-21.7376121893592,9.04852996301175e-105,6.11039151447883e-104
"Tmc6",1.65857350554508,-0.816224689621988,0.198754476281948,-4.10669839940668,4.01354734964361e-05,6.67645543822168e-05
"Tmc8",1.60924100688367,-1.35105635173985,0.211646317360357,-6.38355709936352,1.7302103867111e-10,3.22791215819584e-10
"Syngr2",1.80530620224964,0.996334897509201,0.20548985330089,4.84858440212281,1.24345623592004e-06,2.15642576461881e-06
"Birc5",1.27841373434757,-0.0569864171176583,0.203376261585105,-0.280201910849914,0.779322600723294,0.790375748159237
"Cldn27",8.14747014809356,-4.74266590033122,0.279129261097913,-16.9909305877738,9.5856238411347e-65,3.14401234374635e-64
"Tha1",1.36188569878816,-0.76691075294972,0.184316813735069,-4.1608290497689,3.17094383772851e-05,5.29420336892462e-05
"Socs3",1.36241406033234,0.520810797159996,0.207972387349782,2.50423050769745,0.012271805381078,0.0180421980254125
"Pgs1",1.3108512096339,0.289431965190207,0.211899336153395,1.36589368538977,0.171972335014703,0.211829792717247
"Cyth1",1.34664899004024,0.367934410303957,0.21039343655361,1.74879224528567,0.0803269377471957,0.107070031986257
"Usp36",1.18923764438675,0.108341147833857,0.215454459848127,0.502849409152291,0.615070152389495,NA
"Timp2",1.53988432851893,0.398501584413166,0.19384754574007,2.05574738071493,0.0398068723400383,0.0556113672193228
"Lgals3bp",1.36003645444203,0.299942680886718,0.201729824508965,1.48685342693781,0.137053527109299,0.173141193492387
"Cant1",1.27036192309134,0.00256460340251959,0.20382357148711,0.0125824671985094,0.989960908581817,0.990435254968296
"Cbx4",1.3033655585763,0.307303145560412,0.21147219587778,1.45316099019474,0.146179060389947,0.183714983016129
"Tbc1d16",49.2647670044173,-7.44385883438963,0.288242453606497,-25.8249912226734,4.64733988816156e-147,6.18854954494983e-146
"Gaa",1.24052153479001,0.213982235689942,0.211809181091965,1.01025949199545,0.312370983149496,0.351679544123127
"Eif4a3",1.54834637181843,0.637645693427661,0.206747343113293,3.08417841712358,0.00204115145824062,0.00316448191625068
"A730011L01Rik",1.17324868040791,0.0878676457567699,0.215879982109969,0.407020812666226,0.68399270212903,NA
"Chmp6",1.31570167220298,-0.0474808206710196,0.201137436872837,-0.236061577641749,0.813384888020341,0.823002348413681
"Baiap2",9.61017836257191,-4.83330412149659,0.28263395237318,-17.1009324283689,1.4604885603469e-65,4.82668584046268e-65
"1810043H04Rik",11.2583866481321,-4.57701045445291,0.277283347574466,-16.5066185708239,3.28797707165564e-61,1.0358020708535e-60
"Slc38a10",1.23235867196771,0.243967364930254,0.212544909494674,1.14783913437535,0.251034978529322,0.294845275205982
"Actg1",12.8556284422282,4.15325701974607,0.235154689806876,17.6618081619251,8.2552251378487e-70,2.88435577105557e-69
"Nploc4",2.88944175428311,-2.75372491027443,0.248336822885315,-11.0886693253144,1.42390059691633e-28,3.39085817331352e-28
"Tspan10",1.26717352266067,-0.555932873229499,0.196492780459713,-2.82927887695845,0.00466530265695283,0.00708447414379456
"1810049H13Rik",20.8038219216418,-6.09975945310495,0.286412491418132,-21.2971139034573,1.20734453501031e-100,7.57948102556081e-100
"Ccdc137",2.35897429688552,-2.3500707019432,0.239490114310045,-9.81280880304225,9.91690146898341e-23,2.19814121732881e-22
"Arl16",4.62294518568632,-3.61243408501416,0.252597138058173,-14.3011679102327,2.15167988175727e-46,5.99667324227067e-46
"Hgs",1.2401370832268,0.195206081892532,0.21219354699274,0.919943535790987,0.357602266643785,0.392614119650974
"Mrpl12",3.74905180088283,-2.74158652687188,0.255778504878462,-10.718596264274,8.32572943851223e-27,1.93932653587835e-26
"Fam195b",1.66400058195888,0.350581080243252,0.192138613571897,1.82462584550745,0.0680575104557024,0.0918222291493322
"P4hb",1.53176167454483,0.71296168172022,0.205617631929007,3.46741509972444,0.00052548971261986,0.000839240110104228
"Arhgdia",2.61788753919008,1.43482400679991,0.194645772024346,7.37146248735596,1.68766255629772e-13,3.30814815766958e-13
"Alyref",1.37931799927974,0.413339160424391,0.208352948480362,1.98384118602166,0.0472735471391035,0.065464362930394
"Anapc11",1.74560042206221,0.686369906610229,0.194928623629484,3.52113452519351,0.000429704559286919,0.000689217329690496
"Pcyt2",1.26788724753039,0.262345221742098,0.212300226525145,1.2357274697068,0.216559883161189,0.259521314600617
"Sirt7",1.52468989411776,0.282293921834845,0.194910071096175,1.44832906913031,0.147525041606255,0.184693780353676
"Mafg",1.21976398486103,0.234632044843823,0.21269956441388,1.10311483472183,0.269977299386868,0.313589896068377
"Aspscr1",1.3193246747385,0.342280644712973,0.210891445354706,1.62301815579707,0.104585523764998,0.135948916404084
"Stra13",1.62235411453765,0.69116763759657,0.202303413378348,3.41649024133838,0.000634339372968863,0.00101014384591137
"Lrrc45",1.19705181411471,0.148416938415581,0.214562827706304,0.691717852538447,0.489114533432557,NA
"Dcxr",1.21201757818638,0.196933374906872,0.213552939999657,0.922175901241108,0.35643683109755,0.392000127749348
"Cbr2",1.21528082226135,0.243834856728744,0.212840017202445,1.14562505647995,0.251950325098886,0.294982773806479
"Rfng",1.19703852380114,0.177752261040283,0.213890996634275,0.831041342727554,0.405950274441658,NA
"Gps1",1.37717762295291,0.458299654967989,0.208836476422807,2.19453834319691,0.0281967305699444,0.0400643466303584
"Dus1l",1.2368065898233,0.20652384518858,0.213390379475817,0.967821725121329,0.333133411823322,0.371194373059014
"Fasn",1.1892856496602,0.0981595771880703,0.215694969653926,0.455085148001195,0.649047982474225,NA
"Slc16a3",1.27088427408796,0.367871023152652,0.210312944632968,1.74916015652127,0.0802633391454635,0.107069142974425
"Csnk1d",1.41740654121975,0.466309847661013,0.208625448847191,2.23515323867591,0.0254072902091344,0.0362762732198254
"Cd7",1.75072151885336,0.784350078479111,0.225042112567224,3.48534800678612,0.000491497362154154,0.000786275277488411
"Uts2r",18.6957590491214,-6.03503665168026,0.281184232918671,-21.4629269537521,3.45832769821033e-102,2.22870007217999e-101
"1110031I02Rik",1.3140452163916,-0.472255568321788,0.199709822141602,-2.36470877224526,0.0180442539605823,0.0261714380867573
"BC017643",1.36227680203923,0.342202897388094,0.211020951237192,1.62165365752451,0.104877526728472,0.136009023927844
"Narf",1.35873577660769,-0.57618204394989,0.202877115992086,-2.84005439022687,0.00451058424449234,0.00685750684614826
"Wdr45l",1.21635986627081,0.22533721455875,0.21289455633486,1.05844516852896,0.28985253615185,0.331827717078859
"Metrnl",2.08674949360017,-0.975423900891995,0.217148728495819,-4.49196229537571,7.0569919324227e-06,1.20207204722619e-05
"1700012B15Rik",1.22481843624169,0.20652584541661,0.213403799236325,0.967770237248219,0.333159131090922,0.371194373059014
"Rab10",1.88982670570126,-0.340660875165665,0.185738302800187,-1.83409059967636,0.0666405465835889,0.0904716913306461
"Asxl2",17.2648725280455,-5.6619544588765,0.286632530036403,-19.7533561810218,7.50599110882175e-87,3.54100981365111e-86
"Dtnb",528.446451308662,-10.839204214374,0.186361501237893,-58.1622499409768,0,0
"Dnmt3a",112.362013759605,-8.53689925748443,0.217732416529221,-39.2082143466163,0,0
"Gm10485",19.0627389779542,-6.06394866201978,0.265291117910338,-22.8577146109703,1.22475662330823e-115,1.01965383950063e-114
"Adcy3",1.22820475134362,0.225331440135687,0.213025636397916,1.05776677373602,0.29016178427293,0.331827717078859
"2410017P09Rik",62.1234171542634,-7.72133996575801,0.249086256609615,-30.9986591426416,5.61952431647616e-211,1.49282020010206e-209
"Ncoa1",1.21263199892414,0.187393239487902,0.213772841864349,0.876599842400997,0.380704024831295,0.414225210457603
"Itsn2",1.36574768006066,0.307258866734693,0.211704688217779,1.45135598706542,0.146680758740351,0.183772092529983
"4930417G10Rik",1.26487144051545,-0.542529868411659,0.196118953814111,-2.76633062669653,0.00566910254037263,0.00855775455776319
"Pfn4",2.62207614351497,-2.68802279944653,0.247456840833124,-10.8625924035749,1.737455874351e-27,4.08628955355359e-27
"Gm6682",12.95723922276,-5.47455380718772,0.278802003251338,-19.6359916476369,7.61790591593809e-86,3.51751162151232e-85
"0610009D07Rik",1.98394609530361,1.1126493845595,0.200483719401936,5.54982413474093,2.85957108696442e-08,5.13130322239748e-08
"Fkbp1b",1.18869870440858,0.168007518086693,0.214146325378004,0.784545416738448,0.432720143595902,NA
"Mfsd2b",16.2896295748644,-5.82583721956894,0.274458276172394,-21.226677150408,5.41590803818997e-100,3.36159809266964e-99
"Ubxn2a",1.50407751320641,-0.498292421972605,0.198990845580227,-2.50409721371684,0.0122764297846259,0.0180464554986616
"Atad2b",1.23651061731236,0.137521823433146,0.213485334475815,0.644174569512292,0.519462239508417,0.540189398685829
"Apob",13.5595715056557,-5.54473780574852,0.277029727455107,-20.0149560001537,4.07996908159568e-89,2.01775827626049e-88
"1110057K04Rik",1.22027501066749,0.206495181882469,0.213399536623595,0.967645877538595,0.333221256648245,0.371194373059014
"Hs1bp3",1.18838229766575,-0.0704178654019272,0.208580197409042,-0.337605708867138,0.735660339485293,NA
"Rhob",1.81234597964003,0.883632004515478,0.195968318698783,4.50905539417155,6.51169064307348e-06,1.11009226508307e-05
"Pum2",1.4046247895543,0.476859107143424,0.20704622892008,2.30315282548561,0.0212702459948595,0.0305532977691708
"Laptm4a",9.48648162531754,-2.99445515360679,0.246124472481148,-12.1664258877636,4.69180280030718e-34,1.18001496591681e-33
"Ttc32",12.4706431905797,-5.16317421318318,0.285239315021765,-18.1012011362782,3.11793769974653e-73,1.14617146427302e-72
"1700022H16Rik",90.7926897328955,-8.36962698969144,0.250995587305122,-33.3457136818781,8.40506334511853e-244,2.85826909847027e-242
"Osr1",24.406030220408,-6.40335261982997,0.269472856450715,-23.7625143555084,8.15742453768011e-125,7.90014027582378e-124
"Rdh14",2.62762421150646,-2.34925007935196,0.237176178757906,-9.90508444673917,3.95635678009945e-23,8.82194890735546e-23
"7420701I03Rik",7.69321182056544,-4.64977569580642,0.267388748031072,-17.3895712891632,9.8971761539152e-68,3.35258011183889e-67
"Smc6",1.69041738858332,0.706203806076535,0.206686419983898,3.4167886120992,0.000633644597757185,0.00100919139597025
"Vsnl1",14.9558104408661,-5.64164055554559,0.291748639674894,-19.337332855544,2.60610345992673e-83,1.14270139108085e-82
"Fam49a",5.90173800681368,-3.91305295952419,0.263385526209979,-14.8567501632743,6.29034495196287e-50,1.80415388182671e-49
"Ddx1",40.6067633760933,-6.8891902984114,0.263325260921426,-26.1622841435903,7.14367500629001e-151,9.97058383230851e-150
"Fam84a",17.1838970567619,-5.89623834801735,0.280061955894565,-21.0533356063439,2.13139173247324e-98,1.27957042478555e-97
"Trib2",1.26426317854842,0.0670472489156418,0.20859240933447,0.321427079391629,0.747886764590847,0.759822676365166
"Lpin1",37.4923240559723,-6.76346989388934,0.259622858569216,-26.0511340610102,1.30612556412377e-149,1.7942040644016e-148
"Ntsr2",89.6018866056292,-8.35040155802455,0.262600215925463,-31.7989135256262,6.70082025001373e-222,1.99306448461947e-220
"E2f6",233.731729022919,-9.71054231931195,0.212188753344273,-45.763699377397,0,0
"Rock2",1.2927563239105,-0.0411657836030179,0.201038954890273,-0.204765208939164,0.837755570268193,0.846103139556925
"Pqlc3",1.23876714934571,0.280351408242418,0.211931407550636,1.32284030707169,0.185888489813408,0.227031556315038
"Pdia6",1.85770888909019,0.974621666182647,0.203890827952096,4.78011529979972,1.7519469091562e-06,3.02970444452389e-06
"Nol10",1.18547006740581,0.118481940488412,0.215216636478339,0.550524078561824,0.581959966349332,NA
"Mir3066",1.18425875091087,-0.213610842431144,0.205892689847434,-1.03748628758713,0.299509283029159,NA
"Odc1",1.30695440246986,0.289477725373611,0.211902531020506,1.36608904093551,0.171911017614466,0.211829792717247
"Hpcal1",1.65037610773926,0.879652798212202,0.199618251703852,4.40667519479748,1.04969411249965e-05,1.77470551165932e-05
"Asap2",1.18535322163328,0.15827440875802,0.214331830447771,0.738454985558429,0.460238011726624,NA
"Itgb1bp1",1.31017792396822,0.376326423480601,0.210140231571747,1.79083472339333,0.0733198212988875,0.098570756945393
"Cpsf3",1.29555041547669,0.21198757544905,0.210630371710371,1.00644353294189,0.314202261535426,0.353363310398562
"Iah1",1.34659887422551,0.307286984897597,0.211702916724893,1.45150095072575,0.1466404176952,0.183772092529983
"Adam17",1.26663883701488,0.257097477008986,0.209675718121044,1.22616714664387,0.220135781726264,0.262563413826368
"Ywhaq",2.04851422028733,1.21536663153727,0.200134912104641,6.07273672922099,1.25748523613577e-09,2.3121074084638e-09
"Taf1b",1.48510343267218,-0.912339684734616,0.198221856433926,-4.60261901057681,4.17211015465138e-06,7.14984077717669e-06
"Klf11",2.97295090740849,-2.88067439844412,0.249885842647223,-11.5279616000932,9.5375195111444e-31,2.3237270407549e-30
"Cys1",2.57983795504152,-2.61453169053294,0.241449640937167,-10.8284762006059,2.52319171723403e-27,5.92090841265975e-27
"Kidins220",1.34164454017526,-0.405046814785396,0.193769295681236,-2.09035602550637,0.0365858299905683,0.051303702498527
"Id2",2.96180096025692,0.173151070396299,0.22713473809428,0.762327558739283,0.445864529798592,0.473099470586167
"Rnf144a",2.13375296584331,-1.57567257432089,0.210601003215139,-7.48179044860132,7.33167877628734e-14,1.44583918444352e-13
"Cmpk2",1.22459485982275,-0.0950530268528943,0.206307347873381,-0.460735052981399,0.644988702979655,0.660877618913298
"Gm9866",3.95649261330588,-3.50554744105517,0.26150975787984,-13.4050349381835,5.64966711923572e-41,1.51392517260834e-40
"Allc",24.445135800419,-6.43814910620826,0.304649083632081,-21.1330000715954,3.95596400069489e-99,2.42088301097624e-98
"Rps7",19.3226695710271,4.17799487758022,0.228436249135031,18.2895442093805,1.00249795774212e-74,3.78520024550731e-74
"Rnaseh1",1.81243161714666,-1.51867238973611,0.215087285227563,-7.06072601236909,1.6563490089365e-12,3.19635557362238e-12
"Adi1",2.98247242901739,-2.86954929283243,0.249828664896392,-11.4860690386449,1.55006100569902e-30,3.76778507555245e-30
"Ttc15",10.3548633131023,-4.96293375522385,0.282409339395877,-17.5735468445924,3.92826846217919e-69,1.35663654466261e-68
"Tssc1",5.63543646945978,-4.00319100616747,0.268788024326397,-14.8934872236208,3.63314953424499e-50,1.04490581646054e-49
"C630031E19",15.093205124378,-5.70936999791692,0.295596232036283,-19.3147590501631,4.03610636881318e-83,1.7615781977596e-82
"Pxdn",11.1786533183191,-5.21181508750778,0.287346735443651,-18.1377215908194,1.60550344701389e-73,5.92906119095333e-73
"Acp1",11.2233412499933,-4.86132927476915,0.278394983864199,-17.4619858709111,2.79055453890851e-68,9.52382784772959e-68
"Fam110c",46.4296450990387,-7.38864459839907,0.306388735840464,-24.1152618686554,1.72912571968094e-128,1.77852931167182e-127
"Dld",1.30307977743722,0.324866296122355,0.211071220946806,1.53913117413684,0.123772275853218,0.158746132980675
"Cbll1",1.17351174487111,0.0775305780105206,0.216128971015598,0.358723671547602,0.719801818105022,NA
"Bcap29",1.22431662542242,0.187381153319852,0.213758144564546,0.876603573171785,0.380701997727184,0.414225210457603
"Hbp1",1.30404264814194,0.350937910065673,0.210634103426125,1.66610204310412,0.0956930916847149,0.125633284354681
"Prkar2b",1.9605060849014,-1.6583398843094,0.221554727625082,-7.48501240341694,7.1540379735998e-14,1.41134082472377e-13
"Pik3cg",55.5921726510406,-7.49989245588318,0.255236599469211,-29.3840792091727,8.77329967770879e-190,1.96974728247914e-188
"2010109K11Rik",12.1523918486453,-5.23237499929509,0.283786562311027,-18.4377123310034,6.5452478927552e-76,2.52802027378336e-75
"Nampt",11.3852602072769,-4.98291862470654,0.274036945419695,-18.1833825985583,6.98869671071085e-74,2.59558853290008e-73
"Gdap10",11.0471928048282,-5.20328539481427,0.270393116305443,-19.2434092476545,1.6030939086618e-82,6.90441435908793e-82
"Sypl",6.08176072657983,-3.34759847330773,0.254943320561913,-13.1307557535902,2.19455344297046e-39,5.81353411433941e-39
"Atxn7l1",1.17748684870231,0.118472346046267,0.215186401229905,0.550556844527045,0.581937499259183,NA
"Twistnb",1.42721690541393,-0.0333344007537401,0.198027158171917,-0.168332470462465,0.866321730581906,0.873095749326681
"Snx13",1.65260945866496,-1.37939059106059,0.216802749797863,-6.36242202807238,1.98596861796936e-10,3.70109110524815e-10
"Ahr",3.44374918012395,-3.01135525544734,0.243712893824208,-12.3561589548867,4.51206205737267e-35,1.14334776405269e-34
"Agr3",2.78700246190005,-2.81804860598276,0.199744787853452,-14.1082460086533,3.37877495494489e-45,9.34174007670145e-45
"Agr2",12.4908407653369,-5.41769857768204,0.290379397527217,-18.6573104835175,1.10136804562499e-77,4.35376084677201e-77
"Tspan13",2.70941730971883,-0.478641664304095,0.212070333821347,-2.25699491144911,0.0240083927321132,0.0343258860754947
"Bzw2",1.63009571971469,-0.748878009953959,0.199963906714325,-3.74506590843831,0.000180346424431572,0.000293410732595545
"Ankmy2",1.37382835688577,-0.635928628995831,0.202841890136278,-3.13509516485271,0.00171798369891426,0.00267697758457685
"Agmo",2.19390467442475,-2.25882634752161,0.221545367270869,-10.1957733323301,2.07089753260458e-24,4.67766556477539e-24
"Arl4a",1.2834763870249,0.262340421990265,0.212426357990594,1.23497114233762,0.216841244294579,0.259521314600617
"Ifrd1",1.37348390935856,0.489918382736514,0.208353624734581,2.35137921579533,0.0187039609673842,0.0270906426886087
"Mir1938",3.2699581791873,-3.12965429086843,0.25158852141213,-12.4395750382494,1.59349434247583e-35,4.05758071596286e-35
"Zfp277",2.63410208244549,-2.46833852149596,0.239198885935461,-10.3191890373685,5.77085101404217e-25,1.31401711203054e-24
"Dock4",14.5879776368953,-5.59186154617051,0.283679040941881,-19.7119305240324,1.7034282503982e-86,7.99990595328709e-86
"Immp2l",1.19734926928503,0.138524631732781,0.214807433866198,0.644878202022875,0.519006118692241,NA
"Dnajb9",1.43420307664028,-0.392368587971899,0.194725920986857,-2.01497872488369,0.0439068783041778,0.0611020807112259
"Pnpla8",1.36054112513639,0.489786143941991,0.208379024775631,2.35045799100635,0.0187503240609084,0.0271352069858447
"Stxbp6",14.6365364504447,-5.48555582578723,0.291172000293309,-18.839571869072,3.57848475570215e-79,1.45480455021536e-78
"Foxg1",43.1524958526972,-7.2810207000852,0.249019440232372,-29.2387642237526,6.23936100591756e-188,1.37134587161641e-186
"Scfd1",17.5957758772716,-5.7540004677937,0.281416517793468,-20.4465626712664,6.44604732354889e-93,3.44052832606597e-92
"Coch",5.02390731124716,-3.93369236332485,0.264236512618376,-14.8870128671661,4.00256604811727e-50,1.15051733321432e-49
"Strn3",1.3422236606117,0.397194231243017,0.208377907604464,1.90612448224098,0.0566340570264003,0.0775773185968703
"Ap4s1",2.71692643815052,-2.31082083311975,0.238710927536883,-9.68041495613021,3.65230558277748e-22,8.03584199877702e-22
"Hectd1",1.42056759364496,0.47412647541206,0.208620473594805,2.27267471520047,0.0230457894553287,0.033021965675766
"Heatr5a",1.18075543796586,0.13846474355839,0.214716199694406,0.644873296730567,0.519009297769442,NA
"6530401N04Rik",1.81032337860512,-1.61023309741956,0.227689260541364,-7.07206432833503,1.52645623464502e-12,2.94787330552978e-12
"Arhgap5",1.22479909855116,0.206521506419423,0.21334703165768,0.968007404718856,0.333040671632257,0.371194373059014
"1110002B05Rik",1.57358736371814,0.693040444220277,0.205441883729958,3.37341359822829,0.000742423424975312,0.00117759048264088
"Eapp",2.40574895109892,-1.69619912189381,0.218241777107969,-7.77211010820657,7.71893041667994e-15,1.54378608333599e-14
"Snx6",1.42727577430719,0.489743711014134,0.208571737175424,2.34808281144163,0.0188703253302279,0.0272748437557218
"Cfl2",1.27948261383154,0.277618180063732,0.210577950812188,1.31836300521006,0.187382158804977,0.228349449973615
"Baz1a",1.57219401464575,0.616368467470688,0.20729453900682,2.97339462208607,0.00294525519531656,0.00452249804958155
"Ppp2r3c",1.23644879835035,0.206497037594498,0.21341701059121,0.967575344732163,0.333256495578372,0.371194373059014
"Psma6",1.78096380562456,0.859047376098901,0.203685971514853,4.21750879410102,2.47016189214123e-05,4.1321086611047e-05
"Nfkbia",3.09521156729846,1.8487725933904,0.233286616148798,7.92489780987347,2.28334029066801e-15,4.60105628924417e-15
"Ralgapa1",1.21250260716149,0.196962182812017,0.213527877091777,0.92241905597816,0.356310033721758,0.392000127749348
"Brms1l",1.44138346290827,-0.828748841746425,0.210158245773271,-3.94345146295387,8.03172527536188e-05,0.000132236574475285
"Mbip",1.20130422331118,0.117749670187536,0.213790571099457,0.550771110166303,0.581790590782066,NA
"C87198",4.64774490512247,-3.79746650079328,0.256041640821012,-14.8314410445758,9.17421423696786e-50,2.6291187656861e-49
"Pax9",4.89256100886366,-3.88728104336179,0.264890368023201,-14.6750562218303,9.31383297993457e-49,2.64301213129973e-48
"Prps1l3",1.39300373023715,-0.372736438246392,0.200420861726239,-1.85976866398032,0.0629182626058584,0.0855406513354814
"Clec14a",1.70004476240779,1.08206438824055,0.219981700007902,4.91888365351152,8.70391827620161e-07,1.51701013027621e-06
"Sec23a",1.32299139676255,-0.338069722472101,0.198410168913697,-1.703893123639,0.0884010559069947,0.116572820976257
"Trappc6b",1.5271531737509,0.651928973076863,0.205875461228692,3.1666181544224,0.00154222679828348,0.00241102841780167
"Pnn",1.63716949184478,0.658843751748335,0.206025480335605,3.19787509134847,0.00138444233278102,0.00216955538190241
"Ctage5",1.52683062794775,0.558371835561386,0.207460991992609,2.69145457272892,0.00711411862610457,0.0106711779391569
"Fbxo33",1.53177756133127,-0.990665056111289,0.205204248794183,-4.82770245710122,1.38117246751852e-06,2.39287098587675e-06
"Fscb",9.4878048220608,-4.98654380173249,0.287365168159759,-17.3526382256609,1.88390124906054e-67,6.3588519366932e-67
"Fam179b",15.7226261307295,-5.6937293299163,0.287466358607725,-19.8065935697399,2.61166881596635e-87,1.24615276228011e-86
"Prpf39",1.21335882677719,0.128536481470322,0.215124112401198,0.597499183311477,0.550174152091282,0.569195319323794
"Fkbp3",36.1101442819034,-6.35872116556331,0.252171727237655,-25.2158369822745,2.68549607566093e-140,3.29067828989437e-139
"Mis18bp1",2.16355196439923,-2.23350601167603,0.232534598690271,-9.60504812727245,7.61223604889212e-22,1.66957446114357e-21
"Rpl10l",4.61669889039385,-3.78456193216473,0.260258548345728,-14.5415470739402,6.60821212873196e-48,1.86358008168454e-47
"Mdga2",7.62492124901504,-4.63517228343144,0.278675410529622,-16.6328714636943,4.02817876835242e-62,1.28253084298869e-61
"Rps29",34.3287095906592,1.90687166472965,0.227830305246953,8.3697015753138,5.77643353426044e-17,1.1915820212938e-16
"Lrr1",2.74543943626474,-2.76178658139433,0.23961611541306,-11.5258799544156,9.77087845714302e-31,2.38002732367179e-30
"Rpl36al",4.98230165608398,1.06906906356501,0.19718441799377,5.4216711160148,5.9044439161212e-08,1.055339744638e-07
"Mgat2",1.40360342439545,0.466132382649363,0.208981200390406,2.23049911560734,0.0257143261042263,0.0366381381088919
"1110034A24Rik",1.56012393255119,-1.22725084001339,0.209884733242943,-5.8472611182865,4.99732731630027e-09,9.07972453570742e-09
"Klhdc2",1.24777573831408,0.232430787843548,0.211398105027937,1.09949324197032,0.271552980114508,0.31437271150981
"Nemf",1.40180145694077,0.442411431507723,0.209212185845232,2.1146542192098,0.0344594289294187,0.0484716300219795
"Arf6",1.82694726031592,0.766841787446516,0.197288537575173,3.88690492043577,0.000101530498874768,0.000166584694051953
"5830428M24Rik",1.17375798748431,0.0981686848723481,0.215638960784939,0.455245585097462,0.64893256880092,NA
"Mettl21d",1.18918113631764,0.158266470837326,0.214293027108166,0.738551659720779,0.460179286978512,NA
"Sos2",1.62131067675249,-1.31791520703447,0.219424532319151,-6.0062345495515,1.89881448027897e-09,3.47904934610608e-09
"Cdkl1",1.5589054158737,-1.34130490443973,0.215515527937371,-6.22370423735554,4.85552022471405e-10,8.98787786276856e-10
"Mir681",25.1315055683031,-6.47968320004622,0.223270217480249,-29.0217086415452,3.50235889431832e-185,7.49275140505804e-184
"Sav1",1.34141949592921,0.0754439891347207,0.199668829791778,0.377845601706569,0.705545295281548,0.719114798666344
"Nin",1.25195734139409,0.168045042292973,0.214401517987068,0.783786625536434,0.43316532288913,0.461161408580673
"Pygl",1.37950033060968,0.291910999850654,0.198162827692903,1.47308656850131,0.140727694663558,0.177610871891627
"Trim9",2.23441996271872,-2.32919132866602,0.225026768986501,-10.3507300005083,4.15306970638637e-25,9.49377003167807e-25
"Tmx1",1.35273089968449,0.294958770613028,0.206412043134438,1.42898043221693,0.153009857680495,0.191262322100619
"Actr10",9.4845231171404,-4.55480862603338,0.268430857380013,-16.9682750727321,1.41013605534665e-64,4.6135444744027e-64
"Psma3",2.13498481710655,1.13790428826328,0.201089067780012,5.65870785928614,1.52516917736227e-08,2.75052102464365e-08
"3110056K07Rik",1.25786320783598,-0.300970502843621,0.202471291034197,-1.486484831041,0.137150926213942,0.173243275217611
"Arid4a",1.41717300741599,0.434236912181208,0.209487468162648,2.07285388472051,0.0381858798607466,0.053439756802439
"Tomm20l",27.4462119726334,-6.61113117197188,0.272667284043492,-24.2461474436272,7.26077233182243e-130,7.64137733308732e-129
"Timm9",10.5727390483192,-4.93054872091818,0.267440613232491,-18.4360507602933,6.74946373884323e-76,2.60593200567764e-75
"2700049A03Rik",11.5812681587552,-5.26609006060332,0.274740630778564,-19.1674964335642,6.91578827269561e-82,2.94817597251704e-81
"4930404H11Rik",3.03464909513169,-2.99537241650266,0.237404152064608,-12.6171863063603,1.69779614837343e-36,4.36683710002923e-36
"Daam1",19.7610759545523,-5.98266103948738,0.28914349576835,-20.6909756817786,4.17675727739455e-95,2.33433329635969e-94
"Gpr135",1.84891190258729,-1.8279689861059,0.223502824335237,-8.17872879925706,2.86853904464627e-16,5.86057683485462e-16
"Jkamp",1.2591487117402,0.234629066402322,0.212958481140953,1.10175967233268,0.270566166936679,0.313589896068377
"Rtn1",1.44664099402291,-0.916594710884306,0.21042948827733,-4.35582825576377,1.32564689505698e-05,2.23763194573887e-05
"1810048J11Rik",10.8288383084845,-5.09521434411518,0.270329266142992,-18.8481788036225,3.04133706850641e-79,1.23836033522648e-78
"Dhrs7",1.35960782335881,0.482267968520566,0.208291140332966,2.31535516944999,0.0205935028120126,0.0296710142640645
"Ppm1a",1.28310788137208,0.359391491932507,0.210316840680816,1.70880986405616,0.087486174967824,0.115996401659142
"Mnat1",1.23556103915591,0.215898847206084,0.213199840000042,1.01265951797169,0.311222820408264,0.351037806053935
"Prkch",1.38568458631284,0.466334295322405,0.208890946216104,2.23242942678793,0.0255865947362722,0.0364774066703103
"Hif1a",1.29137401080287,0.225342687975798,0.213282990745849,1.05654317387325,0.290720126919289,0.331827717078859
"Snapc1",1.22484338519501,0.168042914104534,0.21425577759861,0.784309837466078,0.432858328512734,0.461156984598221
"Rhoj",1.21290812495676,0.234723424359775,0.212745849170385,1.1033043665721,0.269895010997409,0.313589896068377
"Ppp2r5e",1.24394482340885,0.234663790650589,0.212833590337581,1.10256933728545,0.270214232155065,0.313589896068377
"Wdr89",1.84460622956316,1.07706579124693,0.200933050788281,5.36032169432302,8.30738857755386e-08,1.4800193984584e-07
"Rplp2-ps1",122.228916866461,-8.80206524128268,0.342167696998934,-25.7244191035079,6.23274552540503e-146,8.21589182894299e-145
"Sgpp1",10.2480682470935,-4.91426164528029,0.300543216513364,-16.3512645611876,4.26045830408955e-60,1.32694465079639e-59
"Syne2",1.22316284527314,0.173226207661238,0.209852154349608,0.825467854729038,0.409106025340005,0.438778190317408
"Mir5101",299.557855738769,-10.1014885151284,0.225402103086109,-44.8154137730889,0,0
"Mthfd1",119.56900685093,-8.69709739261576,0.292024505627455,-29.7820806987716,6.66656838575429e-195,1.56754445827195e-193
"Akap5",40.9534406101779,-7.16148743884574,0.286741878171652,-24.9753802427096,1.13209502800919e-137,1.34155188336163e-136
"Zbtb25",1.17743171397783,0.0775283507288567,0.216143210667982,0.358689733946573,0.719827209160681,NA
"Zbtb1",1.22063130493598,0.156999771073766,0.212969752335743,0.737192814246496,0.46100510265402,0.485794724132015
"Plekhg3",1.79029544193789,-1.51536144084012,0.219519017600849,-6.90309868093297,5.08802584497555e-12,9.74660363698069e-12
"Spnb1",25.1609601982678,-6.48130671024721,0.308452186715119,-21.0123545541054,5.05644165535945e-98,3.01652862182587e-97
"Churc1",156.680903603832,-8.5307698130524,0.246631583223885,-34.5891215615658,3.68203094867776e-262,1.35353532057027e-260
"Gpx2",32.2413422013307,-6.85042415010413,0.297505425790064,-23.0262158477007,2.54682061374235e-117,2.18837919403046e-116
"Max",1.37033802426073,0.393172325868816,0.209964330910633,1.87256723160355,0.0611281698334876,0.0834338131386528
"Fut8",11.8963246382145,-5.25355219428987,0.281201564090281,-18.6825141292713,6.87056262011166e-78,2.72421852464739e-77
"Gphn",20.6676891787697,-6.1217285154424,0.304781014467903,-20.0856622454976,9.8501167867358e-90,4.93451148049529e-89
"Mpp5",27.620737211452,-6.57707892691513,0.271291347212251,-24.2436000797674,7.724147292437e-130,8.12085576364978e-129
"Atp6v1d",1.47141209115555,0.412773363061971,0.205915292214095,2.00457847799279,0.0450081293815259,0.0626095763814964
"Eif2s1",1.44812793977475,0.474197091075736,0.208701764608446,2.27212784695615,0.0230787896285938,0.0330601761419483
"Plek2",2.72168243603157,-2.7551308056311,0.233909282208685,-11.7786296448598,5.03042355988431e-32,1.24155134669485e-31
"Tmem229b",22.969847490347,-6.18802733282223,0.265333911350661,-23.3216602481099,2.67323323913664e-120,2.42051648018964e-119
"Plekhh1",17.7042350011175,-5.93048476503506,0.281930443275769,-21.0352762764048,3.11950879319872e-98,1.86527329902604e-97
"Pigh",1.23204167492836,-0.148292219176896,0.204604932377212,-0.724773432653633,0.468591036899207,0.492558439914188
"Arg2",3.25229957487318,-3.00436484527886,0.249592383615386,-12.0370854340992,2.26828718737043e-33,5.66936036297517e-33
"Vti1b",7.4282878654376,-4.03579351748791,0.271631381605451,-14.8576114204285,6.21001059415468e-50,1.78160237985641e-49
"Rdh11",15.7222701542766,-5.71640643843152,0.295069295115853,-19.3730982282894,1.30183079025206e-83,5.73104294178478e-83
"Rdh12",1.20477973069991,-0.0412783448962452,0.209429863708274,-0.197098657112932,0.843750334284814,NA
"Zfyve26",48.3581536622709,-7.37459661413209,0.297709619923396,-24.771106207551,1.83683468128934e-135,2.09351026994113e-134
"Zfp36l1",1.89816505907077,0.883154700766044,0.206066701151142,4.28577104322297,1.82106467324242e-05,3.05903703759467e-05
"Actn1",21.7997529098641,-5.67834731599613,0.295074932581768,-19.2437468893519,1.59268388063053e-82,6.86241011712041e-82
"Dcaf5",1.20921954375457,0.148444001284622,0.21459398917761,0.691743519254687,0.48909841186394,0.512050895553324
"Exd2",1.18542581029248,0.148424106211803,0.214519548502524,0.691890819498235,0.489005896370621,NA
"Erh",2.55412833943717,-0.39401694667044,0.205983684086349,-1.91285512936679,0.0557666012291875,0.07648493389815
"Slc39a9",1.18098557439194,0.0671091413126718,0.213457802075226,0.314390669538616,0.753224341793741,NA
"0610009B14Rik",33.1425836939445,-6.89126436745721,0.305629650624721,-22.547761165748,1.41252533678281e-112,1.11887439423464e-111
"3830431G21Rik",13.1367516504978,-5.49565643269936,0.292398908241475,-18.7950648165923,8.28788555859389e-79,3.33946450141722e-78
"Gm1568",13.5358967184139,-5.54212858783173,0.290771099638963,-19.060108087472,5.41628149420166e-81,2.2773249617183e-80
"4933426M11Rik",20.3641349279746,-5.84646088457777,0.28041704847323,-20.849163474224,1.55110493996167e-96,8.91714513942724e-96
"1700052I22Rik",29.182418286849,-6.7024255524408,0.303135357455247,-22.1103391194817,2.51373621878423e-108,1.83008410907304e-107
"Gm20337",32.306339562668,-6.77931375730713,0.298040650125815,-22.7462722096644,1.56226195391926e-114,1.27821432593394e-113
"Srsf5",36.4515468255573,-5.38841824673571,0.254541225618148,-21.1691376658145,1.83891289042868e-99,1.1313052784959e-98
"Slc10a1",7.17310931301998,-4.53533352699965,0.274309639571477,-16.5336279617614,2.10107866864774e-61,6.63297892370196e-61
"Mir3067",25.6316714416589,-6.5090491051304,0.297197215642643,-21.9014471284853,2.51659962133824e-106,1.75272181766319e-105
"Slc8a3",68.7008736094573,-7.96286151665466,0.292567129417528,-27.2172117643835,4.06362618594567e-163,6.70209437302888e-162
"Adam4",9.97142791367103,-5.05275058883878,0.280120876810062,-18.037750868047,9.84708198837172e-73,3.59578649732776e-72
"Cox16",1.47626799159064,0.489834598233923,0.208506740022477,2.34925066777754,0.0188112380112269,0.0271932047683756
"Synj2bp",1.36923677214506,0.376294291742993,0.210395712144664,1.78850741731971,0.0736941800482533,0.0987943854008654
"Adam21",98.7891277239006,-8.49249892888699,0.314572447328168,-26.9969573019453,1.60460914116393e-160,2.56540879536776e-159
"Med6",2.10902995460491,-1.91934568771969,0.228329596644889,-8.40603108805366,4.24118766834274e-17,8.77139446463911e-17
"Pcnx",1.20802891907481,0.196926683983691,0.21348184013695,0.922451688899446,0.356293018866973,0.392000127749348
"Sipa1l1",17.7329700260488,-5.78525294446847,0.289693230076102,-19.9702731850126,9.99054987426756e-89,4.89677655809171e-88
"Dpf3",1.83442831272421,-1.79952581254108,0.216616005197687,-8.30744621524531,9.77836799616336e-17,2.00917460893418e-16
"Rbm25",1.70103335449184,0.587802478385419,0.207533736580351,2.83232253257214,0.00462112100379799,0.00702146751268389
"Psen1",1.26382116364813,0.211948076003954,0.210464308136641,1.00704997384331,0.313910759666713,0.353111553811064
"2410016O06Rik",1.22910119190208,0.187459583114471,0.213861789658921,0.876545470854996,0.380733568214546,0.414225210457603
"Acot2",1.18532210892045,0.148428596926779,0.214518670559321,0.691914585055818,0.4889909707186,NA
"Acot1",1.21183929100725,0.135599762134823,0.210662850355522,0.643681417516091,0.519782042273374,0.540189398685829
"C130039O16Rik",1.20128522758146,0.118483095188667,0.215273997769998,0.550382751358832,0.582056876760577,NA
"Ptgr2",1.24792669157907,0.271428352467092,0.212018230002793,1.28021233109773,0.200470470300539,0.242915550177492
"Zfp410",1.21232765695735,0.147245250450753,0.213175160649442,0.690724238237547,0.489738854310187,0.512050895553324
"Coq6",47.8366031480162,-7.41030867991858,0.279537925913548,-26.5091352298663,7.60545200144499e-155,1.11832280133923e-153
"Entpd5",1.19363532862256,0.0981771910341267,0.215711624817622,0.455131665329268,0.64901451842496,NA
"Rnf113a2",1.2388651229497,-0.161096350052652,0.204961077441218,-0.785985085870041,0.431876224650916,0.461156984598221
"Aldh6a1",1.18461542217098,0.0371845509240504,0.211326025820604,0.1759582180172,0.860326767417701,NA
"Lin52",13.4863791713407,-5.48117790850794,0.287837711086195,-19.0425983024391,7.56784760934916e-81,3.17430008202512e-80
"Abcd4",1.17780446030942,0.138538748925003,0.214720143987274,0.645206110392761,0.518793626942609,NA
"Vrtn",13.4405095910701,-5.53124271166951,0.267684818831936,-20.6632663585687,7.41732220452834e-95,4.12996500348138e-94
"Npc2",216.549191245894,-7.66583349331766,0.226035250806231,-33.9143273713939,4.0965552890928e-252,1.46969200062298e-250
"Isca2",1.29064067296472,0.22813388112951,0.208873597754535,1.0922102342375,0.274740705134128,0.317534923237053
"Ltbp2",87.9080162269013,-8.31201262301179,0.298138965661508,-27.8796587509759,4.70861464716202e-171,8.715946261768e-170
"D030025P21Rik",22.7409558230113,-6.3299415750987,0.2930745443051,-21.5984011511727,1.85940304984283e-103,1.22939631667886e-102
"1110018G07Rik",83.4076993110006,-8.21391795969249,0.265232978045297,-30.9686903198354,1.42357515888848e-210,3.77211285756237e-209
"Fcf1",1.34503872024506,0.0232787062564688,0.199561866746766,0.116649070465994,0.907138150517497,0.912205961414243
"Ylpm1",1.24748848718008,0.0281490142860978,0.209066328336019,0.13464154897701,0.892895289359897,0.898662568294353
"Prox2",1.50566116240538,-1.19590976326841,0.198414037153226,-6.0273445388587,1.66675443465704e-09,3.05654598591595e-09
"Dlst",13.4272214788316,-5.2987888109524,0.277148766669405,-19.1189333967812,1.75663084089791e-81,7.43984826733231e-81
"Eif2b2",1.35225571384535,-0.0813205326884166,0.197707632077244,-0.411317114235856,0.680840021957382,0.695155973519322
"Mlh3",92.3550221330202,-8.38319995312347,0.261537075867692,-32.0535814102487,1.95704189185768e-225,5.99164731700709e-224
"Acyp1",40.4771494905462,-6.91915809287296,0.284672874609922,-24.3056459185093,1.70858355180604e-130,1.82202372633861e-129
"Nek9",1.2817574529774,-0.0411619830058716,0.201472117095092,-0.204306102498758,0.838114301446553,0.846383566173536
"Tmed10",1.91728592500799,1.14768952691927,0.200700327418165,5.71842378975313,1.07516718837187e-08,1.94334235571369e-08
"Fos",3.75513681735829,2.18131339094404,0.227849953394572,9.57346428404408,1.03382247781036e-21,2.2636549220512e-21
"Batf",1.33970013002601,0.280431579646352,0.215688899493251,1.30016695483731,0.193543753749953,0.235583163011485
"Mfsd7c",2.19944385964262,-2.20774707050706,0.228780095334941,-9.6500837071287,4.91156214699389e-22,1.07860136337014e-21
"0610007P14Rik",1.38173988696859,0.384801138280016,0.210344667350999,1.82938385425243,0.0673421246248251,0.0909845855905899
"Ttll5",124.955624569556,-8.792030580872,0.214534170953385,-40.9819589196463,0,0
"1700019E19Rik",175.512810002357,-9.22427558325316,0.230350869171564,-40.0444574679811,0,0
"Gm805",94.9166989827242,-8.43430673451121,0.263673058147263,-31.987745709691,1.61446537827537e-224,4.87139264427596e-223
"Esrrb",106.937497761412,-8.60788231614741,0.205260180085394,-41.9364453084193,0,0
"Vash1",145.108383389098,-9.01952722882656,0.221398928128307,-40.7388025998007,0,0
"6430527G18Rik",1.37730033538842,0.434165547318251,0.209606488165623,2.07133639381998,0.0383273704710834,0.0536223416846455
"2310044G17Rik",1.21294658609999,0.158283403599593,0.214394419174256,0.738281361097102,0.460343490482407,0.485759357622077
"Tmem63c",2.68791302793509,-2.74087183240639,0.253259990828794,-10.8223640987938,2.69728600043976e-27,6.32659309022491e-27
"Ngb",241.497039254942,-9.78964471715692,0.245093159797658,-39.9425456232192,0,0
"Tmed8",1.17356561271754,0.0775351758702502,0.216129285500399,0.358744423231377,0.719786292494096,NA
"Vipar",678.803956788579,-11.1807842841204,0.313173605708741,-35.7015536440793,3.73970248389217e-279,1.51916318800911e-277
"Ahsa1",1.63906220899393,0.536211794783988,0.196969274545217,2.72231187337238,0.00648269316099418,0.00975065791683897
"Sptlc2",1.6801663417623,-0.770714841935645,0.200728162110585,-3.83959497178599,0.000123237450973157,0.000201566502923353
"Alkbh1",1.69269578463989,-1.47438484481783,0.216715836214743,-6.80330921159294,1.02242867856692e-11,1.9478385774158e-11
"Mir3068",13.5036401330748,-5.538325114297,0.298617026910189,-18.5465817927478,8.69059023762672e-77,3.39684620295107e-76
"Nrp",66.8125628093507,-7.72100059929469,0.279483624049538,-27.6259499122788,5.42972467115753e-168,9.55924545815929e-167
"1810035L17Rik",44.6276812771003,-6.76882827168976,0.282330585077579,-23.9748317378714,5.09113183417335e-127,5.12056034188533e-126
"Snw1",3.52449572562397,-2.6245368666685,0.242589612675958,-10.8188344823085,2.80319403654935e-27,6.5735277946036e-27
"Gm8300",9.22964563844713,-4.94319352172905,0.276640486011003,-17.8686554271468,2.06921843926658e-71,7.41848918473319e-71
"Gm4027",106.436896834327,-8.60098361866144,0.281518736393268,-30.5520823546405,5.3057084110261e-205,1.35763715223315e-203
"Gm16381",3.55441475920272,-3.29184404249555,0.259132818250388,-12.7033081518636,5.66820250300122e-37,1.46584181648087e-36
"Gm2016",247.930441434448,-9.82775387375748,0.208174078674816,-47.2093064435231,0,0
"Gm5039",17.0603897000415,-5.89619754164162,0.294252302449637,-20.0378977243544,2.57412254990726e-89,1.27606075123608e-88
"Adck1",1.62336106885894,-1.34214947744033,0.213678188130474,-6.28117211767447,3.36029867370772e-10,6.23449762813374e-10
"Tshr",8.67397419361108,-4.84336134767421,0.279795028061663,-17.3103910431418,3.92738594016963e-67,1.32008722522121e-66
"Gtf2a1",1.57453976551575,-0.874875286730819,0.20180193040427,-4.33531673843843,1.45550391252302e-05,2.45484020141201e-05
"Ston2",22.0603229101293,-6.24069867531232,0.29999272344792,-20.8028334940455,4.07980877969991e-96,2.32495653166305e-95
"Sel1l",24.0849419769882,-6.11053207708595,0.271756270943047,-22.4853397343186,5.77567914327109e-112,4.48980567801565e-111
"Flrt2",7.39231510096979,-4.5616315906925,0.277064995403125,-16.4641209332684,6.64205260212639e-61,2.08927475643867e-60
"1700019M22Rik",13.9270959042859,-5.58577317910915,0.285608636167013,-19.5574379475094,3.56548037410674e-85,1.62265105081405e-84
"Galc",294.80427206169,-10.0468485963534,0.193264143227397,-51.9850626638597,0,0
"Gpr65",1.29053003224063,0.289411390652216,0.207736082272459,1.39316861801906,0.163568807151991,0.202978526883013
"Kcnk10",7.81036121917302,-4.67439497370917,0.271698972745053,-17.204315962193,2.46470026235479e-66,8.21566754118263e-66
"Zc3h14",33.2073789076388,-6.72864350512472,0.297230675885671,-22.6377828771377,1.84071693175897e-113,1.48394476969603e-112
"Eml5",26.9522368647997,-6.56239947113958,0.276672514059997,-23.7190148556517,2.29533916844517e-124,2.20860284963757e-123
"Ttc8",1.96169683463045,-1.9596362856411,0.233562865109685,-8.39018773262959,4.8536648330517e-17,1.00261695403759e-16
"Foxn3",43.9966221921158,-6.97088358038627,0.264615382317509,-26.3434556197568,6.09973413433946e-153,8.73542172325157e-152
"1700064M15Rik",34.3622558330487,-6.93410859633914,0.289537962967467,-23.9488753919232,9.49287793393921e-127,9.46567771063279e-126
"Tdp1",11.3005414153462,-5.2280115349203,0.280160503624557,-18.6607729044004,1.03227294908846e-77,4.08217029866799e-77
"Psmc1",1.40867366574645,0.450294882179755,0.209256329979133,2.15188177210534,0.0314066672400772,0.0443328293653875
"BC002230",2.65195079449099,-2.61952084842851,0.239632989002279,-10.9313866147352,8.15920022378157e-28,1.92675979046097e-27
"Calm1",5.33394834207193,2.69593813338169,0.213928526741891,12.6020506682327,2.05725244865942e-36,5.28487095570974e-36
"Gpr68",1.20388807795385,-0.128036084139372,0.207737740277026,-0.616335211736834,0.537673303757402,NA
"Ccdc88c",1.17384830417002,0.0671342975749762,0.214884027795375,0.312421068535189,0.754720540757876,NA
"Smek1",1.80675697481978,-1.37935528162766,0.221259928235319,-6.23409440936207,4.54398993653335e-10,8.41718504922075e-10
"Fbln5",1.21243959320231,0.234678267463071,0.212827302264474,1.10266993457185,0.270170527749981,0.313589896068377
"Trip11",1.28767917884613,0.234710373532783,0.21302327859549,1.10180622080498,0.270545925334477,0.313589896068377
"Atxn3",1.18917608591259,0.148411665010844,0.214573560280303,0.691658677877038,0.489151702829232,NA
"Cpsf2",1.28682638206427,0.262281283542273,0.212373437185221,1.23500041727688,0.216830348841604,0.259521314600617
"Rin3",1.34185861070463,0.401438265892781,0.209785482053888,1.91356552399399,0.055675693733842,0.0764204894269407
"Lgmn",1.47804095341142,0.572901849316045,0.207538165014493,2.7604650415794,0.00577191349257935,0.00870288516212138
"Golga5",1.2714915237887,0.26231687689497,0.212340528313305,1.23535944352519,0.216696759641428,0.259521314600617
"Itpk1",1.20108347117167,0.138497006030745,0.214793444553219,0.64479158718659,0.519062254491789,NA
"D230037D09Rik",1.37815147465802,-0.261935000775657,0.196217487519914,-1.33492179563798,0.181901943415116,0.223313298360044
"AK010878",1.1975538720543,0.128541210498163,0.215027089832916,0.597790774167312,0.549979547351533,NA
"Ubr7",1.17354281675363,0.108334455071901,0.215396805894354,0.502952932018111,0.614997364734438,NA
"Asb2",1.22824026511048,0.118469577731505,0.21559355763608,0.54950425713314,0.582659443861916,0.600146155394284
"Otub2",18.8036911272339,-6.02130727405133,0.287742007786181,-20.9260626224785,3.10076264966918e-97,1.8105124196055e-96
"Ddx24",1.65326223144383,0.665820699661371,0.206248880967103,3.22823908929508,0.00124554823516329,0.00195541707896312
"Ifi27l1",1.74346409436896,0.778155221779777,0.199660589931502,3.89739017623228,9.72348933450137e-05,0.00015963709490831
"Ifi27l2a",17.0631580247414,-3.32040710456211,0.277527043622016,-11.9642650360388,5.46795948552023e-33,1.36047419039159e-32
"Ifi27l2b",7.2389666597844,-4.55029866570368,0.270484580683977,-16.8227654759369,1.66215425018624e-63,5.38742327598395e-63
"Ppp4r4",5.68810450634276,-4.12458341123767,0.258007806431384,-15.9862737034454,1.59277794193041e-57,4.84940265784588e-57
"Serpina10",7.95570127408893,-4.70423294488517,0.268877867917354,-17.4957983017447,1.54236120852369e-68,5.28462455431155e-68
"Serpina1b",15.5838285597083,-5.75829551012412,0.282043225309193,-20.4163581798908,1.19658927070476e-92,6.34776015556795e-92
"Serpina1a",5.63359309954951,-4.13143660482199,0.262485318224702,-15.7396864432823,8.08432729320306e-56,2.42390513903044e-55
"Serpina1c",1.29477283648851,-0.650133040222172,0.193713404429951,-3.35615928146711,0.000790330367196515,0.0012524361010218
"Serpina11",8.46392904922891,-4.80411133408044,0.253852840530543,-18.9247885666358,7.12749183367915e-80,2.93418827853353e-79
"Serpina9",134.428874638143,-8.94033708808121,0.235349290905408,-37.9875250683229,0,0
"Serpina4-ps1",22.0043847515895,-6.2805227917359,0.303885052849046,-20.6674291244451,6.80455740470567e-95,3.79282324106392e-94
"Serpina3g",1.62599010692247,-0.904351143763711,0.199160765913851,-4.54080973034066,5.6038587735436e-06,9.56108605912652e-06
"Serpina3k",34.2533565864707,-6.92926527332216,0.298033933001978,-23.2499205829565,1.42516554889234e-119,1.27168618208855e-118
"Dicer1",1.18933129562338,0.11846745978666,0.215217490779067,0.550454609231893,0.582007601680986,NA
"Snhg10",112.158368939936,-8.67709106219389,0.278720664048985,-31.1318541515419,8.92986534188056e-213,2.42150114725281e-211
"Scarna13",29.1205450488919,-6.69930008886251,0.229160658621013,-29.2340759062918,7.15711794791086e-188,1.56646355086351e-186
"Glrx5",1.45568382314388,0.48201238801787,0.208678406120632,2.30983357108464,0.0208973699216484,0.0300466247048629
"Tcl1b1",17.1192116229849,-5.90138838990125,0.291045138471758,-20.2765399926922,2.07203841098406e-91,1.07622293585441e-90
"Tcl1b4",11.3349475317635,-5.26675962029981,0.287324437145532,-18.330357391885,4.73781783983844e-75,1.80587142197566e-74
"Atg2b",1.18491567879421,0.127626095273711,0.21349647473866,0.597790176301212,0.549979946326525,NA
"4933433P14Rik",1.28308576612992,0.30723728895305,0.211406507754908,1.45330099917852,0.146140200015616,0.183714983016129
"Papola",11.1288065296771,-4.47123666233526,0.268832699976099,-16.6320416479572,4.08436294564622e-62,1.30002284001666e-61
"Vrk1",1.29822859914267,0.28039202616678,0.212112796992767,1.32190056489775,0.186201264301182,0.22706512532424
"4933406K04Rik",34.0683009464355,-6.93208692486183,0.280541033048978,-24.709707701303,8.41100953515556e-135,9.5136445879766e-134
"Bcl11b",1.26439445326021,0.148400222049246,0.214950864895947,0.690391369772267,0.489948102491399,0.512120363437145
"Setd3",1.306842796637,0.393167112152262,0.209710164391057,1.87481190191193,0.0608186052280677,0.0831625721782616
"Ccnk",11.1573258011308,-5.11972756150873,0.276592747241896,-18.5099848515957,1.71548889619881e-76,6.68521988664263e-76
"Cyp46a1",183.182232692968,-9.38927538777998,0.240771077182884,-38.9966913702351,0,0
"Evl",2.00621663812497,1.09239917284068,0.203341164284556,5.37224804767996,7.77610390350344e-08,1.38607691228574e-07
"Yy1",1.33874573668649,0.206512766394088,0.213818710335338,0.965831128951285,0.334128689153743,0.371372672710005
"Wars",1.30957026077707,0.0937848846376303,0.202774618215304,0.462508007476805,0.643717061350471,0.659768910317978
"Mir1906-1",9.19210876431339,-4.93623184520115,0.272586030988072,-18.1088951158218,2.71135771329532e-73,9.97764347085061e-73
"Mir770",696.562216230139,-11.3213488658654,0.182765377667746,-61.9447129994544,0,0
"Mir673",26.1590603936113,-6.5394144540188,0.293240485266903,-22.3005170928794,3.65255495085064e-110,2.7473107843574e-109
"Mir337",26.3723817577673,-6.551616210027,0.276615842605556,-23.6848914664998,5.16087529763521e-124,4.93854611432736e-123
"Mir540",10.2468280033804,-5.10840031824334,0.268218001530299,-19.0457027086091,7.13224315400198e-81,2.995197849066e-80
"Mir431",1.22971916584571,-0.410516393401442,0.198193640704235,-2.07128943160218,0.0383317563211216,0.0536223416846455
"6430411K18Rik",1.21836109441392,-0.363758105953087,0.199947034792259,-1.81927232044738,0.0688698941020135,0.0928582841824901
"Mir127",13.8792933037858,-5.58055726810383,0.282389721449856,-19.7618994043123,6.33745631943297e-87,2.99651467277537e-86
"Mir434",52.4547725566652,-7.56791401197437,0.237956697007414,-31.8037445768487,5.74565823567657e-222,1.71384777087038e-220
"LOC100861570",19.5150042364407,-6.09985959193139,0.293303168953637,-20.7971145136028,4.59642330592207e-96,2.61650268886731e-95
"Mir666",6.88676894082634,-4.46817444572357,0.266110787427657,-16.7906550836022,2.85674206936958e-63,9.23641598148603e-63
"Mir543",30.6678599249515,-6.77609449825048,0.302525877031146,-22.3983963446302,4.08001949260122e-111,3.12054238115434e-110
"Mir654",10.3039065823553,-5.1173264808376,0.264869703783939,-19.3201653784154,3.63484158025289e-83,1.58843642100629e-82
"Mir381",20.057827624714,-6.14121885893797,0.291448433540981,-21.0713737052028,1.45644382818882e-98,8.78917547184466e-98
"Mir539",2.29436872907964,-2.39133582607997,0.236860469322712,-10.0959684531482,5.75600775772426e-24,1.2945437524912e-23
"Mir377",24.8411230962226,-6.46218426098846,0.30092860515355,-21.474144200054,2.71677915029875e-102,1.75406149221515e-101
"Mir412",11.0446022980409,-5.22621253529134,0.288293214460051,-18.1281149647577,1.9120197834295e-73,7.05602210639944e-73
"Mir369",1.76608004564652,-1.72853284990987,0.215599860945886,-8.01731894596963,1.08078221548631e-15,2.18839533158981e-15
"Ppp2r5c",1.35785730863425,0.434190537303782,0.209269408036872,2.07479220865039,0.0380057970014213,0.0532162715524194
"Dync1h1",1.34180323043726,0.417925258104189,0.20952271923674,1.99465365678065,0.0460806671191076,0.0639907109235812
"Hsp90aa1",2.49787182142138,1.38696543246146,0.207726824648893,6.67687206409549,2.44095856331389e-11,4.61910592731503e-11
"Cinp",1.20048264786791,0.1276127746475,0.213582629913076,0.597486671549255,0.550182503071538,NA
"Traf3",8.6181998231944,-4.74979793520354,0.274910782515089,-17.2775978146395,6.93779297078918e-67,2.32447235606672e-66
"Amn",12.0112639213923,-5.33472495811843,0.282735024329443,-18.868284786332,2.07938818763447e-79,8.49327569597179e-79
"Cdc42bpb",1.19278361225843,0.177725177828653,0.213887503383084,0.83092829182422,0.406014139918903,NA
"Tnfaip2",1.60547367570244,0.951526892793945,0.209078944456207,4.55104121205877,5.33810899199159e-06,9.11214157560369e-06
"Gm266",8.67529578227384,-4.84349752166349,0.272078190832176,-17.8018587482121,6.83617889431267e-71,2.42671566326502e-70
"Eif5",4.08994212379014,-2.18239444159431,0.234870007222982,-9.29192478596204,1.515229901118e-20,3.26771331701549e-20
"Mark3",1.25964008823159,0.213948247826102,0.211844621958846,1.00993004140395,0.312528808543604,0.351708608515169
"Ckb",187.531045771269,-8.58311667284947,0.184171720885484,-46.6038794206975,0,0
"Trmt61a",1.56439440877382,-1.28260171905099,0.211787351380377,-6.05608272019699,1.39476298220039e-09,2.5627112872531e-09
"Bag5",14.3495553856711,-5.49885562927953,0.283338894477302,-19.4073448314384,6.68957629620841e-84,2.9617971387793e-83
"2810002N01Rik",31.4302627799359,-6.5803053634523,0.309668996454875,-21.2494806996644,3.33331723641472e-100,2.07636228807695e-99
"Klc1",1.22807310484955,0.232408317290463,0.211323672251962,1.09977417491289,0.271430527087434,0.314265798246957
"Zfyve21",20.1847965281956,-5.99426223222691,0.267111992635767,-22.4410075080405,1.56655518497122e-111,1.2078904085007e-110
"Ppp1r13b",1.22868352920952,0.165346303028179,0.211405964124521,0.782126955182719,0.434139966829258,0.461644047025612
"2010107E04Rik",2.73862718300083,1.74051978941446,0.201844834439399,8.62305837178621,6.51892045188049e-18,1.35789165039171e-17
"Tmem179",2.68057931898751,-2.73840374617551,0.242172919056747,-11.3076381820125,1.20283793149094e-29,2.89813708856806e-29
"Inf2",1.36207417408319,-0.653125120041451,0.200156103653325,-3.26307870767048,0.00110208907427132,0.00173489293356341
"Adssl1",52.7080520966203,-7.17327573517451,0.228765405857798,-31.3564706528812,7.94090858977233e-216,2.22260283316952e-214
"Siva1",14.3231103702665,-5.20862324094526,0.285927530021319,-18.2165853024257,3.81214467207512e-74,1.42290991692757e-73
"Akt1",2.58146876327807,-2.29833487773828,0.238685300916604,-9.6291429296742,6.02297298983951e-22,1.32211602215989e-21
"Pld4",3.39207293384011,-1.82430157147428,0.239145705005696,-7.62841035104867,2.37666027024686e-14,4.71807058782605e-14
"Cdca4",12.49514751666,-5.29863486645702,0.272937387105705,-19.4133714059662,5.94924138273799e-84,2.63625127486352e-83
"Gpr132",2.94883514143364,-2.36064078453261,0.234984412059536,-10.0459462984911,9.57244506882433e-24,2.14639876543226e-23
"Jag2",2.52666828926437,-2.59513701249296,0.233033421510384,-11.1363296975722,8.34896131630344e-29,1.99321189440219e-28
"Nudt14",1.29765715933428,-0.106136610332368,0.201610163842714,-0.526444740232293,0.598579237026663,0.616167149926875
"Brf1",9.12395891287516,-4.74770396023742,0.252103530328497,-18.8323580953073,4.10086816103629e-79,1.66458256614381e-78
"Pacs2",4.32724308936848,-3.41270121772682,0.249420751531785,-13.6825071561534,1.29161232228676e-42,3.491567230625e-42
"Tex22",2.57255579487938,-2.65033486653787,0.230765875842404,-11.484951390074,1.57023759116869e-30,3.81594051485129e-30
"Mta1",6.73877764063883,-4.32552459347817,0.261071715569713,-16.5683386422729,1.18042295687949e-61,3.73782701541458e-61
"Crip2",6.5831616185659,-2.74271850924588,0.255549946393973,-10.7326123442715,7.15445133660942e-27,1.66835988282784e-26
"Crip1",6.63488663156069,2.99973774581498,0.252745470271605,11.8686113052448,1.72303969564211e-32,4.26673017611566e-32
"Adam6b",1.77156901525145,-1.72952618671437,0.220919280733416,-7.8287697704457,4.9266687113871e-15,9.87224977867204e-15
"Adam6a",2.03603078189842,-2.10386767919406,0.219741358684787,-9.5742908471409,1.02558698390586e-21,2.24609358338099e-21
"Zfp386",1.35031452979065,-0.419611940660323,0.190626368131564,-2.20122716900697,0.0277199458313903,0.0394272799018684
"Esyt2",62.664481173508,-7.64576658083901,0.32425539685703,-23.5794582139528,6.26252689637229e-123,5.91681274191192e-122
"Gm10421",13.2837764080192,-5.51297747637311,0.278478542213768,-19.7967765578907,3.17363004208518e-87,1.50877493804049e-86
"Gm5441",4.97890136650753,-3.91856113576417,0.271378993086678,-14.4394416501965,2.92199598627511e-47,8.19163214197427e-47
"Rapgef5",7.34777322602921,-4.50698327521205,0.276453525271281,-16.3028605650422,9.41792345784828e-60,2.92193524219721e-59
"Cdca7l",1.54658062631064,-1.01748840445543,0.199537642362302,-5.09923036280026,3.41037299337244e-07,5.98894769567844e-07
"Sp4",1.42266882501229,-0.804531384694708,0.198076818949108,-4.06171398027861,4.87137384486566e-05,8.07769106423086e-05
"Sp8",32.1192324484295,-6.84475078081224,0.304760343712752,-22.4594535411854,1.03452558530692e-111,8.00033119304017e-111
"Abcb5",1.84534815977674,-1.84839040237944,0.219635102348849,-8.41573310737741,3.90445344718743e-17,8.07657895554523e-17
"Itgb8",31.540220301434,-6.81777391552575,0.268007627771861,-25.4387308757096,9.40790647149614e-143,1.18621429423212e-141
"Macc1",37.732250922252,-7.08311105756234,0.277769937145254,-25.4999195750201,1.97530036351487e-143,2.52412922828583e-142
"Tmem196",39.2326600428479,-7.14066256991969,0.291153447077688,-24.5254268551193,7.91198522174354e-133,8.67658883560951e-132
"Speer6-ps1",6.04897412496564,-4.25211671069594,0.255382909057676,-16.6499658351673,3.02775019107117e-62,9.6636233551767e-62
"1700024F13Rik",22.2769127760028,-6.29904792349044,0.287167986662759,-21.9350631548211,1.20270911841547e-106,8.43836236307626e-106
"Gdi2",19.8348962041197,-4.76710904666608,0.285175712321975,-16.7163921774791,9.95673130470861e-63,3.20037791937062e-62
"BC016423",2.01710243889758,-1.90423811012622,0.231417548469645,-8.22858129264121,1.89443717238443e-16,3.88030686280036e-16
"Asb13",1.1896611956065,0.138539514822933,0.214752225007989,0.64511329192412,0.518853770766739,NA
"Calm5",2.92342804646154,-2.91764414473597,0.250057820051631,-11.6678780297035,1.86004912899018e-31,4.56378681707579e-31
"Net1",1.30416855005684,0.200946989903032,0.203429811214492,0.987795194339326,0.32325296160384,0.36299461322406
"Tubal3",2.75822640504853,-2.79837871486776,0.236886391317759,-11.8131679042467,3.33744997211726e-32,8.25076431657689e-32
"Akr1c14",15.644209588171,-5.76409566503438,0.29381155650154,-19.6183422247524,1.07812046980098e-85,4.96277676575052e-85
"Akr1c13",1.18504248865407,0.0168549817891896,0.211855913624769,0.0795587033696993,0.936588240992981,NA
"Klf6",2.04801588429764,0.923169795888284,0.189520462393104,4.87108243738579,1.10988516373837e-06,1.9270249641491e-06
"Pitrm1",1.19638979743737,0.148374478765489,0.214572295525954,0.691489450685128,0.489258007948885,NA
"Pfkp",1.31797212820773,0.376306097020761,0.210248235032269,1.78981810222095,0.073483158084984,0.0985833650340512
"Wdr37",1.2205743362907,0.19700214598134,0.21354352463896,0.922538608063221,0.356247701581724,0.392000127749348
"Idi1",1.18902668051083,0.128510313341874,0.214980529627905,0.597776522200888,0.549989058179107,NA
"Gtpbp4",1.41338326287966,0.364021345263787,0.209502282695481,1.73755312152328,0.0822895860957346,0.10928676743919
"Larp4b",1.2166093271041,0.196974863221257,0.213529521644412,0.922471336536204,0.356282774806307,0.392000127749348
"Zmynd11",1.37861491235252,0.367974082972328,0.210523394454057,1.74790114859482,0.0804811459368173,0.10711667052274
"Heatr1",29.2620361662852,-6.67296307818111,0.295889215016911,-22.5522348889929,1.27672608154955e-112,1.0136137103709e-111
"Lgals8",1.28738100943447,0.271418547913305,0.212165912706025,1.27927499969979,0.200800233112902,0.242915550177492
"Ero1lb",2.26562698148435,-2.0906864133631,0.23263534359178,-8.98696810675404,2.54144342807088e-19,5.39172310283682e-19
"Gpr137b-ps",1.23139643779308,0.271365059913947,0.212026403897083,1.27986446464313,0.200592807132188,0.242915550177492
"Gpr137b",1.24599332334871,0.218980053656386,0.209090724502454,1.04729683336008,0.29496269613528,0.335996786432332
"Nid1",1.19693160803447,0.177747800743125,0.213944892257732,0.830811144250167,0.406080326044622,NA
"Lyst",2.62417358312368,-2.57429283648991,0.238615450837354,-10.7884582807029,3.90281724533452e-27,9.1418918647728e-27
"Tbce",11.8942314580793,-5.22308542041944,0.27955572947825,-18.6835212791652,6.74212930799591e-78,2.67430964952421e-77
"Ggps1",21.3294576782556,-6.14758133236947,0.297938662864928,-20.6337145815698,1.36732618557709e-94,7.56886817466854e-94
"Arid4b",12.6431972922155,-5.10729621977849,0.284329426486833,-17.9626016303838,3.8245435900207e-72,1.38303550674805e-71
"Hecw1",3.2415243955184,-3.12745934913416,0.255290076844324,-12.2506107083875,1.66735567198542e-34,4.20768508956436e-34
"Mrpl32",3.77884042535708,-2.86691653678214,0.251388660653837,-11.4043192295372,3.97877649734099e-30,9.62651833887368e-30
"Psma2",17.7944459556037,-4.7988983844762,0.269628791893838,-17.798167438905,7.30194226370869e-71,2.59117189779465e-70
"AW209491",1.21180736684456,0.0189359742889971,0.207951445142517,0.0910595945895904,0.927445238055136,0.931729049778254
"A530046M15",2.28075842031598,-2.37446465550507,0.22009915748324,-10.7881587674223,3.91555550025823e-27,9.16761592794257e-27
"2810021B07Rik",1.35432229405207,0.316058987104381,0.211520045285382,1.49422711534482,0.135116267681118,0.170946051433265
"Cdk13",1.63690100849423,-1.09227163540753,0.207369821315578,-5.26726419725896,1.38471854359486e-07,2.45274204192913e-07
"Rala",1.50543424640097,0.637690280411232,0.206209575121082,3.09243777858906,0.00198519846007575,0.00308093829689175
"1600012F09Rik",4.28378274730944,-3.44685476939732,0.257701242299154,-13.3753905826966,8.42101783023526e-41,2.25308626723875e-40
"4930448F12Rik",5.57992346640191,-4.11526628855233,0.261617449022283,-15.7300910315115,9.40757306368146e-56,2.81822274848879e-55
"Pou6f2",11.3373365661693,-5.26697559509688,0.263402230288532,-19.9959415276303,5.97406881895213e-89,2.9461161298942e-88
"Vps41",1.91003950274596,-1.54112406621086,0.22556719718629,-6.83221711948696,8.3612171523294e-12,1.59523221985232e-11
"Amph",1.94450535785043,-1.97169982371781,0.221227056796884,-8.91256183699129,4.98667289012609e-19,1.05407703933825e-18
"Stard3nl",23.9105103120694,-6.00329123462228,0.280265533423631,-21.4200125191566,8.69655138344382e-102,5.55982831862544e-101
"Gpr141",29.4317028064275,-6.52241013838475,0.285193294668187,-22.8701384651184,9.21403468392998e-116,7.70789439905681e-115
"Elmo1",1.29144165276855,0.289437222730249,0.211812675697033,1.36647734503032,0.171789186892881,0.211829792717247
"Aoah",1.60150338293883,-1.38082499436027,0.208772682782982,-6.6140118331268,3.74041821621731e-11,7.06019999589743e-11
"Trim27",1.88975206379414,-1.39315603700941,0.212161657884278,-6.56648355269403,5.15173347449248e-11,9.70656875540543e-11
"Gpx5",16.5296491966076,-5.84803692363563,0.29155436918839,-20.0581350912868,1.71392347335368e-89,8.53690890353645e-89
"Gpx6",9.89399996695916,-5.05306029344814,0.268564568365667,-18.8150667982684,5.68367811846797e-79,2.29901586814435e-78
"Zkscan3",1.25980529973863,0.298390710736283,0.211543057495022,1.41054362298467,0.158379225050232,0.197436157265757
"Zfp187",14.4677187542619,-5.41518005185996,0.265753955391115,-20.3766677485208,2.69381480315538e-92,1.41751141859588e-91
"Nkapl",16.3556482893608,-5.83189105754433,0.278282382965841,-20.9567382433267,1.62872811298327e-97,9.59589249410006e-97
"Olfr11",1.66568361586737,-1.55046543723943,0.210976234332829,-7.34900517180272,1.99687462668717e-13,3.90619657159717e-13
"Hist1h2bl",8.52847338574558,-4.81635434157155,0.28273282926035,-17.0350021048899,4.51725429527278e-65,1.48348961442742e-64
"Hist1h2ai",27.780878630534,-6.61853893888334,0.305419936055303,-21.6702911550768,3.91274216341502e-104,2.60683013312398e-103
"Hist1h2ao",1.38082955530019,0.558330508755459,0.207618681000111,2.68921132754504,0.00716210624813152,0.0107354471256989
"Hist1h2bk",7.20725344220345,-4.54364466025131,0.275443287562565,-16.495753810008,3.93616783102522e-61,1.23887826819124e-60
"Hist1h4i",1.20138695531923,0.148439975646483,0.214713566814238,0.691339526649043,0.489352197606993,NA
"Vmn1r198",39.8717206089958,-7.16451699327036,0.289907504561493,-24.713113253509,7.73107671197368e-135,8.75406083221315e-134
"Vmn1r204",4.08957840465211,-3.56523134227771,0.245106010146979,-14.5456708309184,6.22179160171269e-48,1.75555417086163e-47
"Vmn1r208",2.83673687918379,-2.8552683111782,0.24246316032414,-11.7760912930488,5.18418061027595e-32,1.2791974845493e-31
"Vmn1r212",109.172690434986,-8.63792274944324,0.242556280599408,-35.6120349804882,9.12370682618777e-278,3.62173001009127e-276
"Vmn1r213",2.1428518178472,-2.22790058878705,0.233124940930811,-9.55668055031602,1.2159418718997e-21,2.65573915117843e-21
"Vmn1r214",169.889285523886,-9.28006382428715,0.217835312687766,-42.6012830967801,0,0
"Vmn1r219",27.3387811150716,-6.60520495214888,0.288991203282326,-22.8560761612388,1.27158408549961e-115,1.05779584482996e-114
"4933404K08Rik",48.4522188861395,-7.45139126306964,0.281138325678255,-26.5043595358012,8.63335452466647e-155,1.265901983673e-153
"Zfp322a",1.21296421024607,0.137527559736177,0.213375778921983,0.644532197754559,0.51923038570388,0.540189398685829
"Abt1",1.32462749029959,0.0129593998548746,0.20329644035612,0.06374631957241,0.94917222203675,0.952181992703341
"C230035I16Rik",144.331681352358,-9.04353258220525,0.226512443457377,-39.9251027633146,0,0
"Btn2a2",1.90849301603676,-1.9391847760395,0.221777304690272,-8.74383778244446,2.25322901162462e-18,4.71606072200502e-18
"Hist1h3g",26.9277719288055,-6.58270438185871,0.269336080838896,-24.4404847703869,6.35273164588276e-132,6.88707356002243e-131
"Hist1h2bh",17.9042348104151,-5.96950760042314,0.284599622232036,-20.9751072527993,1.10716642712509e-97,6.54519677190597e-97
"Hist1h1d",1.19260932875236,0.0671686488184286,0.212094258475344,0.316692442790652,0.751476983647152,NA
"Hist1h3e",34.8192273992565,-6.95348250505939,0.275065560679256,-25.2793642646075,5.38722693927478e-141,6.687592062548e-140
"Hist1h2ae",4.03157628671111,-3.27414372802653,0.258471396527978,-12.6673348463613,8.97108492637038e-37,2.31540486109535e-36
"Hist1h2bg",29.2651424094612,-6.69570628810634,0.292883642974434,-22.8613186455442,1.12772079325017e-115,9.41119510913815e-115
"Hist1h2bf",2.45707045106316,-2.54758391917898,0.229698452472794,-11.090992959479,1.38739105237438e-28,3.30542277197366e-28
"Hist1h3d",15.5966456023664,-5.75946276871168,0.288230012103243,-19.9821757862212,7.87172882458807e-89,3.86551500134993e-88
"Hist1h4d",11.0667691847423,-5.13017637214502,0.287768079169488,-17.8274685189232,4.32568641404071e-71,1.54130259940563e-70
"Hist1h2be",1.56749422029263,-1.30263473542599,0.206180444186117,-6.31793544032779,2.65080701820893e-10,4.92778227743968e-10
"Hist1h1e",21.7372875654631,-5.97180671605396,0.290660417737887,-20.5456482947714,8.41799099551823e-94,4.58205557837384e-93
"Hist1h2ac",1.17332800160751,0.0878647619391049,0.215880655792435,0.407006184118624,0.68400344619488,NA
"Hist1h2bc",25.5122778369529,-5.92591944315542,0.298525757580703,-19.8506135322458,1.08863667106456e-87,5.23026546061389e-87
"Hist1h4c",2.15314746926362,-2.06163254662944,0.232988385124711,-8.84864945317302,8.85847453126199e-19,1.86343893021107e-18
"Hfe",2.78107287325627,-1.80654183329394,0.243512270637242,-7.41868912218034,1.1828518582666e-13,2.32429388298576e-13
"Hist1h1c",3.8661013000843,-2.45493493789724,0.250618573903785,-9.79550278200737,1.17710328227898e-22,2.60580115924354e-22
"Hist1h2bb",24.6806345749701,-6.45254015934628,0.299210295698384,-21.565234392371,3.80983051041419e-103,2.49683807462173e-102
"Hist1h2ab",36.5544644337747,-7.03626336974788,0.28374618492305,-24.7977373569131,9.48318491776075e-136,1.08319967769609e-134
"Slc17a1",60.9341289129829,-7.78746183752088,0.25326735940361,-30.7479884334826,1.30088791320094e-207,3.37842532682034e-206
"Slc17a4",12.6840219334722,-5.44148959138472,0.286723090283023,-18.9782050200891,2.58269787792241e-80,1.07039959688408e-79
"Hist1h2ba",37.4730929558393,-7.07288839270083,0.28580171360545,-24.7475366871487,3.29550034112755e-135,3.74782391736075e-134
"Hist1h2aa",1.2634477687343,-0.542211745246399,0.193991410317795,-2.79502965805626,0.00518949541224158,0.00785193218895683
"Cmah",1.33187917353345,0.17473802749628,0.211588075018694,0.825840622071173,0.408894507221348,0.438596389128827
"Gm11346",1.58048125132339,-1.15622480924656,0.215089409935116,-5.37555433154679,7.63474247244177e-08,1.36157689464114e-07
"Fam65b",1.43053916240751,0.350930594374439,0.211225897347315,1.66139947223143,0.0966332437342541,0.126374929799025
"Gmnn",1.23498972109249,0.234581937705979,0.212870816504358,1.10199200415608,0.27046514778803,0.313589896068377
"BC005537",1.40580234485207,-0.813413041166551,0.197324275642901,-4.1222147579986,3.75247115797047e-05,6.25112476291874e-05
"Acot13",27.3093175358211,-6.38984117385412,0.290038356380602,-22.0310211848982,1.4526145395137e-107,1.04014374434315e-106
"Tdp2",1.2172202197576,0.158279733864421,0.214411012250693,0.738207110739992,0.460388602512725,0.485759357622077
"Nrsn1",39.5326895941881,-7.15188891798906,0.271991099396609,-26.2945696894309,2.2125409922399e-152,3.14271128693668e-151
"Prl",3.18908616371288,-3.09534077509155,0.249978625533689,-12.3824217709942,3.25374138844049e-35,8.26296767096052e-35
"Prl3d3",17.289363418895,-5.91647959746702,0.287859535477303,-20.5533563015616,7.18217425815299e-94,3.91550387755181e-93
"Prl3c1",79.1865525839539,-8.17022750709744,0.273017766209738,-29.9256257954323,9.13491275377979e-197,2.19237906090715e-195
"Prl6a1",104.598645524059,-8.57566795451755,0.252273967898469,-33.9934715656787,2.78194582029304e-253,1.00496589494323e-251
"Prl2b1",29.6032044555307,-6.72368917683549,0.306987388704639,-21.9021673991453,2.47713005428668e-106,1.72638436360167e-105
"Prl2c1",16.3982580993268,-5.83595058830565,0.267608741379592,-21.8077726393384,1.95778054759916e-105,1.34468611295626e-104
"Sox4",1.19322930556543,0.187419732208475,0.213712517614553,0.876971242959673,0.380502257873876,NA
"A330102I10Rik",162.552010039975,-9.21598777160224,0.25967695549156,-35.4902026410341,6.96155956444746e-276,2.73228127266284e-274
"Cdkal1",1.32473798142871,-0.560128233562272,0.195310079372295,-2.86789209938608,0.00413216430802497,0.00629410495707335
"Mboat1",1.39639413730229,-0.879748548580211,0.202908586459445,-4.33568910971664,1.45304190385111e-05,2.45108377382543e-05
"Uqcrfs1",34.6965487690269,-6.06279967859125,0.28781881077602,-21.0646401541465,1.67896648526925e-98,1.01086563472959e-97
"4930519D14Rik",12.9669454329147,-5.47566060411089,0.281855435042969,-19.4271953750906,4.54528398657483e-84,2.02012621625548e-83
"Dusp22",8.62354814832478,-4.48867457561025,0.269791996122004,-16.6375379556494,3.72627017014057e-62,1.18749269158326e-61
"Irf4",1.33093157441815,-0.652593667661077,0.196989466856867,-3.31283534126854,0.000923553352023763,0.00145978758442515
"Exoc2",10.5728811735595,-5.03323941751308,0.28229752488213,-17.8295556066765,4.16720200134911e-71,1.48584661523513e-70
"Hus1b",2.76169761958209,-2.79982191762822,0.229520536940178,-12.1985681758751,3.16337528001389e-34,7.96374196367132e-34
"4930401O12Rik",10.7561870471026,-5.18476260064069,0.287684158380881,-18.0224125993629,1.29950816834893e-72,4.74034426190177e-72
"1700018A04Rik",3.75989506144254,-3.41088514436574,0.248158485909664,-13.7447854417011,5.47350800863893e-43,1.48501620608603e-42
"Foxf2",2.65811435906245,-2.55891164412592,0.241813690686555,-10.5821619812372,3.60541296928775e-26,8.3460113967548e-26
"Foxc1",15.1122508531705,-5.71124223380317,0.291524866773234,-19.5909264860268,1.84796678618924e-85,8.45803298895909e-85
"Gmds",3.09294364865603,-2.80212276576809,0.247070956993612,-11.3413684872744,8.18543255947022e-30,1.97448973939161e-29
"Wrnip1",7.83478005037527,-4.51270574560434,0.276592826609033,-16.3153390524589,7.67787066398286e-60,2.38633431771304e-59
"Serpinb1a",17.4447964540814,-5.59725441724467,0.291060390200974,-19.2305604118095,2.05396624348218e-82,8.8317164670321e-82
"Serpinb6b",1.29130307118576,0.359429973650877,0.210755116278222,1.705438899886,0.0881125985632599,0.116265865647173
"Serpinb9",2.09817545559993,-1.58750212663866,0.226971123892975,-6.99429116536968,2.66603371398887e-12,5.12963361113967e-12
"Serpinb9c",1.30721293635168,-0.688930599795218,0.191852696267019,-3.59093519768088,0.000329493559184373,0.000530686941975448
"Serpinb6a",1.34788673951697,0.476679733664988,0.207246255624098,2.30006439551596,0.0214445720450907,0.0307909960322854
"Nqo2",1.20060217416067,0.177725752858722,0.213944401973035,0.830709993903565,0.406137479227145,NA
"Ripk1",1.26743853939097,0.243918075220971,0.212725856030042,1.1466310667309,0.251534131125317,0.294845275205982
"Bphl",1.1851541819663,0.138496753626169,0.214760822830291,0.644888354407228,0.518999539052353,NA
"Tubb2a",1.38853423581657,0.580434809905273,0.207582052647053,2.79617049019249,0.00517121130274894,0.00782653609752086
"Tubb2b",1.19691379709372,0.187398626950161,0.213725739836596,0.876818239550542,0.380585370502271,NA
"Psmg4",1.45594934583461,0.528291802967614,0.207821995361711,2.54203989355472,0.0110207593920756,0.0162601368079804
"1300014I06Rik",1.41316495727719,0.131214386505667,0.205114721305749,0.639712184822052,0.522359732324478,0.542346843386088
"Prpf4b",1.56392938577195,0.201595718975358,0.199903703500282,1.00846415271678,0.313231688563542,0.352423626317856
"1700026J04Rik",2.63488956502449,-2.70065013498919,0.246066073721891,-10.9753046982069,5.02362032030829e-28,1.18926521868523e-27
"Eci2",2.10453311253853,-1.73399369601977,0.215482806092773,-8.0470164996516,8.48367482600723e-16,1.72146871104986e-15
"Cdyl",2.36511335850893,-2.2300636755186,0.235424276713783,-9.47253064402441,2.7314458538234e-21,5.9408947320659e-21
"Lyrm4",2.05891569706488,-1.96286917923787,0.23502303109187,-8.35181628846657,6.72211600675938e-17,1.38501857332875e-16
"Fars2",26.0608691259403,-6.41766159602625,0.302290074844533,-21.2301432633104,5.03089514212223e-100,3.12448217036026e-99
"F13a1",1.31499925675214,0.457680417589782,0.211895412405436,2.15993547191133,0.0307776652748828,0.0435627474877679
"Ly86",1.90458467341627,0.796877928759342,0.211638714038656,3.76527485710289,0.000166365972535236,0.000270876599074838
"Rreb1",1.32755542364083,-0.217473247069256,0.199178636130157,-1.09185026714986,0.274898920347832,0.317682613286624
"Ssr1",1.60460107446274,0.797417954015868,0.204137745418348,3.90627393469879,9.37302501225617e-05,0.000154004376971914
"Riok1",1.26746823937334,0.13462127004729,0.209484492489273,0.642631196455668,0.520463435495047,0.540714326457188
"Snrnp48",1.29149650615881,0.241575733497492,0.211405821725524,1.14271088433477,0.253158649207945,0.296131798065092
"Txndc5",1.48782738396599,0.545012948890922,0.20618553618526,2.64331319730023,0.00820990538772907,0.012239242074524
"Eef1e1",1.40351023419361,-0.0372162017997649,0.198178322749193,-0.187791486392103,0.851040109910722,0.85893839399342
"Slc35b3",1.31566101283335,-0.382341524963593,0.194327840781565,-1.96750770978496,0.0491247079653579,0.0679737509818868
"Gcnt2",1.27497039982898,0.367898807447676,0.21020191688945,1.75021623442741,0.0800810085334346,0.106979619845049
"Pak1ip1",1.34306004048104,0.367970110835645,0.210418996290204,1.74874948233358,0.0803343325764229,0.107070031986257
"Tmem14c",1.79369719104478,0.990933224385794,0.204005371479675,4.85738790698714,1.18944432244636e-06,2.06344279267863e-06
"BC024659",1.23817676660496,-0.215916831266961,0.200601441764602,-1.07634735507201,0.281771937368592,0.325193348013277
"Nedd9",1.80219949226159,-0.704101478570544,0.202200886229835,-3.48218789590375,0.000497334590624354,0.000795491516181746
"Tmem170b",1.36093203935672,-0.610713878033822,0.19820451594425,-3.0812308948884,0.00206146723782397,0.00319550378068036
"9530008L14Rik",10.3478577360143,-5.1239137834719,0.283841680605872,-18.0520132650522,7.60667606760539e-73,2.7854681917152e-72
"Hivep1",1.19275274844929,0.08786439551704,0.215975945209141,0.406824914839271,0.684136586323327,NA
"Edn1",1.27971846776811,0.384836633967411,0.211556403108199,1.81907344005366,0.068900226527078,0.0928871855556165
"Tbc1d7",1.18064065663484,-0.061847565424588,0.209643364977274,-0.295013226062711,0.767983776190613,NA
"Sirt5",1.22621912116951,-0.273241184144473,0.201019194906166,-1.3592790692054,0.174058173999532,0.214010992410212
"Nol7",1.83472719060253,0.500984346863434,0.193123085292448,2.59411942443229,0.00948335397700357,0.0140573925202211
"Ranbp9",1.23568636359244,0.184122413409593,0.2109630175414,0.872771045633438,0.38278788450135,0.415502756726356
"Ccdc90a",1.27152417571525,0.280449720666154,0.211967082470715,1.32308147754452,0.185808283684883,0.227031556315038
"Cd83",1.54782975138977,0.359161948858687,0.217226338162655,1.65339963789177,0.0982495565203127,0.128344015274282
"Jarid2",1.26367062503352,0.204604006784179,0.212065229135912,0.9648163804027,0.3346367899238,0.371681739538341
"Dtnbp1",1.25560926001772,0.195135473327009,0.212259922759091,0.919323208971872,0.35792654178018,0.392763621629712
"Mylip",1.27608112078266,0.206463338614249,0.213606768453341,0.966558036101499,0.333765021135651,0.371194373059014
"Atxn1",1.25609764064522,0.17472878425203,0.211275926205979,0.827017007520686,0.408227421754401,0.437925840846274
"Rbm24",14.1620732276202,-5.61158783710387,0.280333111121422,-20.0175705775737,3.87143547379217e-89,1.91644316483595e-88
"C78339",2.52437361447171,-2.57462730421212,0.243713176497924,-10.5641694930436,4.36817990881777e-26,1.00982724198533e-25
"Nup153",4.10095981666975,-3.42021158110438,0.259039754869785,-13.2034234776962,8.38365720968033e-40,2.22767577676413e-39
"Kif13a",26.8223012513717,-6.50300074546149,0.290056938286224,-22.4197386343657,2.52664494891142e-111,1.94242807559906e-110
"Tpmt",6.2756080126809,-4.2788436224067,0.272875035009919,-15.6805976122043,2.05313406137473e-55,6.13823585359455e-55
"Kdm1b",23.7090421930342,-6.3698396165103,0.289678143842274,-21.9893690701726,3.64013549328297e-107,2.58699894825556e-106
"Dek",11.195616696698,-4.37954928317212,0.268542203728933,-16.3086070731469,8.57253744161622e-60,2.66202530905632e-59
"4931429P17Rik",7.59280546627245,-4.62870283981531,0.27322155833982,-16.9412064990068,2.23493566939104e-64,7.29603764491634e-64
"A330048O09Rik",31.7863281817341,-6.82934960422305,0.290756929170624,-23.4881748947603,5.3876456728167e-122,4.99529492222081e-121
"Zfp169",24.5441822180993,-6.43345058939476,0.285762713103868,-22.5132611582406,3.0777758474902e-112,2.41412320419216e-111
"Mirlet7d",16.8409179543058,-5.87657862761613,0.294609884594833,-19.9469839095792,1.59207409655879e-88,7.76331320321055e-88
"Mirlet7f-1",40.5196030986341,-7.18829231229159,0.284813672371018,-25.2385787959211,1.51172946993386e-140,1.86553849481199e-139
"Mirlet7a-1",15.3293948497027,-5.73303458056737,0.287454894944996,-19.9441188213698,1.68594514874548e-88,8.21337720620754e-88
"Ptpdc1",2.78636734173638,-2.79459374808749,0.250033327953051,-11.1768849815583,5.29148463953831e-29,1.26704356965092e-28
"Barx1",10.4162038082345,-5.13428877390475,0.284627916870888,-18.0385987093239,9.69717823204797e-73,3.54352610229544e-72
"Phf2",1.4363610660374,-0.788226370438307,0.19394348744091,-4.06420643889093,4.8196155393701e-05,7.99567554918543e-05
"Fam120a",13.321712734793,-5.14629975291343,0.283282650257058,-18.1666605711418,9.47950277538362e-74,3.51317035765016e-73
"C030044B11Rik",1.83175108728256,-1.7422738830994,0.214415299435944,-8.12569759566015,4.44796731248698e-16,9.05553407612403e-16
"Wnk2",22.9296419754678,-6.34238071709355,0.287172149371588,-22.0856400280195,4.34351366818618e-108,3.14032428641715e-107
"Ninj1",2.12115136637354,-1.33408191233765,0.225619387671986,-5.91297550313888,3.35982163998118e-09,6.12049169802889e-09
"1110007C09Rik",1.50676580608972,0.472457560515115,0.196983420501962,2.39846358293088,0.0164640135289855,0.0239560001731859
"Susd3",14.2639734249165,-5.31568590916865,0.287713527223647,-18.4756203869296,3.24475849269984e-76,1.25977235640708e-75
"Fgd3",44.9776526645923,-7.32018117008703,0.294975223576192,-24.8162577227311,5.98550899743137e-136,6.86689164100918e-135
"Bicd2",1.39040389345586,-0.468747801482546,0.198006426686706,-2.36733629976677,0.0179166441534059,0.0259935748973815
"Ippk",1.89671855892385,-1.81811288700281,0.225850525429328,-8.05007153977917,8.27456549148532e-16,1.68001679757111e-15
"Cenpp",14.9978749313764,-5.66667330882949,0.276896976101826,-20.464915827559,4.42445351017674e-93,2.36635730769699e-92
"Ecm2",6.91091838073269,-4.39517658448873,0.27821519482036,-15.797758951759,3.22374677054042e-56,9.69911132116482e-56
"Ogn",3.86544350315555,-2.81483588598962,0.261128360998516,-10.7795104109952,4.30169183162589e-27,1.00671738897499e-26
"Nol8",1.52495617930534,-0.978782161655177,0.204717973534253,-4.78112470906914,1.74317177903633e-06,3.01502872318411e-06
"Iars",1.18135392685106,0.118470875728945,0.21520079561215,0.550513186496119,0.581967434951623,NA
"Fbxw17",764.947270014045,-11.3941369030588,0.197014761436519,-57.8339248286743,0,0
"Gm806",153.463160299215,-9.13253386872303,0.260396204089574,-35.0716858590669,1.82178844910894e-269,6.84153647794869e-268
"Mir683-2",17.4948088602613,-5.93450744790982,0.289324915222744,-20.5115672231027,1.69736228301474e-93,9.1720819020051e-93
"Mir683-1",2.49973537658199,-2.58508489337891,0.232115549272024,-11.1370604058471,8.28076096143768e-29,1.97738207770836e-28
"4930518P08Rik",18.7923448953534,-6.0428548150562,0.293274408193506,-20.6047805271473,2.48644083482609e-94,1.37056189628218e-93
"Spin1",71.5340212791523,-7.73944691613034,0.20874869916525,-37.0754258449468,6.99391370227271e-301,3.25966335052353e-299
"S1pr3",1.65397301296939,-1.43033400402338,0.219297923965274,-6.52233262477155,6.92222905478908e-11,1.30212741138735e-10
"Cks2",10.773746427782,-4.38371520746353,0.257533106742294,-17.0219482182933,5.64603500245702e-65,1.85302123312327e-64
"Secisbp2",15.4584676923024,-5.66638885736628,0.222433280352376,-25.4745551042976,3.77417908263971e-143,4.78184825518915e-142
"Sema4d",1.43530122334594,0.537481491367206,0.206509570846454,2.60269530929798,0.00924941148866967,0.0137226516053
"Gadd45g",2.07393792630074,-1.80677099778569,0.226742693420393,-7.96837582958338,1.60773295008619e-15,3.24907704198603e-15
"4921525O09Rik",126.102217789716,-8.84750761023268,0.206617180654456,-42.8207740624879,0,0
"Gm2848",2.03748562907813,-2.034496051151,0.232756805827431,-8.74086600354622,2.31330261274816e-18,4.83985556655125e-18
"Syk",41.8923037328054,-6.76554366274992,0.250015689053534,-27.0604764379457,2.87565616437742e-161,4.62586292081668e-160
"BB123696",22.0259401437508,-6.28210355558194,0.236351789085694,-26.5794626725006,1.17284301213548e-155,1.7492115780992e-154
"Auh",41.7530831744473,-7.03029630170935,0.223654006474261,-31.433804439888,6.98838611315932e-217,1.97185813571306e-215
"Nfil3",1.25212979155702,0.286555129789595,0.210258429882257,1.36287106276815,0.172923149999198,0.212790863506793
"Ror2",34.647557142087,-6.9570327594014,0.21674771138109,-32.0973758618812,4.79670140624287e-226,1.48158469470933e-224
"Sptlc1",1.28695972399041,0.295346263844634,0.210180587233254,1.40520239158369,0.159961103191785,0.198643263628195
"Gm2762",25.8578253973068,-6.52227170686604,0.230582405810688,-28.2860770921999,5.12684630256914e-176,1.00232725465958e-174
"Drd1a",17.4863092398339,-5.93368369493958,0.235172903176933,-25.2311538224935,1.82378838753101e-140,2.24532438276223e-139
"Sfxn1",39.8840274123828,-7.00845210749941,0.267406710555943,-26.208961222135,2.10051299715028e-151,2.9474940443883e-150
"Hrh2",13.2253274115356,-5.48394855494945,0.247960297840804,-22.1162363600252,2.20581531819641e-108,1.60927406862128e-107
"Thoc3",10.7007600134361,-4.97975285905141,0.211500044269888,-23.5449258473768,1.41498265354787e-122,1.32845493732372e-121
"4732471D19Rik",53.7952421136843,-7.59390121148947,0.226424196815527,-33.538382020524,1.32980148309271e-246,4.67445369814408e-245
"4833439L19Rik",1.27436684360487,0.315966385044132,0.211263488899863,1.49560336568094,0.134757045570786,0.170882100887308
"Nop16",1.85234534177709,-1.63765463969756,0.221040049581885,-7.40885935736673,1.27390313924207e-13,2.50179623282304e-13
"Higd2a",1.84676202256561,0.876673836076988,0.195924113826458,4.47455812842677,7.65694944519743e-06,1.30256725122798e-05
"Cltb",1.39594828374368,0.476863771455064,0.207236028807719,2.30106595942116,0.0213879030792375,0.0307180778851616
"Faf2",1.19725322224857,0.138516684740261,0.214779580010554,0.644924832860995,0.518975898154582,NA
"Rnf44",1.27940951306111,0.324871235297721,0.211038334735431,1.53939442189495,0.123708035002948,0.158746132980675
"Tspan17",10.6700458677661,-4.97174842549091,0.28576128882801,-17.3982572862878,8.50513303681197e-68,2.88384504398561e-67
"Unc5a",1.18812590026399,-0.174677883286847,0.206139473415507,-0.847377168441461,0.3967849263209,NA
"Uimc1",1.47825430535269,-0.505299865165981,0.192452058042411,-2.6255882649726,0.00864993789886099,0.0128695099991604
"Nsd1",1.42137851701632,0.376353262318294,0.210480659760525,1.78806576692837,0.0737653978489314,0.0988462011991841
"Rab24",1.35043102927761,0.376406337092883,0.210249559450066,1.79028359477861,0.0734083322093645,0.0985733646787684
"Prelid1",1.95030311579904,0.619797308279226,0.190121827967817,3.26000078425578,0.00111411905739316,0.00175330162182463
"Lman2",1.67557532180809,0.803749603848771,0.203964979535057,3.94062552150344,8.12694115960013e-05,0.000133783137348195
"Rgs14",1.28551615625147,-0.0246180502686188,0.203574046019726,-0.120929218384908,0.903747099073137,0.908883509712316
"F12",12.2448232321549,-5.38694545331727,0.286902605900516,-18.7762165366501,1.1820905528588e-78,4.7483745178322e-78
"Grk6",1.62687895197176,-0.182706117794683,0.190959740398183,-0.956778205781544,0.338679214851134,0.37555082347805
"Prr7",29.5593855957146,-6.66764106200625,0.297738799485477,-22.3942632721319,4.4765436170593e-111,3.41630960249262e-110
"Pdlim7",1.21649709065838,0.206490667438135,0.213383209196991,0.967698762312209,0.333194836438128,0.371194373059014
"Dok3",1.46523415905507,0.505429184589328,0.208642077767903,2.4224700501285,0.0154153964006872,0.0224740592687019
"Ddx41",1.27938525842256,0.289453492945693,0.21183044976325,1.36643949568723,0.171801059311708,0.211829792717247
"Fam193b",1.17763841910339,0.118479840920427,0.215187391932165,0.5505891393385,0.581915355628112,NA
"Tmed9",1.93128375532433,1.04565927778825,0.201050032435595,5.20099034613794,1.98229399867635e-07,3.49580225442248e-07
"Caml",1.36563456251943,-0.333465457926703,0.196011526757144,-1.7012543264349,0.0888952404624554,0.117194887034731
"Ddx46",1.47091693100521,0.481914002700076,0.208826886619757,2.3077200953418,0.0210147096470412,0.0302028591292828
"B230219D22Rik",2.74620308396947,-2.18489366603552,0.234947197341814,-9.29950938234354,1.41095230209304e-20,3.04408804171345e-20
"Txndc15",9.32521424240847,-4.50232050992365,0.275871501410192,-16.3203538129485,7.07245108840183e-60,2.19882040985453e-59
"Pcbd2",3.51544182746654,-2.73189244169182,0.245595427231419,-11.1235476673497,9.63623962741373e-29,2.29790638899496e-28
"Pitx1",8.46527616938243,-4.80452208104994,0.281054252675096,-17.0946428859202,1.62689559148582e-65,5.36644233020915e-65
"H2afy",1.95150114251463,1.09181087135325,0.203870134349009,5.35542331808225,8.53563411440198e-08,1.51964563701154e-07
"Tifab",8.41890201112839,-4.49319483705811,0.27834207696213,-16.1427078726205,1.27808841444991e-58,3.92332932868482e-58
"Cxcl14",21.5872348830504,-5.08171819799838,0.290081669621188,-17.5182327260957,1.04006317293796e-68,3.57179589653696e-68
"Tgfbi",1.63517367439241,0.921262964971631,0.206230919535057,4.46714278852366,7.92712220716471e-06,1.34743008535981e-05
"Smad5",1.21218790461922,0.156941765048859,0.212937803767356,0.73703101221202,0.461103490299204,0.485794724132015
"Spock1",28.2489249479338,-6.65408455586074,0.291234393289247,-22.8478665610489,1.53453418350471e-115,1.27349259743952e-114
"Hnrnpa0",1.31404622628943,0.376311907722611,0.210200925487042,1.79024857693031,0.0734139590054515,0.0985733646787684
"5133401N09Rik",1.63573336335779,-0.0560461657128146,0.193798332707749,-0.289198389530694,0.77242956419192,0.783841820583558
"Ubqln1",2.38253206373724,-2.09674228653437,0.220310730669655,-9.51720454179022,1.77900158190721e-21,3.87659706013594e-21
"2210016F16Rik",1.31061272032734,0.316047059888867,0.211371788542206,1.49521874261739,0.134857363591154,0.170882100887308
"Hnrnpk",2.31276881060711,1.35518735573812,0.197894155637094,6.84804132479441,7.4867941015363e-12,1.43127871122576e-11
"Mir7-1",6.43000080394383,-4.35407429482479,0.280824651722157,-15.5046014234271,3.22914278872596e-54,9.57462388932095e-54
"Rmi1",1.6388095247789,-1.22161288230904,0.209028767131767,-5.84423330372976,5.0890663557872e-09,9.24318941447779e-09
"Ntrk2",2.75855810043186,-2.75822622891699,0.237884567969229,-11.5948094172875,4.37839184283602e-31,1.07125406232032e-30
"Agtpbp1",18.5267229942333,-5.95501325015074,0.297990364559186,-19.9839120938019,7.60263228923264e-89,3.73688705741943e-88
"Naa35",1.49975249097935,-0.922433329293925,0.20740228348155,-4.44755628438384,8.6852705719219e-06,1.47413794132441e-05
"Golm1",1.19684661131304,0.137477593748236,0.213328317259273,0.644441373346368,0.519289262973473,NA
"Gm4934",17.4057927238271,-5.92665292196771,0.27935661810157,-21.2153660874176,6.88884570402873e-100,4.26316236811262e-99
"Isca1",71.2018241711775,-7.64472087056366,0.246253221668812,-31.0441456105907,1.36851982014857e-211,3.66342228778231e-210
"Zcchc6",1.39480556216595,0.109856882067918,0.199438517259027,0.550830820333655,0.581749654362987,0.600036908991535
"Gas1",1.19693504291689,0.166637449027092,0.212838312627177,0.782929760014526,0.433668360326483,NA
"Dapk1",1.22365050211775,0.262272236553047,0.212281072116911,1.23549515714054,0.216646277722225,0.259521314600617
"Ctla2b",77.2647911970387,-7.93356544811377,0.225493486449503,-35.1831246792595,3.62286434939223e-271,1.37537104755108e-269
"Ctla2a",2.04058331044021,1.35039637974291,0.223493281210118,6.04222360704138,1.52004600019556e-09,2.7899578484602e-09
"Tpbpa",23.9417815807177,-6.40709575753574,0.287784310395246,-22.2635339248904,8.34064005227578e-110,6.21973443898279e-109
"Cts7",26.1495096812629,-6.53900659567539,0.276290362375196,-23.6671541470403,7.86012017002344e-124,7.50088250228928e-123
"BC052688",7.00546333741737,-4.48465397039275,0.25249015663009,-17.7616982390445,1.39935802219593e-70,4.93724155178289e-70
"Zfp808",26.4220049199562,-6.55420164930036,0.286421392032687,-22.8830730930614,6.85010635407336e-116,5.74418556919886e-115
"Zfp935",1.20455430049645,0.168026500087722,0.214167086060946,0.78455799711402,0.432712764980084,NA
"Zfp934",1.68522561132359,-1.55336958518575,0.210821332461686,-7.36818028350167,1.72972773395052e-13,3.38996762576374e-13
"Gm5141",5.27018623012869,-3.96878750491901,0.261740823890856,-15.1630435249717,6.21226039321649e-52,1.80758078331048e-51
"Mir27b",3.33276234894543,-3.18124395013355,0.250976035955914,-12.6754888689546,8.08530260142379e-37,2.08781991488658e-36
"Mir3074-1",5.06111543001567,-3.9462812912567,0.258983205101599,-15.2375953865757,1.99062695213883e-52,5.81644147224443e-52
"Slc35d2",1.18916444007013,0.00658379304106145,0.212094366031342,0.0310418101350628,0.975236196059766,NA
"Cdc14b",1.18525087167901,0.128515576225315,0.21498039238328,0.597801384584833,0.549972466707458,NA
"1110018J18Rik",1.17336010789636,0.10832337514344,0.215395702761504,0.502904067976606,0.615031720913494,NA
"Ctsl",1.63199709199104,0.969091261713311,0.20969726446273,4.62138246865663,3.81191269191723e-06,6.54330294370534e-06
"Cdk20",3.04126731315366,-2.98206159590421,0.245267554601173,-12.1584022833893,5.17611291776321e-34,1.30119477152535e-33
"Hiatl1",1.30992706895669,0.401399117465123,0.209660867236077,1.91451615533551,0.055554236901099,0.076313978058878
"Uqcrb",2.62172910392144,1.57197376079226,0.199670658173513,7.87283307007595,3.46699116540498e-15,6.95797534925567e-15
"Gm10767",4.19704635036575,-3.58690358699059,0.260404933029782,-13.7743304063306,3.63739930589839e-43,9.88403142987485e-43
"Mterfd1",24.0725631318729,-6.24898252415991,0.294679914917522,-21.2060008430128,8.4063415420007e-100,5.19918280204308e-99
"Ptdss1",1.25600178920043,0.230273585379521,0.210083161436244,1.09610681696355,0.273032031738392,0.315804831747043
"4933433G19Rik",11.3194482659099,-5.26464821677937,0.275059500408776,-19.1400340979148,1.17193363231004e-81,4.97761884512483e-81
"Zfp708",27.3932949049833,-6.5866705083711,0.273968536614093,-24.0417041671065,1.0194193077482e-127,1.03730385700694e-126
"Rslcan18",2.34601245583235,-2.44230817738955,0.236122908932418,-10.343376627164,4.48452002959526e-25,1.02447240938675e-24
"Rsl1",360.630295884971,-10.348832565012,0.219334202139675,-47.1829402986669,0,0
"Zfp458",56.6242157644083,-7.6692346720283,0.2363800306482,-32.4445117085305,6.47349460657891e-231,2.05420315175331e-229
"F630042J09Rik",66.6771372946249,-7.91914562532045,0.286003929385148,-27.6889399468918,9.48829102741116e-169,1.69329501412261e-167
"Zfp457",1.16476371637927,-0.122796531409819,0.209817443135325,-0.585254159877542,0.558376832705839,NA
"Zfp953",31.7010516603926,-6.81399125079792,0.299837169130095,-22.7256389545268,2.49966207488859e-114,2.04038092743056e-113
"Zfp429",15.9279979920073,-5.71474788862886,0.267891183363835,-21.3323477722199,5.68801984543944e-101,3.5902616194914e-100
"Zfp459",40.9040577183108,-7.18081138869154,0.26474834633309,-27.1231586075974,5.25082200888365e-162,8.53871990229678e-161
"Zfp874a",1.18916000806347,0.0873117346510442,0.213024982828235,0.409866173872409,0.681904120176741,NA
"Zfp87",1.1929854678662,0.177741121830046,0.213875106293206,0.831051004067661,0.405944816770657,NA
"Zfp71-rs1",28.3919655541847,-6.63829174386912,0.269677082398044,-24.6157058836426,8.57709047546277e-134,9.57698658436698e-133
"4930441O14Rik",27.2040933194447,-6.59793943133073,0.288504148006074,-22.869478573985,9.35441252315351e-116,7.81906058780806e-115
"Zfp85-rs1",14.7238063811247,-5.65964364623423,0.283208051548665,-19.9840492361909,7.58177288122356e-89,3.72838949034263e-88
"Zfp493",13.0531795572667,-5.48596107409947,0.27711895765422,-19.7964120554491,3.19667204586287e-87,1.51903760395122e-86
"4930525G20Rik",20.0866709135994,-6.14333360823466,0.292729141813585,-20.9864093823185,8.72965245045705e-98,5.17533058391661e-97
"Zfp273",2.0319379084343,-2.03115367841507,0.222457943633728,-9.13050640151254,6.81796183283916e-20,1.45859675276313e-19
"BC048507",20.5141266995766,-6.17515991267063,0.262717426888657,-23.5049497317426,3.63004892991808e-122,3.3776925871965e-121
"A130040M12Rik",2.56793902005023,1.05377491537161,0.215584383903944,4.88799279562443,1.01869257418793e-06,1.77222970746908e-06
"Mtrr",25.4800114434316,-6.47823133197726,0.267354793985795,-24.2308403578559,1.05290309882481e-129,1.10364541684046e-128
"Papd7",2.37371500365815,-2.42662163796109,0.24027520499009,-10.0993427018871,5.56136859480575e-24,1.25103831350511e-23
"Nsun2",8.3689700151081,-4.47856151891806,0.278743109414215,-16.0669855779749,4.34718169412899e-58,1.32819949917198e-57
"Med10",1.44140654633668,0.489924975515552,0.208481921291595,2.34996383609836,0.0187752351256338,0.0271599632411829
"BC018507",1.48878206316149,-0.971849590102225,0.213051805630164,-4.56156467309766,5.07738319253717e-06,8.67843492634054e-06
"Irx2",1104.68529832258,-11.9873335861281,0.176484881726046,-67.9227221555206,0,0
"Ndufs6",1.79944417866285,0.957951292200389,0.202723765164922,4.725402033753,2.29660533469508e-06,3.96175804597102e-06
"Mrpl36",1.49854331372964,0.580371536260829,0.207055155807631,2.80298036528989,0.00506327517639576,0.007672074432739
"Slc6a3",5.71301429098377,-4.15592382583602,0.255888023050715,-16.2411814991917,2.57908577528946e-59,7.96852781711215e-59
"Clptm1l",1.56576350340727,0.140033645863653,0.189314918084743,0.739686271321574,0.459490380263611,0.485759357622077
"Slc6a18",2.33786490341778,-2.43584146880711,0.235528181523816,-10.3420382777456,4.54760497985903e-25,1.03820240519852e-24
"Nkd2",27.7744788099093,-6.60727113254258,0.273610773159736,-24.1484319357747,7.75529761792984e-129,8.02431190596506e-128
"Trip13",30.9178424852553,-6.78806406928035,0.278879636187066,-24.3404795061016,7.31233707141309e-131,7.8137972390535e-130
"Brd9",9.44690772655245,-4.72422005258745,0.270114339005035,-17.4897048042288,1.71644044258436e-68,5.87336552624737e-68
"Tppp",8.87882643255759,-4.84752899865076,0.273851652603594,-17.701295400498,4.09772324620175e-70,1.43895831450879e-69
"Slc9a3",5.57053033973713,-4.11231668694,0.255543852920736,-16.092410910841,2.88385188928871e-58,8.83692800826949e-58
"Exoc3",3.8152158857256,-3.14533214813073,0.253900658540015,-12.3880424974755,3.03357998884495e-35,7.70761136129015e-35
"Ahrr",8.48504388074341,-4.80805530011237,0.255281869002021,-18.8342999795035,3.95319462680592e-79,1.60588917913828e-78
"Pdcd6",17.8687666808347,-5.27217232162787,0.278752763903278,-18.9134351451927,8.84058315590698e-80,3.62940181469402e-79
"Sdha",1.53443749176264,0.587726997751436,0.206842595672804,2.8414214965719,0.00449129081119152,0.00683016403042091
"Ccdc127",2.03225263272255,-1.77013060416662,0.215745673781803,-8.20470961543758,2.31148892800807e-16,4.72897205730047e-16
"Zfp825",1.33708350670034,-0.343300854412543,0.20068234652775,-1.71066793045034,0.0871424310247863,0.115555313082531
"Erap1",1.24346374486208,0.187357368271537,0.213907511873707,0.875880265402529,0.381095128969854,0.414225210457603
"Cast",1.31458328182813,0.223155040334617,0.211850696582136,1.05335995554822,0.292176049870133,0.333113242398622
"Ell2",1.18133270567617,0.108353646181911,0.215425210599916,0.502975700384219,0.61498135664448,NA
"Glrx",1.23638594419229,0.262357441298604,0.212201562444723,1.23635961147528,0.216324921930386,0.259521314600617
"Rhobtb3",18.7630468125958,-6.04039574432634,0.300282014081682,-20.1157427387018,5.37283173579522e-90,2.72293025833506e-89
"Rfesd",1.20099668849774,0.118456186398229,0.215272353726688,0.55026195583211,0.582139714235514,NA
"Arsk",29.9576575516424,-6.61601731075806,0.29434073679855,-22.4774096264023,6.90528414325823e-112,5.35197969232486e-111
"Ttc37",1.33411127253394,-0.618477704202042,0.199578326214555,-3.09892219226827,0.00194226020824576,0.0030174399663818
"Mctp1",2.83744330621082,-2.78980165789044,0.242643072802234,-11.4975532813346,1.3570792639515e-30,3.30100361501716e-30
"Ankrd32",2.10960448765939,-2.07711467621812,0.223124641423009,-9.30921238896354,1.28783762948625e-20,2.78019537879166e-20
"Fam172a",1.24726434594429,0.0768306362189537,0.209274397564311,0.367128693777953,0.713523024905895,0.726962074755299
"Arrdc3",1.31835536743806,0.262093270962462,0.202978295483228,1.29123791456865,0.196621191708576,0.239273253460488
"Lysmd3",1.18148987640023,0.0775430628935423,0.21615785651385,0.358733492939564,0.719794470103243,NA
"Cetn3",1.54262504997449,0.679521278118706,0.205485305654849,3.30690934786397,0.000943314135883902,0.00149034497255265
"Mef2c",1.7703314785503,0.558485880062301,0.210912610786044,2.64794920503282,0.00809816919554061,0.0120812927124098
"C130071C03Rik",168.535142624274,-9.26843520725757,0.249215807538132,-37.1903985498169,9.75565732402474e-303,4.65064212158988e-301
"Mir9-2",550.425090258521,-10.9811361469439,0.214631619643069,-51.1627138871964,0,0
"2810049E08Rik",104.695292306462,-8.57700174482198,0.297462200128483,-28.8339215574864,8.06079950359946e-183,1.68309493635157e-181
"Tmem161b",89.4849270578726,-8.32699506728444,0.29651360600655,-28.0830117020009,1.57968868694767e-173,3.00947990725067e-172
"Ccnh",4.07731244628882,-3.31040263667658,0.254239258644753,-13.020816117554,9.31697553315509e-39,2.45134134491278e-38
"Rasa1",1.30251527687621,0.105151574423667,0.207602527726142,0.506504306933957,0.61250266694646,0.629816590458095
"Cox7c",3.63580516436668,2.14118596411358,0.206856008285869,10.3510938930743,4.13731323930388e-25,9.4598226496567e-25
"Edil3",81.5317265359641,-8.20213072655079,0.2729572783515,-30.0491372719086,2.24071113346544e-198,5.50424099608923e-197
"Xrcc4",2.88641728504775,-2.76104872253014,0.239850328872043,-11.5115486208198,1.15387508115781e-30,2.80868637148228e-30
"Tmem167",1.71289611943359,0.84679622703436,0.204019398150163,4.15056722405924,3.31652340102967e-05,5.53283865560079e-05
"Rps23",26.1239364770684,0.930244187126457,0.23259679314688,3.99938526469291,6.35072264491395e-05,0.000104907506982439
"Atg10",1.18874973834888,0.158218845745042,0.214304152252911,0.738291088071501,0.460337580881714,NA
"Ssbp2",531.739439053166,-10.818380395278,0.207054265412197,-52.249010054157,0,0
"Acot12",240.102153897714,-9.78126992695187,0.240032391519534,-40.7497915803412,0,0
"Zcchc9",1.27826851366263,0.206345912903124,0.206644420034814,0.998555455155094,0.318010087910867,0.357308053242696
"Msh3",1.72132037938661,-1.53607193568355,0.224762864322874,-6.83418918116723,8.24701341140526e-12,1.57430645483765e-11
"Thbs4",7.85603947505155,-4.68399603876817,0.279448582729602,-16.7615666288795,4.66176808292012e-63,1.50212527116315e-62
"Mtx3",11.1986769592127,-5.24710132496282,0.287074707901128,-18.2778251812068,1.24283994113216e-74,4.68420540989881e-74
"Cmya5",2.6655890408458,-2.71090814973868,0.24150438451547,-11.225088750159,3.07077987961533e-29,7.37156632402483e-29
"Gm4814",5.41501232218583,-4.06362905864846,0.265799604468969,-15.2883186819146,9.1481520453199e-53,2.68277267845898e-52
"Papd4",1.59203239856708,-0.972512202870346,0.202289489773656,-4.80752709376301,1.52808714702038e-06,2.6460822383302e-06
"Homer1",8.40660499193753,-4.73606222838345,0.280158230887327,-16.9049547942362,4.13641888273064e-64,1.34698107098278e-63
"Jmy",1.18913943324322,0.0671254692978102,0.21350256274441,0.314401234509621,0.753216318651493,NA
"Bhmt2",12.7434164956468,-5.44881668755048,0.280029192843722,-19.4580309010545,2.4917600600693e-84,1.11408886625796e-83
"AW495222",8.70164202922353,-4.84849735632191,0.265807474760657,-18.240635861304,2.45584796242796e-74,9.19291958685834e-74
"Arsb",1.27536969407359,0.298434964240534,0.211644532685771,1.41007641659056,0.158517120060142,0.197436157265757
"Scamp1",18.3127601024826,-5.93917154856243,0.27608244503374,-21.512311468542,1.19403827417154e-102,7.75233804872569e-102
"Gm9776",1.77113870368063,-1.73576806152982,0.216936840202852,-8.00125999764149,1.23152437148265e-15,2.49120605275699e-15
"Ap3b1",1.52861788611841,-0.709397957145645,0.201010614801867,-3.52915669575403,0.000416886208397619,0.000669068718781113
"Tbca",2.51808732349273,0.672254156000725,0.194616803311158,3.45424518624894,0.000551835425524022,0.000880373142186856
"Wdr41",1.62486783396898,-1.34043933519748,0.212267770748469,-6.31485095674678,2.70421967433437e-10,5.02528540406744e-10
"Mir1940",75.6607457625627,-8.10377869505714,0.270048659764281,-30.0085869788457,7.58232472199327e-198,1.85385175872622e-196
"Aggf1",1.35573393598579,0.0152000872243782,0.198484246997543,0.0765808241928958,0.938957014225256,0.942296571038323
"F2r",1.36866393776786,0.5432495765729,0.210468263772569,2.58114723253446,0.00984725747705057,0.0145823217106962
"Iqgap2",1.21627559819923,0.136537773410927,0.211983747114468,0.644095480287924,0.519513521021557,0.540189398685829
"Ankdd1b",3.44613284410601,-3.23116258236649,0.252127124137664,-12.8156087664818,1.34081890541956e-37,3.48212670959706e-37
"Col4a3bp",1.22448988586703,0.127642775819786,0.213711619916626,0.597266427860038,0.550329515023094,0.569195319323794
"Hmgcr",1.19677827798406,0.168012248774706,0.214124662585726,0.784646881614774,0.43266063470186,NA
"Nsa2",8.85918203697175,-3.76524785133058,0.22984005784259,-16.3820349101603,2.56999237366447e-60,8.02594088574846e-60
"Gfm2",1.19659036015371,0.127611201986224,0.213541445431526,0.597594540621128,0.550110507871309,NA
"Hexb",1.56840511780631,0.665244362780122,0.205386804504649,3.2389829735389,0.00119956734216861,0.0018857827213131
"Utp15",1.19717676168678,0.0466546244376471,0.214006353833773,0.218005790958364,0.827424599410835,NA
"Ankra2",4.05268243680271,-3.33119124338229,0.259685826176792,-12.8277745937294,1.14609031571632e-37,2.9793782111749e-37
"Btf3",4.58680496482319,2.36999724345181,0.204658493020091,11.5802535652363,5.18923354452896e-31,1.26874937247968e-30
"2310005E17Rik",25.4501736890527,-6.498448107121,0.287213195891288,-22.6258688670444,2.41166004547314e-113,1.94122828641015e-112
"Fcho2",1.92651351304235,-1.60280073070864,0.225036293737902,-7.12240991924357,1.06056069330218e-12,2.05384040773043e-12
"Tnpo1",18.5114092616616,-5.92392656865464,0.297128518347297,-19.9372534201867,1.93396000438871e-88,9.40407193563956e-88
"Zfp366",14.2638549467661,-5.62262300624585,0.279519143999219,-20.1153413887872,5.41649171346441e-90,2.74239444658431e-89
"Ptcd2",1.26007855964716,0.17622425718855,0.212698768929992,0.828515642450912,0.407378539915579,0.437239843396591
"Mrps27",58.1610133556846,-7.69760059776591,0.30425854293214,-25.2995380954109,3.23183607127547e-141,4.0214980433988e-140
"6430562O15Rik",29.9421715223269,-6.74060334770362,0.283298701426974,-23.793273014494,3.92067302513078e-125,3.8254043348005e-124
"Cartpt",261.960173471439,-9.90743237565426,0.19824091239273,-49.9767291023504,0,0
"Mccc2",1.98902598550885,-1.84556292959188,0.224264275205244,-8.22941116191086,1.88135964227836e-16,3.85427681816839e-16
"Bdp1",233.164925275965,-9.58629746804861,0.206912461970711,-46.3302083245502,0,0
"Smn1",33.8307841364721,-6.78598169108779,0.289882832703724,-23.4093948503099,3.42865231294197e-121,3.15375596009816e-120
"Naip2",16.8905600161152,-5.72400552307638,0.25039424600622,-22.8599722812088,1.16303855882912e-115,9.6981809538147e-115
"Naip6",17.042067243491,-5.85141007071669,0.279344945681178,-20.9468979524513,2.00258519412704e-97,1.17389047875836e-96
"Naip7",59.194292096926,-7.74500676892528,0.282725991967476,-27.3940387122817,3.22978938406719e-165,5.49169400157352e-164
"Gtf2h2",1.33758059786139,-0.658822563630663,0.19814714422923,-3.32491576496552,0.000884452524913542,0.0013992550932107
"Rad17",9.80537933600324,-4.90157860397551,0.275166178313287,-17.8131579761045,5.58669154188164e-71,1.98519604143105e-70
"Taf9",1.49079417308302,0.550840974987069,0.207514671930737,2.65446760878153,0.00794336654032224,0.0118571270633349
"Ccdc125",3.65922757126865,-3.24013126333859,0.26893228865559,-12.0481303287761,1.98399154961159e-33,4.95997887402897e-33
"Cdk7",1.22461088738157,0.234710587901554,0.212763271538832,1.10315368909298,0.269960428716527,0.313589896068377
"Mrps36",1.44406128975067,0.458292386762992,0.208960370438499,2.19320240388776,0.0282927994321284,0.0401600035447207
"Slc30a5",1.24007594617258,0.18740033625168,0.213840074854112,0.876357419812587,0.380835758692953,0.414225210457603
"Pik3r1",1.42845987932623,0.466270658933478,0.208858173427218,2.23247503931639,0.0255835831420304,0.0364774066703103
"Srek1",1.27210263123886,0.168019328834334,0.214405548964942,0.783651960713978,0.433244357793031,0.461161408580673
"Erbb2ip",1.32251281392347,0.307262582231776,0.211539149535081,1.45250930103045,0.146360044890123,0.183714983016129
"Nln",4.46445929900648,-3.6174549319026,0.262924496688727,-13.7585313558107,4.52628418011959e-43,1.22898327283351e-42
"2410002O22Rik",1.25978036496796,0.280475418066434,0.211866213582285,1.32383268348496,0.185558618894706,0.227031556315038
"Ppwd1",1.23245649775111,0.206499607417543,0.213388179958332,0.967718115679445,0.333185168208077,0.371194373059014
"Adamts6",14.1635018508026,-5.61175780690549,0.288088483262209,-19.4792854728519,1.6456003503509e-84,7.39563825125417e-84
"Cwc27",1.21277797332628,0.138489566904179,0.214847893226764,0.644593553254013,0.519190613717494,0.540189398685829
"Srek1ip1",1.21278345135266,0.187397665553574,0.21377299388793,0.876619923524186,0.380693113886088,0.414225210457603
"Ipo11",1.18524469556425,0.138496590737396,0.214734702256068,0.644966040804345,0.518949192845795,NA
"Dimt1",1.20530185609399,0.128541691003181,0.215054093399075,0.597717946082739,0.550028148889101,0.569195319323794
"Kif2a",1.24764484686955,0.271411092999567,0.212073902488621,1.27979487251681,0.200617287661765,0.242915550177492
"Zswim6",1.19714436991564,0.187413535899663,0.213686293920021,0.877049868110908,0.380459552424654,NA
"2810008M24Rik",1.37009104243263,0.350816837230589,0.210829691710591,1.66398211933147,0.0961160027138243,0.12589293489345
"Ndufaf2",1.21963074896176,0.206436332022986,0.213407167108399,0.96733551557867,0.333376334731366,0.371194373059014
"Gapt",1.177537077662,0.108342458081239,0.215411901044982,0.502954839336456,0.614996023721048,NA
"Plk2",1.26050627982294,0.333669141132297,0.211015719252012,1.58125253566442,0.113820307502866,0.147046970803584
"Gpbp1",1.49293083083793,0.474272494973673,0.208783838660956,2.27159581898408,0.0231109336562808,0.0330880618995572
"Mier3",1.18556878085148,0.138522477990995,0.214749981626884,0.645040697752746,0.518900812310312,NA
"Map3k1",1.33545879319653,0.316154317896915,0.211347943682032,1.49589493225712,0.134681037140052,0.170882100887308
"Il6st",1.29776982390791,-0.0306030160280639,0.200433783963385,-0.152683920958427,0.878647541296724,0.885176139258689
"Slc38a9",1.20487024085375,0.187395336408646,0.213715808287374,0.876843589205453,0.380571599604088,NA
"Ppap2a",1.34686558952456,0.520839639309204,0.208551004554735,2.49742090871832,0.0125100368352915,0.0183717519426703
"Skiv2l2",1.1971829170441,0.128513141419424,0.215038529323839,0.597628442788914,0.550087881460165,NA
"Gzma",3.71044503892494,2.41078645735115,0.298627311018978,8.07289343069478,6.86515244354582e-16,1.39494339257724e-15
"Snx18",1.2478768944281,0.27144537256242,0.212032257445311,1.28020790719748,0.200472025745089,0.242915550177492
"Arl15",1.18539984832038,0.158277891822705,0.214305696382955,0.738561291156113,0.460173436589969,NA
"Ndufs4",1.60808511364481,0.733000701184129,0.204773557860559,3.57956715135686,0.000344163803246684,0.000553802420760694
"Mocs2",1.35013815219835,0.45834242463194,0.208602134728462,2.19720869697027,0.0280055447629248,0.0398226487775721
"Itga1",1.20457310518906,0.215942871397575,0.213141154446717,1.01314488963021,0.310990959394378,NA
"Pelo",1.248057602652,0.26235099946217,0.212260426788158,1.23598639384629,0.216463621262141,0.259521314600617
"Parp8",1.20043592272444,0.148369184654908,0.21457405526391,0.69145910707809,0.489277070508129,NA
"Emb",1.61618651286127,0.791165289112962,0.205785510256123,3.84461125629432,0.000120743695721966,0.000197518674919669
"Mrps30",2.49223354033075,-2.26823434388799,0.237116269341679,-9.56591612286004,1.1121210452367e-21,2.43305610064357e-21
"Nnt",34.409458806165,-6.9144411836228,0.28310865969465,-24.4232768827362,9.6794776876263e-132,1.04718908869242e-130
"Paip1",1.21267503074486,0.158262376057879,0.214392753391166,0.738189017840193,0.460399595527397,0.485759357622077
"4833420G17Rik",233.794207182475,-9.57197766007113,0.255915391391532,-37.4028994818319,3.50552577602041e-306,1.72630608970062e-304
"Gm7120",1.17359264550874,0.118478075886515,0.215158405796875,0.550655111278184,0.581870121774505,NA
"Hmgcs1",1.22361747565314,0.21588488994485,0.213226703832334,1.01246647846981,0.311315066653092,0.351037806053935
"E130304F04Rik",1.87597357372965,-1.75965423558574,0.221492325924431,-7.94453816059573,1.94915617381843e-15,3.93221071587719e-15
"Zfp131",1.21682644939726,0.177773046070236,0.213964356290617,0.830853555013509,0.406056364035255,0.436795720715753
"BC147527",1.20865016607879,0.168020847130963,0.21418215446143,0.78447640772621,0.432760619914203,0.461156984598221
"Gm10408",1.37640361649985,-0.908691339033746,0.196204350312068,-4.63135163714999,3.63286274155451e-06,6.23903389074339e-06
"4930555G01Rik",13.7645715336962,-5.56786588214903,0.262251834262214,-21.2309892810205,4.94114368567432e-100,3.0705678618119e-99
"Gm3317",3.53883454472614,-3.29711697850604,0.256425119535597,-12.8580108862865,7.75465611847411e-38,2.01891795204164e-37
"Gm3494",13.0337168526903,-5.4836073592891,0.278956858194336,-19.6575463130178,4.98249360115601e-86,2.31187703093639e-85
"Gm3500",39.2658391491897,-7.14192136516433,0.275901367237517,-25.8857773583123,9.63003789601731e-148,1.29558757260851e-146
"Gm3383",202.099645653579,-9.53172679338174,0.211125251257947,-45.1472608633449,0,0
"Gm10406",1.18049275691046,-0.16734515998863,0.207170701379516,-0.807764606067873,0.419226103893818,NA
"Flnb",1.18536733336114,0.148422403223039,0.214545358681384,0.691799646169264,0.489063158881138,NA
"Abhd6",1.19236555336591,0.148328858609332,0.214623916454396,0.691110576396777,0.489496054261825,NA
"Rpp14",1.34128169846783,-0.288962288100293,0.199534360933444,-1.44818309362104,0.147565851505176,0.184717193735976
"Pxk",1.37868310180773,0.243952749544167,0.213226550406155,1.14410118758421,0.252581675234984,0.295622498817627
"Pdhb",1.35812391117797,0.384766448899353,0.210168254639566,1.8307543618289,0.0671372150455602,0.0908431360795369
"Kctd6",1.16969989147261,0.118483453337134,0.215143402716387,0.550718506080916,0.581826656490576,NA
"4930452B06Rik",2.41866622378316,-2.51610445397231,0.245780221476681,-10.2372129004328,1.3507137182273e-24,3.05954680370861e-24
"Fhit",2.55765532288678,-2.62906359371721,0.240103887196009,-10.9496919205268,6.66739966306385e-28,1.57554668362125e-27
"Ptprg",8.52583253588308,-4.68392279807137,0.256449145829144,-18.2645287545312,1.58576007010848e-74,5.96588653402975e-74
"3830406C13Rik",1.24402433130785,0.215938909321923,0.213232190908235,1.01269376074109,0.311206458972476,0.351037806053935
"Sntn",7.77828186188383,-4.66759107100984,0.268452473656837,-17.387029470909,1.03459238089302e-67,3.5023166201437e-67
"Thoc7",1.46770409281455,0.558384740975111,0.207521392258902,2.69073339811867,0.00712951445542329,0.0106881290802153
"Atxn7",1.28597659227446,0.14207807992447,0.206784692666798,0.687082192072151,0.492030935437535,0.514040124684066
"Psmd6",1.9069609732095,-1.22830143880926,0.208662410899028,-5.88654867696144,3.94343650688844e-09,7.17738443722372e-09
"Olfr720",1.83307013209176,-1.83060029008711,0.219654941902898,-8.33398180905192,7.81679408628527e-17,1.60929462158979e-16
"Il3ra",2.50500785321953,-2.33119783266096,0.237203660446726,-9.82783245532811,8.54378212376078e-23,1.89539067938934e-22
"Slc4a7",1.23704278842604,0.128518199038486,0.215189033393615,0.597233962213145,0.550351187373239,0.569195319323794
"Nek10",9.40064699809605,-4.97155115195945,0.272910009480939,-18.2168149911946,3.79617974798057e-74,1.41745767413867e-73
"Oxsm",12.9425184491625,-5.41774933562533,0.29303161457182,-18.4886171532781,2.55010362174572e-76,9.91548670801688e-76
"Ngly1",34.5920753023215,-6.75948019968688,0.285103785961976,-23.7088405433815,2.92291397471909e-124,2.80470789485913e-123
"Top2b",1.53877158448004,0.286604358645682,0.207526306947279,1.38105073453888,0.167263361764404,0.207489246295197
"Rarb",13.1551911355744,-5.48689199939148,0.294608192930617,-18.6243700312968,2.0387724316323e-77,8.03199403254386e-77
"Thrb",1.91862473576527,-1.93284873407108,0.217252505262174,-8.89678455831192,5.748794228534e-19,1.21369892307169e-18
"Nr1d2",3.22247834296514,-3.00826870327618,0.252309034572717,-11.9229527724628,8.98660464956681e-33,2.23115701644417e-32
"Rpl15",30.2832842962918,-2.879609971622,0.263666024428829,-10.9214297817096,9.10510435503697e-28,2.14818733257821e-27
"Nkiras1",1.9827531540525,-1.87438057933008,0.224576735022596,-8.34628119044249,7.04459718848576e-17,1.45117590070622e-16
"Ube2e1",24.7144264458283,-5.99859518422926,0.286062880056341,-20.9694986747243,1.24569674399558e-97,7.35997397131514e-97
"2700060E02Rik",8.588250989385,-3.6338198903805,0.267338032308135,-13.5926035626392,4.43035560085166e-42,1.19300780172534e-41
"Gng2",1.44396630944566,0.392946882152277,0.204961255800643,1.91717639813097,0.0552155254287854,0.0759286203209325
"1810063B07Rik",1.32227449937279,0.130556913036005,0.203474804864892,0.641636752632322,0.521109063963353,0.541223500574752
"Kcnk5",1.45636433613051,-0.921323084282819,0.200280557797749,-4.600162364303,4.22161760969936e-06,7.23349546122786e-06
"Nudt13",1.1813098965135,0.128513247938521,0.214952239327404,0.59786884910176,0.549927446699229,NA
"Ecd",1.24749066938089,0.165248513685084,0.211427265358556,0.781585636104414,0.434458131126585,0.46179422612111
"Dnajc9",1.46610061416587,0.388715902021227,0.207065005417084,1.87726507063929,0.0604817730211243,0.0827236617765673
"Mrps16",1.59824476429429,0.616637312257369,0.206554410641316,2.98535049599191,0.00283253561845987,0.00435710503266849
"Anxa7",1.58076794229769,-0.16195012104879,0.196485792379059,-0.82423323889168,0.409807044032796,0.439439763732784
"Ppp3cb",1.29441908124952,0.0483206891307774,0.205331355879429,0.235330297819449,0.813952381079729,0.823496739846145
"Sec24c",1.24013012128015,0.206478531341554,0.213385516902905,0.967631422874433,0.333228478154188,0.371194373059014
"Fut11",1.36544389793089,-0.393658439017632,0.196586362380251,-2.00247074238136,0.0452341267270531,0.0629071910257671
"Chchd1",8.36527669868222,-4.1491031508665,0.25865809606519,-16.0408787274952,6.62108444927903e-58,2.01999186588174e-57
"2310021P13Rik",1.18958573375548,0.128539314193529,0.214997582278278,0.597863998429324,0.549930683559665,NA
"Ndst2",49.7564367066226,-7.40615571491504,0.27941914529325,-26.5055413691939,8.36673927737991e-155,1.2285338685773e-153
"Camk2g",1.24329295327023,0.234595440343941,0.212843466558611,1.10219704713999,0.270376015458798,0.313589896068377
"Vcl",1.40780130603743,-0.741528948225495,0.196373612593195,-3.77611298398648,0.000159294756370574,0.000259565671376432
"Ap3m1",1.21960822068303,0.23461109822623,0.212727075063409,1.10287370874769,0.270082013088749,0.313589896068377
"Adk",1.27165953271713,0.316100308924317,0.211243940131098,1.49637574800084,0.134555765774481,0.170882100887308
"Samd8",1.20465849211473,0.177719823205824,0.213905746327195,0.830832393506532,0.40606832014527,NA
"Vdac2",2.11558755225417,-0.180159978020906,0.194796259697859,-0.924863641120963,0.355036841415982,0.392000127749348
"Comtd1",1.22785129263947,0.225314095661847,0.213008165784203,1.05777210386437,0.290159353654135,0.331827717078859
"Rps24",24.4443041951244,4.57324235352688,0.224200852833514,20.3979703722308,1.74301263862453e-92,9.20903438625513e-92
"Zmiz1",9.09648347839255,-4.36150983128477,0.267595777959143,-16.2988738632143,1.00527284427181e-59,3.11685215260618e-59
"Zcchc24",1.39319030343339,-0.848306794740952,0.206867232102718,-4.10073062861756,4.11847747623046e-05,6.84664089997549e-05
"Anxa11",1.47558313822578,0.595027409645724,0.206613136181398,2.87991083550135,0.00397787652639838,0.00607094207993821
"Plac9",1.80310400047637,1.21325339180343,0.233551281899897,5.19480510632969,2.04934416991044e-07,3.61282558829196e-07
"D14Ertd449e",1.49256506209026,0.0988071220089242,0.19526211178617,0.506023012375935,0.612840494869714,0.630012415191936
"Slmap",1.23248306024276,0.177740414077141,0.214019090088842,0.830488598018797,0.406262591746129,0.436795720715753
"Fam116a",1.22085800230535,0.158257165092003,0.214408777787239,0.73810954348634,0.460447884867936,0.485759357622077
"Arf4",1.72359132260224,0.828737272599094,0.203628957558632,4.06983998020258,4.70454399947577e-05,7.80849592281829e-05
"Pde12",1.19325315981883,0.128522899142841,0.214996892529841,0.597789566307346,0.549980353394905,NA
"Appl1",1.27975675976613,0.206528189552486,0.213539131115874,0.967167883812434,0.333460114405679,0.371194373059014
"Hesx1",38.2265115645029,-7.10229580425676,0.249570316952196,-28.4580950611093,3.86941875168191e-178,7.75369131814954e-177
"Il17rd",1.17331906798603,0.10778013972888,0.213930408883541,0.503809347588136,0.614395358334776,NA
"Arhgef3",1.37817110230342,0.417969167259347,0.209593037669958,1.99419394797606,0.0461308632915367,0.0640106022881526
"D14Abb1e",1.97967421484041,-1.61888270270429,0.223147603616158,-7.25476176517213,4.02369406701025e-13,7.83281112429367e-13
"Ccdc66",2.75978375699829,-2.69932267226852,0.236053545053868,-11.4352134455448,2.7885013035532e-30,6.75764939858296e-30
"Selk",2.36377607448956,1.42587093207466,0.195237980053623,7.30324566809714,2.809076007733e-13,5.48573765819912e-13
"Actr8",1.24803977081367,0.215939885058038,0.213231432862263,1.01270193685527,0.31120255245159,0.351037806053935
"Tkt",1.86906519752901,1.06093414218341,0.204913659096356,5.17746911973559,2.24916157294646e-07,3.96307963233098e-07
"Prkcd",1.64469651602955,0.846283386010049,0.206129067256036,4.10559945414621,4.0326773207234e-05,6.70720905342557e-05
"Rft1",1.19298868595603,0.128500178022559,0.215022452119933,0.597612838825246,0.550098295536611,NA
"Tmem110",1.20453840549215,0.126836629517859,0.212175689299779,0.597790585417417,0.549979673310303,NA
"Mustn1",1.18923040415769,0.147304421729283,0.213074033119849,0.691329767275905,0.489358329263978,NA
"Itih3",37.2264287458364,-7.06317132948349,0.263862418445334,-26.7683869915973,7.5441311227666e-158,1.15824601355417e-156
"Nek4",1.21448529633914,-0.277660558297588,0.202612948727806,-1.37039888141899,0.170562421081745,0.211430975551344
"Spcs1",1.92572918471715,1.08174157719404,0.200700935878416,5.38981830084418,7.05289562688359e-08,1.2586706041823e-07
"Glt8d1",10.9920036596271,-5.10894164543394,0.274844422988981,-18.5884857690518,3.98263407099186e-77,1.56428516558145e-76
"Gnl3",1.29831072124739,0.202726901063932,0.211006638655716,0.960760772056592,0.336672466790167,0.373603375137047
"Pbrm1",1.40004466269597,0.489738062856328,0.208334958969553,2.3507243588816,0.0187369080670347,0.0271233111785693
"2010107H07Rik",26.8421709524769,-6.07268074873074,0.286807565128696,-21.1733632130861,1.68121332321238e-99,1.03550838314674e-98
"Nt5dc2",1.53963324747054,-1.04710188434832,0.208699331003249,-5.01727475270163,5.24095914685647e-07,9.17739240073491e-07
"Stab1",1.29106993882688,-0.420835508683046,0.198788438970822,-2.11700192859212,0.0342596841142904,0.0482491706668275
"Nisch",1.29884564214146,0.355650690665949,0.209110516031786,1.70077859982846,0.0889845692222587,0.117238629818322
"Phf7",15.1293792077124,-5.6459856713227,0.279545071123711,-20.1970496157455,1.03923750978692e-90,5.33151823202727e-90
"Bap1",1.20122119732131,0.177771975756372,0.213907464639467,0.83106952838696,0.405934352543636,NA
"Dnahc1",15.9893066406049,-5.79757493155069,0.291577694674386,-19.8834651533445,5.65874138484416e-88,2.73505833600801e-87
"Capn7",1.23197854841473,0.234654864274569,0.212818282102961,1.10260670256254,0.270197998276475,0.313589896068377
"Sh3bp5",2.96179546065042,-2.29391490151706,0.229758445143137,-9.98402866144038,1.79046058860623e-23,4.00351435961643e-23
"Mettl6",2.04661780393464,-1.9816666403426,0.213478676770827,-9.282738071634,1.65178198324983e-20,3.56072762856251e-20
"Eaf1",149.898866160964,-8.96605640458584,0.232266389705185,-38.6024702754729,0,0
"Btd",1.70904333697535,-1.54264938947086,0.214956286176919,-7.17657258090691,7.14807116929391e-13,1.38761366692876e-12
"Galntl2",20.7867765408109,-6.19497996813744,0.26153166470239,-23.6873036968087,4.87377305718612e-124,4.66809089147001e-123
"Dph3",1.37015457308631,0.45040620594421,0.208850909311193,2.15659202744046,0.0310374662812622,0.043914086371637
"Oxnad1",1.2322009897533,-0.185799421568235,0.204648608161654,-0.907894870320693,0.363933768071417,0.398685051276558
"Ncoa4",14.6617683670902,-5.20840071785429,0.283870376680295,-18.3478134589583,3.43666691140407e-75,1.31424185183364e-74
"Timm23",58.7044799872011,-7.07240388560265,0.254377306643802,-27.8028098454001,4.01135948502235e-170,7.29592212955285e-169
"Parg",1.70731002829748,-1.342334915548,0.221990527825619,-6.04681167568758,1.47740279031187e-09,2.71264247816672e-09
"3425401B19Rik",16.2155938830586,-5.81904894367679,0.291003542487907,-19.9964883380023,5.90894255764177e-89,2.9153761957363e-88
"1810011H11Rik",31.3129886488744,-6.72307312871223,0.28913092501825,-23.2526947032313,1.33598277858202e-119,1.19414899044489e-118
"Wdfy4",5.1471269271481,-3.5934302112499,0.268397932373386,-13.3884422263389,7.06469595841833e-41,1.89164980266446e-40
"Mapk8",1.47266185170843,-0.89515404041862,0.203869248588441,-4.39082424944678,1.12921786722673e-05,1.9085372403832e-05
"Gdf10",1.1957111612882,-0.15368165033868,0.20576912890987,-0.746864464814812,0.455145377916462,NA
"Gdf2",12.2340629792014,-5.38541157929785,0.278899334275185,-19.3095175120934,4.4672622119378e-83,1.94650323425002e-82
"Zfp488",3.40845186101616,-3.22506041252512,0.252952281666759,-12.7496790749404,3.13031237592123e-37,8.1052731162246e-37
"Ppyr1",2.42052565253782,-2.51386500466863,0.219196913499012,-11.4685237330222,1.89870729477538e-30,4.60881287083352e-30
"Fam35a",2.57712065412807,-2.59317662363881,0.23388969063066,-11.0871779625967,1.44783381716778e-28,3.44706614623299e-28
"Glud1",1.84136234753669,0.915442511689083,0.199036731272287,4.5993646792598,4.23781363838716e-06,7.26005487114572e-06
"Gm3219",1.25147056282169,0.268669453718991,0.210651300830385,1.27542271355505,0.20215966347831,0.244106741465828
"Mmrn2",12.3054200398255,-5.29677666898942,0.294504323682049,-17.9853952660739,2.53574112559869e-72,9.20484608875184e-72
"Bmpr1a",5.15629517032368,-3.96845854893072,0.265438771586451,-14.9505610096535,1.54442597192964e-50,4.45532112377603e-50
"9230112D13Rik",1.37331310991774,-0.88967797730302,0.184153188811939,-4.83118420616422,1.35723359013358e-06,2.35217773588887e-06
"Mir297-1",2.10083966009745,-2.18186630652545,0.217141886694182,-10.048113423636,9.36429331632374e-24,2.10017663206058e-23
"Wapal",1.2912271164125,0.21594148890962,0.213437318703936,1.01173257901144,0.311665933908216,0.351040279426235
"4930596D02Rik",11.7862322374511,-5.32759376640399,0.290095709943994,-18.3649519237377,2.50671635593199e-75,9.61429785302348e-75
"Gcap14",1.2521636611689,0.280502962332754,0.211914082296965,1.32366362486318,0.185614784220607,0.227031556315038
"Lrit2",10.4574304667434,-5.14074870185464,0.274371432845784,-18.7364575405491,2.49708871187106e-78,9.96925665465921e-78
"Cdhr1",21.8099786143305,-6.25643809560694,0.300589622107415,-20.8138858944745,3.23988899887808e-96,1.84934068607365e-95
"2610528A11Rik",15.4437149540287,-5.73339007971414,0.281572042134903,-20.3620715900736,3.62910491981633e-92,1.90200077122904e-91
"Ghitm",14.3156012052285,-4.97052226254938,0.269910451075798,-18.4154494304985,9.87661252851781e-76,3.80346126144323e-75
"Nrg3",13.9305000492669,-5.58636932574798,0.281387493174139,-19.8529410910627,1.03935810338725e-87,5.00271950178096e-87
"4930529F24Rik",15.5981086173059,-5.75951656047352,0.29341673067215,-19.6291348052301,8.71866717452127e-86,4.02044546386935e-85
"Sh2d4b",7.06567997646338,-4.51082500015847,0.267343242279231,-16.8727848203736,7.13517362970852e-64,2.31554904240463e-63
"Tspan14",1.38725942480852,-0.0473051119214735,0.195192038810076,-0.242351646152444,0.808507698411161,0.81854348054815
"5730469M10Rik",1.21315871172423,0.0671166564711786,0.213603503680242,0.314211402504194,0.753360482993699,0.765085937981928
"Dydc1",15.2753897603693,-5.72759293778409,0.289824191137701,-19.7623011222787,6.28721660008009e-87,2.97410699161016e-86
"Sftpa1",1.51594493351528,-0.911276765460311,0.197769573223028,-4.60777029858202,4.07009927954131e-06,6.97731305064225e-06
"Mbl1",11.2381855453057,-5.25310683636026,0.287825859067135,-18.2509898637529,2.03193958812615e-74,7.62251142653144e-74
"1700001F09Rik",14.0681949869705,-5.60141392102774,0.290786727076185,-19.2629628502961,1.09906092315254e-82,4.74925332686775e-82
"Ear1",1.5085746609079,0.760468737092046,0.212382961560789,3.58064852049999,0.000342742454266033,0.000551685356542921
"Ear10",6.94176545307519,-4.48159924872244,0.270528728991664,-16.5660751278676,1.22569566429515e-61,3.87883077758151e-61
"Ang3",1.51483830936983,-1.24840070966388,0.210895360152307,-5.91952667314395,3.22869475018745e-09,5.88367484586437e-09
"Ear2",2.82121134490927,-0.213809240196069,0.245079372008542,-0.87240814452804,0.382985758944798,0.415626639203766
"Ear12",5.00386621865323,-3.92710783894623,0.200114434030949,-19.6243107498127,9.58683983902774e-86,4.41493638815393e-85
"Gm8267",40.10031633021,-7.17288754097894,0.285590604431902,-25.1159787110198,3.32762886671941e-139,4.03021407987827e-138
"Ptger2",13.3139211415722,-5.39886691918988,0.289136455815489,-18.6723839578194,8.30610733566999e-78,3.29092070529012e-77
"Txndc16",1.27264162107,-0.347541647403168,0.199604101930905,-1.74115483620408,0.0816564414391397,0.108487305755233
"Gpr137c",1.93293415706399,-1.95301881476463,0.220033665599555,-8.8759999950143,6.93078468261915e-19,1.45999580481323e-18
"Ero1l",1.99004358159207,-1.80252877104909,0.227510968281238,-7.92282141237644,2.32180937802755e-15,4.67586610852771e-15
"Psmc6",1.49932475378461,0.651939352618256,0.205721192641104,3.16904322908342,0.00152941645637272,0.00239351038892688
"Styx",31.9665857788762,-6.61526710796527,0.261433635320337,-25.3038102762085,2.90022629283444e-141,3.6131697490682e-140
"Gnpnat1",3.63331282978127,-3.03593346362338,0.243350272122739,-12.4755704488883,1.01476849975452e-35,2.59026482577927e-35
"Fermt2",1.68951234397003,-0.5983069997612,0.188861689853253,-3.16796381641025,0.0015351062509804,0.00240061552729709
"Ddhd1",1.61276642360151,-0.939585754879328,0.211452751291274,-4.44347850355021,8.85160039148019e-06,1.50188051498542e-05
"Mir5131",8.48629973028881,-4.80873581449041,0.264231381003853,-18.1989580352694,5.25987654495308e-74,1.95838484769295e-73
"Gm15217",2.05160184516598,-2.12151032382852,0.22320116456068,-9.50492497655299,2.00192263519149e-21,4.36145081623521e-21
"Bmp4",26.0411318395703,-6.26450261241171,0.28742922786991,-21.7949394320017,2.59134998988947e-105,1.77401271438991e-104
"Cdkn3",1.37421235073133,-0.791457845098273,0.19374814717664,-4.08498278116024,4.40800852760542e-05,7.32213349692929e-05
"Cnih",5.42839929672719,-3.54136793013675,0.268609484749255,-13.1840762564382,1.08373299179012e-39,2.87599706006327e-39
"Gmfb",1.84216409422045,-1.29307816344806,0.22009161752903,-5.87518133568854,4.22380733936346e-09,7.68098739295498e-09
"Cgrrf1",9.32810062927244,-4.82780981240657,0.271718426290828,-17.767693852456,1.25755320242853e-70,4.44292908066122e-70
"Samd4",34.6332800502198,-6.89249621974795,0.294957647919364,-23.3677487882336,9.09735171659607e-121,8.30939211909562e-120
"Gch1",35.6638329142821,-6.78854035258538,0.267727124210236,-25.3561919533211,7.67896172005956e-142,9.61251323230478e-141
"Wdhd1",16.2479549024658,-5.7997878336294,0.277491698678169,-20.9007615768568,5.26975367815372e-97,3.05645713332916e-96
"Mapk1ip1l",1.51509001350029,-0.602121431566824,0.189828038759826,-3.17193095129976,0.00151429006626124,0.00237054855177197
"Lgals3",9.30713468406902,-2.53384645035255,0.283272569418294,-8.94490580417246,3.72267109644013e-19,7.8801067004937e-19
"Dlgap5",1.17324734043472,0.108309440918451,0.215408233577628,0.502810125312223,0.615097774125523,NA
"Fbxo34",11.0536889850234,-5.17144934509003,0.268483208370812,-19.2617235784353,1.12568459917828e-82,4.86228680820075e-82
"Atg14",16.22050392121,-5.75302730784478,0.289294310460237,-19.8864170494481,5.33535545686269e-88,2.58114508663793e-87
"Ktn1",1.65837140721573,-1.02003791316346,0.211265752785636,-4.82822179986008,1.37757611872451e-06,2.38703646132512e-06
"4930447J18Rik",126.06990579596,-8.84711149467257,0.215855436384743,-40.9862806461977,0,0
"Peli2",1.89587927849385,-1.83961079566657,0.220865570886342,-8.32909714395116,8.14612035079876e-17,1.67643399294971e-16
"6720456H20Rik",1.82111968373714,-1.70421563688624,0.213883051808331,-7.96797886731791,1.61290436470828e-15,3.25889714874289e-15
"Otx2",19.40303308582,-6.09112336726887,0.286700462787379,-21.2456000525752,3.62047061121001e-100,2.25254548158716e-99
"Exoc5",1.73627039890975,-1.32553022241905,0.209740417458683,-6.31986070438795,2.61799180262611e-10,4.86764637923715e-10
"Mudeng",1.30824918770923,-0.504208347256351,0.198454768052171,-2.54067136912429,0.0110639858703774,0.0163169956896087
"Naa30",19.6521909785933,-6.01301841330773,0.275639257314028,-21.8148114020539,1.67860917695844e-105,1.15521949950205e-104
"Olfr725",2.03750681074631,-2.10513086682709,0.22180876373358,-9.4907470353859,2.29384432400001e-21,4.99431381492391e-21
"Olfr726",30.8696931674577,-6.78579309784008,0.300217716842182,-22.6029068810994,4.05762578523637e-113,3.2585856306052e-112
"Olfr727",25.7502449837105,-6.5159314493655,0.296026512679077,-22.0113103735051,2.24411568545117e-107,1.60140586166167e-106
"Ttc5",1.28738449073169,0.23467363350794,0.21298929684771,1.10180951334721,0.27054449361187,0.313589896068377
"Parp2",1.23977652844014,0.206448261118363,0.213440336331185,0.96724107854678,0.333423531177959,0.371194373059014
"Tep1",1.28554718168153,0.342077948528101,0.211139375973241,1.62015231385099,0.105199562079123,0.136314189910145
"Osgep",1.37274469203337,0.417821531074108,0.209575266461118,1.99365859401938,0.0461893772788605,0.064064979246885
"Apex1",1.26405439548131,0.22535300964135,0.21307781700613,1.05760896562436,0.290233753357401,0.331827717078859
"Tmem55b",1.3384651435852,0.350857367482146,0.210879715117648,1.66377959722871,0.0961564827097812,0.125924947251645
"Pnp",1.37609774357159,0.474022068925907,0.208590444261953,2.27250136315266,0.0230562457581757,0.0330324146720673
"Rnase4",1.32967376192059,0.489791150831196,0.209032190871846,2.34313743155224,0.0191223378777222,0.0276199788936663
"Rnase6",1.66296952846297,0.745764112906619,0.207584339051096,3.5925837002716,0.000327415437063715,0.000527421256433449
"Ndrg2",1.20121531882995,0.197010357853285,0.21354233040158,0.922582222844502,0.356224963391482,NA
"Rnase13",71.1148714812784,-8.01331008079582,0.277247171817869,-28.9031265071298,1.09065285386513e-183,2.30961780818499e-182
"Arhgef40",2.07074639561828,-2.11560898254571,0.223638302696259,-9.45995814240767,3.08066501257301e-21,6.69905076676988e-21
"Gm16617",17.0007071589945,-5.89080187334538,0.270719982820803,-21.7597600737315,5.58397467258404e-105,3.79783033106042e-104
"G630016D24Rik",1.70040900774282,-1.62250424383609,0.216147094277001,-7.50648186718988,6.07375459818932e-14,1.19958376854136e-13
"Snord58b",21.9683710294502,-6.27808032115552,0.296149212441782,-21.1990444593524,9.7455025065892e-100,6.02386300584909e-99
"Hnrnpc",2.11629036070455,0.820823162380771,0.190574512352147,4.30709832206754,1.65410097133378e-05,2.78394553292352e-05
"Rpgrip1",1.55323861265902,-0.510921440954866,0.201602279884006,-2.53430388410702,0.0112670975475788,0.0166024697807653
"Supt16h",2.9209915674949,-2.33539997786708,0.236906075798228,-9.85791508300586,6.33511553284728e-23,1.40780345174384e-22
"Chd8",1.28340979140864,0.234668802139569,0.212962790600959,1.10192396276062,0.270494729881428,0.313589896068377
"Snord8",12.2539649032309,-5.38811205243581,0.262893951357878,-20.4953823570515,2.3671982937495e-93,1.27389433952293e-92
"Rab2b",1.70687831792482,-1.47886672900462,0.201957398011337,-7.32266677807764,2.43090907568869e-13,4.75078449086296e-13
"Tox4",1.82591043748842,-1.38715638609051,0.207982077949848,-6.66959576403985,2.56508960108421e-11,4.85048640378902e-11
"Mettl3",31.1723700352016,-6.61497567605969,0.266064185245862,-24.8623303807199,1.90233145521303e-136,2.20915910927965e-135
"Olfr1513",7.1157470230287,-4.52191674294224,0.273968935795333,-16.5052170232917,3.36521088683981e-61,1.0598130213758e-60
"A430107P09Rik",30.1680789462266,-6.73030917728225,0.298805718309074,-22.5240307159071,2.41383065723054e-112,1.90048205591907e-111
"Dad1",6.54043092821566,-2.51002024298509,0.243281029641123,-10.3173693677956,5.88124576677106e-25,1.33886187974465e-24
"Abhd4",1.19304791109986,0.177753168586088,0.213902766753784,0.830999857008368,0.405973710136499,NA
"Oxa1l",1.31094562528722,0.324845548445152,0.211158951676218,1.53839345131461,0.123952442479681,0.158746132980675
"Slc7a7",1.18870805778059,0.117047875093798,0.212339950231764,0.551228701740031,0.5814769070615,NA
"Mrpl52",1.96760349218411,0.825553081145707,0.195075621523504,4.2319643771902,2.31659106020875e-05,3.88081044104289e-05
"Mmp14",1.26738213583045,-0.318131016597547,0.200908685020248,-1.5834607476799,0.113316486472532,0.146522680056135
"Lrp10",1.73504551971726,-0.0548619954313157,0.195253253125672,-0.280978649794913,0.778726775432833,0.789924945153398
"Prmt5",19.5189426093825,-5.98163879789436,0.291628966103552,-20.5111271277846,1.71279022474882e-93,9.25066215539456e-93
"Haus4",1.58135592551209,-1.08640974720331,0.200720367211597,-5.4125536052753,6.21322458821488e-08,1.10977014030733e-07
"Psmb5",3.09838735198073,-1.59682523973536,0.221880431395835,-7.19678265311565,6.16499149019682e-13,1.19878024134205e-12
"Cdh24",17.4143644191853,-5.92740877255879,0.301155212035425,-19.6822387117164,3.06174412005809e-86,1.43146478340378e-85
"Acin1",1.4994995888275,0.497581958651428,0.208552221396229,2.38588663942385,0.017038002066719,0.0247532342856313
"4930579G18Rik",12.4955145078059,-5.41821934730872,0.288087447774826,-18.8075509334363,6.54943736052199e-79,2.64408840076758e-78
"1700123O20Rik",1.52945420125054,-0.0860686510861358,0.195752456489095,-0.439681077978863,0.660168109101882,0.674775314178935
"Cebpe",2.30387746569087,-2.38690321628149,0.226170022500912,-10.5535790724514,4.8898180682545e-26,1.12916833958365e-25
"Slc7a8",2.48415651802065,-2.53022946465243,0.241569927588347,-10.4741078076744,1.13603740290448e-25,2.61181028106646e-25
"Pabpn1",11.7039560496062,-4.67536055147088,0.269704653097678,-17.3351126788963,2.55565748932637e-67,8.60957218088652e-67
"Slc22a17",16.6514080798691,-5.82625118721352,0.299125177282495,-19.4776355509225,1.69948875863111e-84,7.62797190030473e-84
"Cmtm5",12.6275434570412,-5.4349175016106,0.290795322287216,-18.6898381269097,5.98944500594335e-78,2.3775591582528e-77
"Mir208b",13.254361785044,-5.50957480679681,0.293325577575198,-18.7831380145646,1.03762547267956e-78,4.17127837303605e-78
"Ngdn",32.0128572041059,-6.43040916403555,0.297355427130534,-21.625329747934,1.03773199161599e-103,6.8786806301403e-103
"Zfhx2",1.70593663079263,-1.52302733804862,0.209594759983503,-7.26653346757567,3.68829868212123e-13,7.18392504502717e-13
"Ap1g2",29.1630439845295,-6.57570078013556,0.309226961804988,-21.2649658417641,2.39664915505828e-100,1.49647231930673e-99
"Jph4",3.00717756697625,-2.97651107217534,0.251285911107305,-11.8451172175121,2.28099202159352e-32,5.64569860252165e-32
"Dhrs2",26.521167401424,-6.55999573361003,0.301693234259201,-21.7439272369429,7.88544819477409e-105,5.33878593731787e-104
"Dhrs4",1.99875658311662,-1.71022762063048,0.228997577151128,-7.46832190063656,8.12239525522478e-14,1.60056259842482e-13
"Nrl",5.14674516370655,-3.97579678824594,0.260682970779981,-15.2514634015029,1.60984232668692e-52,4.71173363908365e-52
"Pck2",1.24027721246197,0.225337260352216,0.213027134300675,1.05778665751644,0.29015271703942,0.331827717078859
"Dcaf11",18.2202222161086,-5.65858003008909,0.273467672079474,-20.6919523140001,4.09300836914951e-95,2.28875240353085e-94
"Fitm1",1.53266645962394,-1.29375907902636,0.206896400456449,-6.25317345382572,4.02195013173654e-10,7.45413800378652e-10
"Psme1",4.3616537575096,-1.71356162408748,0.231386539493415,-7.40562362806003,1.30535566955559e-13,2.56308316534895e-13
"Fam158a",2.47061244756402,-2.46776854852857,0.240380675527735,-10.2660854210131,1.00187877553409e-24,2.27382922099477e-24
"Psme2",2.45040063631757,1.42814659325443,0.203981343631191,7.00135888817652,2.53491667049878e-12,4.88185390887425e-12
"Rnf31",1.46284700521737,-0.860171874683949,0.201964989728576,-4.25901477201543,2.05329902455531e-05,3.44471184579101e-05
"Irf9",1.36902312642441,0.111272952470465,0.20250299111309,0.549487945135205,0.582670635160581,0.600146155394284
"Ipo4",1.60699936447404,-1.38907921444761,0.201534539370777,-6.89251191773154,5.48156980279552e-12,1.04927738799386e-11
"Tm9sf1",1.28212597163191,0.0673073125748742,0.204993414995971,0.328338900916389,0.742655434326637,0.755022176878965
"Tssk4",3.27070807878622,-3.14500541773874,0.251623299608979,-12.4988640663486,7.57255808270934e-36,1.9348386290623e-35
"Mdp1",24.5775433844496,-6.09919809147563,0.289419021207534,-21.0739365575495,1.37970615951781e-98,8.34055142175215e-98
"Nedd8",2.60618220114866,0.349749374105913,0.18437564982356,1.89693907216386,0.0578359798860632,0.0791567422667147
"Gmpr2",1.74254003172201,-1.411626003823,0.217361219171816,-6.49437838636323,8.33769497740296e-11,1.56528566020656e-10
"Tinf2",10.0028949752436,-5.01312306538821,0.280325618496213,-17.8832141431837,1.59378374066624e-71,5.72380538443604e-71
"Tgm1",3.36307744971523,-3.18619844868251,0.238673642549373,-13.3496033104007,1.19081357293737e-40,3.18037700216581e-40
"Rabggta",2.17823513079092,-2.09626421501023,0.23176510902793,-9.04477910330154,1.49968076468506e-19,3.19458624429953e-19
"Dhrs1",28.9184932969346,-6.36704719606997,0.260615842454374,-24.4307757199551,8.05689042782768e-132,8.72551204009554e-131
"2610027L16Rik",6.16324114774728,-4.13924324988879,0.259229588272111,-15.9674799372974,2.15310843399353e-57,6.5458509175575e-57
"Ltb4r2",1.81859758501805,-1.80052499101636,0.221535236286059,-8.12748807458972,4.38277729105256e-16,8.92455527961551e-16
"Ltb4r1",11.8670028027345,-5.12836977617091,0.281244229739151,-18.2345777580126,2.743645795032e-74,1.02665455556036e-73
"Adcy4",1.30834539823259,-0.260340858989495,0.197769564332667,-1.31638485359444,0.1880449035344,0.229103605193037
"Ripk3",1.29882371899618,-0.30759401937042,0.198099131487009,-1.55272775332986,0.120488189024891,0.154875239278486
"Khnyn",1.18936603592718,0.138501644267009,0.214750804290477,0.644941213256965,0.518965282554794,NA
"Sdr39u1",1.18899170104169,-0.044272432858312,0.21206965068863,-0.208763643051003,0.834632754582543,NA
"Cma1",4.87697554538182,-3.5726788738433,0.252795014342011,-14.1327109758967,2.38772380968017e-45,6.61215824219123e-45
"Gzmb",1.5958824302973,0.883894249313371,0.235366954412728,3.75538805572262,0.000173073106870646,0.000281665352413024
"Parp4",5.55665131645627,-3.88527280760803,0.266690253886,-14.5684844158903,4.45668871034965e-48,1.25852935180012e-47
"Mphosph8",1.31916169372865,0.280471327865693,0.21208134143274,1.32247054819126,0.186011510322271,0.227031556315038
"Gm16973",9.76935875002478,-5.03231010991556,0.239190669515615,-21.0389064092947,2.88965271367043e-98,1.73080747737919e-97
"Pspc1",1.19738388893773,0.0981501335846607,0.215738051571623,0.454950496074522,0.64914485356809,NA
"Zmym5",2.67351227084732,-2.28777260715678,0.230039620886007,-9.94512422836258,2.64843373825122e-23,5.91309842329828e-23
"Zmym2",1.21303657392469,0.0981482363818503,0.21580406301958,0.454802541752633,0.649251301494657,0.663963458881628
"Cryl1",1.17315357266292,0.11843283156744,0.215156085843968,0.550450762770094,0.582010239264811,NA
"Il17d",3.44306542506025,-3.23153111458579,0.251149258483782,-12.8669745397416,6.90544218150404e-38,1.79917185861997e-37
"N6amt2",1.25601028620741,0.177748795059586,0.214108298991278,0.830181715968083,0.406436051201213,0.436795720715753
"Lats2",1.23589501034468,0.262324544921271,0.21216999032319,1.23638854166738,0.216314173239405,0.259521314600617
"Sap18",1.22031379570546,0.18573205946006,0.212446125948039,0.874254866410165,0.38197947250141,0.414711490527737
"F630043A04Rik",19.9338009664347,-6.13189525065259,0.290638825109974,-21.0979907737115,8.29882234890626e-99,5.04305618874164e-98
"Mrp63",1.56930189007632,0.679430975093976,0.205535414798431,3.30566377458744,0.000947517121118239,0.00149653233653168
"Zdhhc20",1.42543074566505,0.513120339466649,0.207875344125633,2.46840404101285,0.0135717034539317,0.0198944936898409
"Efha1",1.26669526781621,0.21588289511863,0.213362166383317,1.0118143191834,0.31162684215721,0.351037806053935
"Gm4902",1.41564755847333,0.218075358903934,0.203465873335322,1.07180312515866,0.283808469134151,0.327326603818
"Cab39l",1.24080087075505,0.147309797782472,0.213290566022941,0.690653133559725,0.489783548179644,0.512050895553324
"Cdadc1",1.20093396945745,0.168042304612285,0.214140653822578,0.78472864265892,0.432612685502563,NA
"Mtmr6",1.29072154804385,0.359372747196837,0.210454036248837,1.70760681810788,0.0877093224269773,0.116060506021613
"Spata13",1.27583170502102,0.298437963846137,0.211736044042235,1.40948115468998,0.158692942043936,0.197436157265757
"Arl11",1.23908958194864,0.298301993070745,0.211662399763833,1.4093291647623,0.158737858824172,0.197436157265757
"Ebpl",10.9746766762837,-5.04568540747832,0.280259196802306,-18.0036390064927,1.82429018109988e-72,6.64303784118688e-72
"Kpna3",1.23166586580546,0.195141436418592,0.212174156069728,0.91972292966002,0.357717567050843,0.392616841885072
"4930556J02Rik",3.13603677919952,-3.05907710248668,0.245863880474297,-12.4421574107811,1.54279758345389e-35,3.93040672797917e-35
"6330409N04Rik",1.19604472512029,0.0181596326964466,0.209313438376594,0.0867580831755963,0.930863806719376,NA
"Trim13",4.23335957336653,-3.60580718245709,0.2570573387241,-14.0272485522275,1.06192231975835e-44,2.925189714585e-44
"Dleu2",1.5555223430152,0.815868840960576,0.205465226362093,3.97083660046087,7.16206894718602e-05,0.000118085912521513
"Rnaseh2b",1.2390387568907,0.243870546553589,0.212624343513123,1.14695496538258,0.251400233944069,0.294845275205982
"Defb47",28.3791726317436,-6.66093536168869,0.261355925266874,-25.4860698294371,2.81323081108421e-143,3.58609641852493e-142
"Defb43",21.1015281837554,-6.2176738269711,0.283357786093932,-21.9428374024279,1.01375866955573e-106,7.13183322787185e-106
"Defb30",3.77076950029294,-3.41567273571311,0.258150284605161,-13.2313343792642,5.78510844545389e-40,1.53915729282718e-39
"2700070H01Rik",11.0843309332452,-5.22041515221817,0.280025782634177,-18.6426232010146,1.44955045208282e-77,5.72364096813339e-77
"Ctsb",27.7659127095146,-4.91235181852283,0.285134755507708,-17.2281762346928,1.632167948378e-66,5.44403622398285e-66
"Fdft1",3.15564350614773,-2.98985855820711,0.251109665202119,-11.9065849408885,1.09365354914338e-32,2.71140894159508e-32
"Neil2",16.9444441498549,-5.88570034575522,0.292860835850202,-20.0972599448761,7.79820957581098e-90,3.92353291428755e-89
"Blk",1.33470264922621,0.0573810211103527,0.210360057564305,0.27277526815095,0.785025972011024,0.795773487503164
"Xkr6",7.10613957051051,-4.52020743587477,0.255458498212694,-17.6944884100558,4.62410620172917e-70,1.62325718715711e-69
"Pinx1",1.18533883770721,0.0878882629119958,0.215951149638247,0.406982148783292,0.684021099297868,NA
"Sox7",14.0555203745923,-5.45227360386419,0.287539961838773,-18.9617942806897,3.5289719952168e-80,1.46026427388281e-79
"4930578I06Rik",7.00066520684756,-4.49520368749694,0.271585589613679,-16.5517017817153,1.55640239791422e-61,4.9194190233801e-61
"Rp1l1",7.2617017565645,-4.55541121034692,0.276238012540892,-16.490891924849,4.26605243129942e-61,1.3423022116566e-60
"4930471C04Rik",6.86821484507155,-4.46396057495032,0.272793982584529,-16.3638527971089,3.46495626479052e-60,1.08079305062483e-59
"Msra",14.0505952275487,-5.43020995095532,0.277969597956121,-19.5352656941013,5.50586527947101e-85,2.4948452047603e-84
"Kif13b",4.30121566248565,-3.65638422710349,0.247948157074984,-14.7465674689315,3.23715542392067e-49,9.23637677664165e-49
"Hmbox1",3.14548334129256,-3.02610217317108,0.249330818279084,-12.1368958480851,6.73322482800772e-34,1.69140681435035e-33
"Ints9",1.51057580648936,-1.00574234013602,0.196913183028692,-5.10754193633382,3.26376677067885e-07,5.73342168700778e-07
"Extl3",1.20886761883763,0.168025756484957,0.214142897753451,0.784643143656391,0.432662826920974,0.461156984598221
"Zfp395",1.29762453713872,-0.48050158597413,0.198527358143585,-2.42032932119414,0.01550645680142,0.022597349107597
"Elp3",22.2454568378476,-6.18970848357387,0.291678813163933,-21.2209739076765,6.11443716560244e-100,3.79066057059914e-99
"Pbk",16.5836557373504,-5.75876508365078,0.286713960911644,-20.085401720028,9.90192330563916e-90,4.95808533865098e-89
"Ccdc25",1.27541831914025,0.206467612301722,0.213524183131187,0.966951889355177,0.333568085007166,0.371194373059014
"Clu",49.4511557460208,-7.28999969657832,0.289644325728406,-25.1687985885628,8.79983495304108e-140,1.07199856370769e-138
"Gulo",21.9714332131515,-6.27826790498693,0.269407108224864,-23.3040172783663,4.03638880499964e-120,3.64531999344258e-119
"Ptk2b",1.45628344700963,0.550905167581139,0.207457803404312,2.65550467873935,0.00791898349872076,0.0118241115169686
"Trim35",6.47919375002442,-4.02983302601975,0.271946381267696,-14.8184837291617,1.11267787603562e-49,3.18780379413058e-49
"Dpysl2",5.44327158081285,-2.72623448716712,0.263118248738862,-10.3612520235069,3.72059596553109e-25,8.51074099039101e-25
"Bnip3l",1.83591858489573,1.02470415285952,0.20051696051327,5.11031161771328,3.21627871580802e-07,5.65285350051107e-07
"Ppp2r2a",1.87881215828251,-1.03741418288178,0.206184080257103,-5.03149506784504,4.86669632319968e-07,8.52488416345716e-07
"Gm6878",1.5964165766688,-1.42295064207421,0.207576320665609,-6.85507208872098,7.12765668067531e-12,1.36287061806319e-11
"4930438E09Rik",42.5067563537712,-7.25878347498949,0.26852380567349,-27.0321786062267,6.18840101319837e-161,9.93952408889092e-160
"Dock5",2.24185597698114,-2.17237735306182,0.23220222450043,-9.35554066174672,8.31732308108499e-21,1.79889896346649e-20
"Nefl",27.4312506429063,-6.61031746429699,0.287862251993698,-22.9634744344379,1.08080704792634e-116,9.18114367807241e-116
"Adam7",9.77792977263172,-5.03427887852396,0.28851373313906,-17.449009528075,3.50253661252055e-68,1.19459268979793e-67
"Adam28",1.77726365945422,-1.65557526554432,0.220355934749187,-7.51318664245972,5.77051645644946e-14,1.13990902186059e-13
"Stc1",14.9778214051261,-5.65428396440443,0.291756009210079,-19.380179965147,1.13449515884529e-83,5.00597187588539e-83
"Slc25a37",1.71413591239828,-1.44605744228406,0.21678395933865,-6.67050019150674,2.54933042237212e-11,4.82243334110617e-11
"Synb",15.82631685524,-5.78194995016488,0.271330899607396,-21.3095889872149,9.25037700780307e-101,5.82472472626442e-100
"Gm16677",8.26491664086866,-4.7654240327203,0.264139144110738,-18.0413397217735,9.22794276257275e-73,3.37442110127003e-72
"Entpd4",17.8284933791958,-5.82416990600823,0.274413382910756,-21.2240738561295,5.72429023863631e-100,3.55089661861932e-99
"R3hcc1",1.21494141169554,-0.143208437127226,0.206240620511625,-0.694375515220843,0.487446744616098,0.512017709406586
"Chmp7",17.0540559425119,-5.67508763372083,0.273982191742148,-20.7133448989335,2.6257551059354e-95,1.47301898473754e-94
"Pebp4",24.7735300585322,-6.45821326375218,0.256116288187041,-25.2159412018175,2.67843685266394e-140,3.2858849285325e-139
"Bin3",13.4400528949739,-5.17574811801794,0.286920247068633,-18.0389783254992,9.63079913561371e-73,3.52050220503526e-72
"2610301G19Rik",12.9553496511486,-5.36485049519424,0.284254174826082,-18.8734272714787,1.88656858058174e-79,7.70871858366864e-79
"Pdlim2",52.5993454890454,-7.06402482790901,0.25113759822657,-28.1281053804458,4.4407774579988e-174,8.53806936676013e-173
"Sorbs3",1.21572714704039,-0.046763733208496,0.206187766325032,-0.226801686841004,0.820577951972951,0.829717561123255
"Ppp3cc",1.22888809465703,0.168064746156556,0.214227563861717,0.784515041514644,0.432737959509438,0.461156984598221
"Polr3d",1.24345897113918,0.155753745734744,0.211672289324994,0.735824921776157,0.461837252432551,0.486046463245548
"Bmp1",2.14011697258008,-2.14710399637892,0.233297450355522,-9.20328959063609,3.47155736748644e-20,7.45435189563109e-20
"Sftpc",2.00389969035898,0.54809377657875,0.183908192191651,2.98025754071674,0.00288006132816047,0.00442629769851248
"Lgi3",2.94110596122603,-2.93013717450006,0.245861506087491,-11.9178362694051,9.55580874247716e-33,2.37191258372472e-32
"Reep4",1.27070241619484,0.0765211764251328,0.206805583849975,0.370015040215956,0.711371284015734,0.724982058290147
"Hr",1.54191571933753,-1.18982060268687,0.208756797581008,-5.69955381800277,1.20121399794483e-08,2.17004224581139e-08
"Nudt18",1.23572928863074,0.253139272300595,0.212354190767534,1.19206158063397,0.233237100026815,0.276695742225986
"Fam160b2",1.85852291705025,-1.63464441626474,0.222511645415458,-7.34633197832249,2.03720027522356e-13,3.98358697758644e-13
"Epb4.9",2.71733250616076,-2.76783533448679,0.244939726146577,-11.3000670737684,1.31117815133926e-29,3.1584448315602e-29
"Xpo7",44.9740117273187,-7.19675844384148,0.303207884643527,-23.7353934654519,1.55515332541114e-124,1.50053611065548e-123
"Dok2",1.31400733305569,0.286538961966897,0.210915331990521,1.35854970457897,0.174289322021043,0.214269962541178
"Gfra2",14.4553955827279,-5.58848452973145,0.282408136201037,-19.7886810376922,3.72667138471856e-87,1.76847496620281e-86
"Fndc3a",1.28138999933587,0.17808722867185,0.206145789160306,0.863889722886178,0.387648472970002,0.420254419294581
"Gm9199",6.46738241895139,-4.36407226833905,0.262372216562283,-16.6331341234185,4.01055588353608e-62,1.27730943941784e-61
"Rcbtb2",14.3962503603717,-5.38082501829596,0.272836571842183,-19.7217879625331,1.40184286159675e-86,6.58948197886993e-86
"Rb1",3.28571815014823,-2.86217746017954,0.248709427461281,-11.5081180854116,1.20069975781988e-30,2.9219826274218e-30
"Mir687",3.74892050909878,-3.40502688457346,0.239344242582435,-14.2264833606796,6.27593183309731e-46,1.74210923524424e-45
"Lpar6",1.26023548307616,0.2346804175584,0.212891819595506,1.10234586751287,0.270311335752605,0.313589896068377
"Itm2b",9.62570735329486,-0.0125622990297863,0.230860463859519,-0.0544151164723925,0.956604435494966,0.95908482728968
"Med4",3.01560658427212,-2.7210099298642,0.243770560267876,-11.162176133468,6.2444080187708e-29,1.49350789727302e-28
"Sucla2",1.270494199013,0.152324354282737,0.207813951174593,0.732984255492851,0.4635680322596,0.487573066370162
"4933402J15Rik",9.3255066931104,-4.95901508293974,0.279341101447754,-17.7525436007749,1.64721490057273e-70,5.80780937587954e-70
"Htr2a",12.1101937434625,-5.36970455765374,0.292537414488194,-18.3556163817481,2.9768996308813e-75,1.13967114581594e-74
"Esd",1.68902244145009,0.752409236627907,0.205353318716542,3.66397407809362,0.000248331928692472,0.000402263046632958
"Lrch1",1.22105208222761,0.168066041544745,0.214200831356693,0.784618997415918,0.432676988242087,0.461156984598221
"5031414D18Rik",1.22524905981217,0.0981344430070429,0.215945965410069,0.454439807757887,0.649512306140031,0.664013755983345
"Lrrc63",1.25704442970696,-0.464038401360452,0.198409820654322,-2.33878746440137,0.0193464358115038,0.0279166261053352
"Lcp1",14.9221511777431,-4.04161426805045,0.273968955315776,-14.7520884743751,2.98289084025389e-49,8.51788303398538e-49
"Zc3h13",1.41688833122916,0.253514284586247,0.203820420649806,1.24381199772825,0.213568763673918,0.257466269371329
"Spert",2.19868815865618,-2.29202727315605,0.233931756393291,-9.79784578414675,1.15012257715407e-22,2.54661287497104e-22
"Slc25a30",25.5308946609039,-6.50323705828618,0.269321896941581,-24.146707460986,8.08563653051995e-129,8.35782627511171e-128
"Gm4285",1.17739460362134,0.0875938167503021,0.21440936188926,0.408535410853671,0.68288063867806,NA
"Tpt1",18.9032210164242,4.37333125248419,0.217653659820516,20.0930747320793,8.48418606662935e-90,4.26250734050098e-89
"Gtf2f2",1.32278699826729,0.307270216705751,0.2115425613437,1.45252196415699,0.146356526504819,0.183714983016129
"Kctd4",21.9140292743042,-6.27444389368306,0.288835384784571,-21.7232521505732,1.23704456796634e-104,8.34285871419159e-104
"1200011I18Rik",1.25865633050839,-0.179357780122923,0.201179553942072,-0.891530856930756,0.372644445131095,0.407885091965677
"Nufip1",32.1721207917903,-6.65390708318121,0.282758318007659,-23.5321356063555,1.91309468357189e-122,1.78966922011564e-121
"Tsc22d1",11.3642695668886,-4.67611852115565,0.242076283479517,-19.3167147724792,3.88609005475791e-83,1.69681221964335e-82
"Enox1",18.2778818828631,-6.00072318093773,0.301403445300092,-19.9092720222993,3.38193465147556e-88,1.63915495642548e-87
"Dnajc15",1.62481490114463,0.692954527787658,0.206889361880678,3.34939661222076,0.000809877744653611,0.0012830233162646
"Epsti1",1.82203629320413,0.797503078016863,0.206867526543964,3.85513904159034,0.000115663872796135,0.000189327505799883
"Akap11",1.18503886832,0.107725116917452,0.214015156330785,0.503352747367813,0.614716287337004,NA
"1300010F03Rik",1.96701763504947,-1.9566865925429,0.22145559405677,-8.83557085508213,9.95883885681573e-19,2.09322081065344e-18
"Zfp957",2.24681876182225,-2.34111803473469,0.2295283610306,-10.1996895905277,1.9890719555474e-24,4.49575908549792e-24
"1190002H23Rik",1.361693459955,0.437523517867958,0.208322590216813,2.10022118778671,0.0357093883754952,0.0500948689384803
"Naa16",1.20106329821969,0.148409303280215,0.214578056957333,0.69163317715066,0.489167721076714,NA
"Wbp4",1.36235690793508,0.417967974033514,0.209571766244947,1.99439066398378,0.0461093779942342,0.064003827373631
"Elf1",1.70159400259977,0.580533846801105,0.207701334168892,2.79504149130331,0.00518930546143796,0.00785193218895683
"Sugt1",1.64522494776341,0.545298877784309,0.200293291154177,2.72250196021074,0.00647896490725169,0.00974645441379073
"Pcdh8",19.5847276528975,-6.10529367753136,0.285001201837193,-21.4219927431008,8.33460502495007e-102,5.33169586154894e-101
"Gm10845",3.05336697579826,-3.00857068965295,0.245189964620225,-12.270366343553,1.30660822222629e-34,3.29970726658019e-34
"Pcdh17",1.20908715506338,0.225398182933341,0.213199248402059,1.05721846874562,0.290411892819725,0.331827717078859
"Tdrd3",1.18121251601096,0.0977152122530018,0.214197567275293,0.456191979656872,0.648251932309341,NA
"4930474H20Rik",5.19926768013619,-3.99367474528339,0.267405352897396,-14.9349094997951,1.95339117150981e-50,5.63042623704099e-50
"4921530L21Rik",17.8372535419117,-5.96380458439511,0.295240739302246,-20.199802366332,9.82898348403139e-91,5.0449649741046e-90
"Mzt1",1.31024358619466,0.324776175423448,0.211249698590672,1.53740420739133,0.12419435670823,0.158746132980675
"Pibf1",1.23230393442962,0.177731235117492,0.214017802043665,0.830450707466055,0.40628400629486,0.436795720715753
"Commd6",1.40020423824693,0.442203874039528,0.209183108077751,2.11395594081701,0.0345190305997251,0.0485162465618108
"Uchl3",1.68049013639901,-0.472540126871085,0.195411563515361,-2.41817893665203,0.0155984041646147,0.0227218277492085
"Lmo7",1.41582537796674,-0.888297217855196,0.200097833312107,-4.43931452505862,9.02458493048423e-06,1.53073382086524e-05
"Kctd12",3.19272078702714,-2.49211836938311,0.250781795033681,-9.93739744564957,2.86206857533624e-23,6.38870984103279e-23
"4933432I03Rik",1384.93247447269,-12.3137305377663,0.188062609716727,-65.4767609378289,0,0
"Cln5",21.6067331746815,-5.99091266054385,0.270601607721188,-22.1392352802151,1.32464963922028e-108,9.70480156734016e-108
"Fbxl3",1.86726705510241,-1.40555963273031,0.217653945885681,-6.45777234596315,1.06255419273385e-10,1.99085889665137e-10
"Mycbp2",1.6908675582706,0.713102468825287,0.205587685932539,3.46860496819484,0.000523168103454612,0.000835660189728604
"Slain1",1.20514116467703,0.11847659750304,0.215273538178096,0.550353742990113,0.582076769213475,0.600036908991535
"4921525B02Rik",38.7352319361611,-7.12180411637655,0.261199337529532,-27.2657816965992,1.08023640207763e-163,1.79295199327353e-162
"Pou4f1",76.0038053332778,-8.08898560167668,0.286932953548687,-28.1912046059364,7.49568098118751e-175,1.4518536074879e-173
"D130009I18Rik",15.7701685615061,-5.77629513806924,0.29329480027822,-19.6945023661852,2.40347027043088e-86,1.12571689651406e-85
"Rbm26",1.39235632087345,0.474096573999098,0.208580506800649,2.27296683314811,0.0230281787112044,0.0330057915630112
"Ndfip2",1.31475140111102,0.342254536908499,0.210840943355696,1.6232830846858,0.104528903830109,0.135948916404084
"4930449E01Rik",34.722074308954,-6.96015489294624,0.281288163219783,-24.7438598669648,3.60994158492219e-135,4.1009564903795e-134
"Spry2",1.27254348230366,0.350972038456608,0.21100748716089,1.66331556846131,0.0962492839433094,0.125999062616696
"Trim52",58.721940967648,-7.73330149207262,0.27539076042531,-28.0811944457738,1.66250370131255e-173,3.16148244839764e-172
"1700128A07Rik",63.0342063603254,-7.83701903432278,0.282057373665698,-27.7851946661441,6.54930335203194e-170,1.18912568687328e-168
"Mir17hg",2.46658223364804,-2.47100742255878,0.239881765293583,-10.3009389627202,6.97768556443574e-25,1.58708142249911e-24
"Mir92-1",5.94875129409622,-4.22430490374481,0.262688370579052,-16.0810503123265,3.46454947976693e-58,1.06007903190993e-57
"4930505G20Rik",6.08930249081501,-4.26318413531514,0.254297825685855,-16.7645323895991,4.43489488496106e-63,1.42990434215545e-62
"Gpc6",9.20029620223536,-4.92654185760897,0.278684202789452,-17.6778655133567,6.21032081989889e-70,2.17496643273212e-69
"Dct",1.4860358817408,-1.18531270597914,0.199545969038572,-5.94004835923308,2.84938010657956e-09,5.20334586543477e-09
"Tgds",1.20476713177611,0.0972944954109021,0.21282137962116,0.457165044151553,0.647552421428705,NA
"Gpr180",1.18910903687841,0.15825024134475,0.214306253047738,0.73843034953114,0.460252977558925,NA
"Sox21",54.6593467381449,-7.62828963981031,0.234211027499302,-32.570155732027,1.0855547611377e-232,3.50872808243888e-231
"1700044C05Rik",18.1759592618884,-5.99225886785489,0.266353127230455,-22.4974226139656,4.39892449837818e-112,3.44005780996766e-111
"Cldn10",2.62975849521563,-2.67813647175367,0.233266982353853,-11.4809924865024,1.64382630981182e-30,3.99198573492334e-30
"Dzip1",3.74007000279609,-3.36008327104456,0.228911872667785,-14.6785015206309,8.85252039906348e-49,2.51278719320888e-48
"Dnajc3",1.56558897670455,0.658795535284497,0.206404661490543,3.19176674851737,0.00141405473888371,0.00221463118421031
"Uggt2",1.53246962051293,-1.17979244460424,0.186669087711539,-6.32023469481667,2.61166349230849e-10,4.8567450765409e-10
"Hs6st3",2.49937786851619,-2.58630349765899,0.246169493529987,-10.5061901073617,8.08959058039138e-26,1.86353322284391e-25
"1700006F04Rik",7.22649582317657,-4.54772405278031,0.265520305186201,-17.1275942515626,9.23971673255822e-66,3.06425167369466e-65
"Mbnl2",1.58869229983277,0.572424678517942,0.193676521031861,2.95557084290962,0.00312091014418948,0.00478726264346849
"Rap2a",1.21593698915538,0.213881176083551,0.211740832970722,1.01010831535326,0.312443398757531,0.351679544123127
"Ipo5",1.23183944490535,0.11631005062193,0.211104992754681,0.550958312753362,0.581662251927809,0.600036908991535
"Stk24",1.67461401582175,0.87100385509504,0.203542350439051,4.27922667305474,1.87543790580407e-05,3.14834728036572e-05
"Dock9",1.17363801827729,0.128534936038965,0.214923085966044,0.598050858339489,0.5498059984675,NA
"Ubac2",1.39378734409045,0.489944509349979,0.208315546758444,2.35193444259878,0.0186760661624191,0.0270652596801299
"Gpr18",1.39772900493515,0.219189679303761,0.209612052106121,1.04569215892601,0.295703184160603,0.336766798585872
"Gpr183",1.40679264193302,0.324938461842844,0.211674073721556,1.53508862058506,0.124762061098393,0.159348656455496
"Tm9sf2",1.42499593492951,0.482050408523483,0.208519071642441,2.31178090678478,0.020789760124516,0.0299166224259059
"Clybl",1.17738707208654,0.108331190706016,0.215411030584965,0.502904565341128,0.615031371213553,NA
"2610035F20Rik",1.59816276352091,-1.43192942924433,0.209235257752837,-6.84363354734325,7.72092781438593e-12,1.47495857972899e-11
"Pcca",1.19697843440577,0.0977050067466031,0.21424236536223,0.456048954563251,0.648354775540497,NA
"Sepp1",2.56304743433698,1.8691881580708,0.220035613419551,8.49493465635829,1.98044299471747e-17,4.10968492642623e-17
"Ghr",1.17373234547375,0.13852949347932,0.214690725913986,0.645251409391669,0.518764275740473,NA
"Fbxo4",1.28338958754972,0.324868759986295,0.211022433443337,1.53949869066185,0.123682597294418,0.158746132980675
"AW549877",1.2960061924945,-0.486040827256257,0.202809206979912,-2.3965422206123,0.0165505866208711,0.0240786126424044
"Oxct1",1.31848211689725,0.321505417358353,0.209897779718615,1.53172376472661,0.125590615431376,0.160269652255661
"Card6",1.19675222918025,0.0571045736467195,0.212335557295102,0.268935520617285,0.787979302089251,NA
"Rpl37",17.2822036620277,4.39900901120615,0.214028165045402,20.5534117917284,7.17396830315527e-94,3.91307361990288e-93
"Prkaa1",1.18867563994682,0.148382699220326,0.214530230337156,0.691663356661333,0.489148763887751,NA
"Ttc33",1.22481389111681,0.196995029414871,0.213546123059959,0.922494056984396,0.356270928847211,0.392000127749348
"Ptger4",1.20117267522238,0.15828240586648,0.214352007197085,0.738422783794822,0.460257573628163,NA
"5430437J10Rik",1.86103641652318,-1.80846561937917,0.215711575289509,-8.38372079454712,5.12803492451143e-17,1.05908377075963e-16
"Dab2",1.46088173431129,-0.356716671478079,0.194543009504113,-1.83361341220815,0.0667113998812074,0.0905377374757559
"Fyb",1.951033115854,1.08713869925419,0.206825625037949,5.25630563937481,1.46977951036745e-07,2.59988107221895e-07
"Rictor",1.18151400922008,0.0981505463168188,0.215667615874599,0.455100993808403,0.649036583096919,NA
"Osmr",17.0444830569253,-5.77770615719493,0.288200130518374,-20.0475487183257,2.12038433998763e-89,1.05313094716798e-88
"Lifr",2.34798150299778,-2.02530416618265,0.236551478459117,-8.56179035267657,1.11128140370322e-17,2.31019073171278e-17
"Egflam",1.71249208686872,-1.59117207503089,0.216281741546692,-7.35694129172425,1.8817205627258e-13,3.68300762558256e-13
"Wdr70",22.2887933963464,-6.15176372224381,0.283262704065123,-21.7175209936198,1.40139871523701e-104,9.4390984432738e-104
"Nup155",1.19629149523545,-0.0324039468299765,0.210401722486641,-0.154009893298444,0.877601934931761,NA
"2410089E03Rik",1.46507074511995,-0.922529075694106,0.208820501420244,-4.41780892881561,9.97065018175692e-06,1.68736566538405e-05
"Nipbl",1.41630821910399,0.367827174423457,0.210755444954066,1.74527957986388,0.0809362146630408,0.107598889734133
"Il7r",1.92866063853571,-0.94918554302394,0.204242163193391,-4.64735355414926,3.3622062554754e-06,5.77801371311328e-06
"Dnajc21",1.21660917001148,0.196977960678598,0.213529484146748,0.922486004523971,0.356275127200635,0.392000127749348
"Brix1",1.37027861966987,0.342301564772298,0.21115854855843,1.62106420558947,0.105003869605836,0.136128200507256
"Rad1",1.32642038065973,-0.547397785689103,0.203153423723263,-2.69450435861112,0.00704934046453871,0.0105816124298755
"Rxfp3",1631.33219755923,-12.5501389852163,0.154164601653509,-81.4073973571656,0,0
"Adamts12",68.7675821870166,-7.96429245845764,0.238657706468069,-33.3711933141502,3.5898511111148e-244,1.22878838032913e-242
"Tars",202.10556116804,-9.39869176013599,0.160312912785371,-58.6271660644023,0,0
"Npr3",162.981361278592,-9.14683434912704,0.253524687822081,-36.0786731568568,4.89964658972975e-285,2.07936221125116e-283
"Sub1",3.16452706756519,1.82677554778099,0.209751888652438,8.70922097301342,3.05970291972919e-18,6.39121618286769e-18
"Zfr",1.58211856935587,-0.713016331342247,0.202647289541891,-3.51850909505925,0.000433978939673654,0.000695966225836091
"Mtmr12",1.21272399244353,0.196988802743374,0.213529117905742,0.922538362333937,0.356247829693159,0.392000127749348
"Golph3",1.31350622955656,0.360187142814715,0.207619588035608,1.73484181440983,0.0827688275583666,0.109909254605615
"Pdzd2",17.2492397986063,-5.77707448271937,0.288010217149573,-20.0585747960432,1.69883649745356e-89,8.46580097060388e-89
"6030458C11Rik",1.19717495941963,0.158283293236276,0.21436355335301,0.738387150056324,0.460279220925221,NA
"Drosha",3.96087513595679,-3.45111479360868,0.264286606272026,-13.0582281194246,5.70399672011906e-39,1.50378095348593e-38
"Acot10",6.25869447068249,-4.2629032027089,0.279034059673799,-15.2773579243064,1.08240938665167e-52,3.17158405743572e-52
"Basp1",57.399860839135,-7.5761965043286,0.276213618274057,-27.4287580448389,1.24538935971783e-165,2.13145326482855e-164
"Gm5468",35.6576648582645,-6.99956334645736,0.267862925781539,-26.1311389996763,1.61473856091463e-150,2.24173810850382e-149
"Myo10",15.576162880005,-5.66035135382228,0.289396642102854,-19.5591466186071,3.44799599497255e-85,1.56986821576596e-84
"Fam134b",177.709305872911,-8.94518089674868,0.157559023581842,-56.7735233019021,0,0
"Zfp622",1.36216360390906,0.359423150694359,0.210672308607816,1.7060768596952,0.0879937703345774,0.11614068557915
"March11",1.53919992685959,-1.30531421576515,0.193112282982058,-6.75935365481868,1.38608684551508e-11,2.63295972838018e-11
"Fam105b",1.30281767457375,0.298363619005249,0.211733410934617,1.40914755818761,0.158791540673268,0.197436157265757
"Fam105a",1.61678124064114,0.811254368439573,0.203050126313189,3.99534037811076,6.46013710655347e-05,0.000106681163227488
"Trio",1.17718335568146,0.148399857084641,0.214512502591761,0.691800502495934,0.489062621038027,NA
"Dnahc5",11.6436833422391,-5.30839458736369,0.246083401574864,-21.5715263743571,3.3253880041184e-103,2.18208992853527e-102
"Dap",1.47896786386895,0.651820198774978,0.206065984904911,3.16316251357913,0.00156065184405635,0.0024376429162101
"Ankrd33b",1.208910893944,0.197003265349332,0.213543193136754,0.922545282083378,0.356244222079558,0.392000127749348
"Ropn1l",1.88219376733866,-1.87100078602744,0.229674631768591,-8.14631015894072,3.75197040895313e-16,7.65199669261002e-16
"March6",1.33704538962652,-0.0777254752107465,0.198897674215641,-0.390781217112062,0.695958959792083,0.709621207171535
"Cmbl",952.872892641529,-11.6710125636168,0.157713836813735,-74.0011960865593,0,0
"Cct5",1.93076079390637,0.952413566744127,0.203355803309755,4.68348358513965,2.82040050180193e-06,4.85570271088591e-06
"Fam173b",12.2846407983078,-5.29353095289987,0.272719429526542,-19.4101716995,6.33151569326792e-84,2.80445582680174e-83
"0610007N19Rik",1.32950375508725,-0.0371012126954421,0.20090661463815,-0.184668945630608,0.853488704996149,0.861076737549265
"Pgcp",1.78426617487318,-1.43949220351247,0.223155991171584,-6.45060971007336,1.11401052989057e-10,2.08614707301481e-10
"Tspyl5",24.984134877188,-6.47085784963289,0.292932820565808,-22.0899038801259,3.95235803084856e-108,2.86347105080215e-107
"Mtdh",14.9299047609548,-4.82330629420556,0.268074014187178,-17.9924425305833,2.2329507355544e-72,8.11699362088717e-72
"Laptm4b",2489.83001166209,-13.0086765123607,0.14939056755483,-87.078299020359,0,0
"Gm12191",1.18908122120373,0.0870412862639226,0.211597845624045,0.411352421888892,0.680814135751331,NA
"Rpl30",1.29890853798416,0.401486058345716,0.209623217047744,1.91527476774804,0.0554574717046781,0.0762211338309942
"BC030476",286.751426541974,-10.0382676972271,0.238585824456728,-42.074032353283,0,0
"Hrsp12",1.1815810468694,0.0981566815028491,0.21566801001249,0.455128609463983,0.649016716758771,NA
"Pop1",62.5045496766648,-7.80311724116476,0.283593805358683,-27.5151187851073,1.15766037431855e-166,2.00430751374555e-165
"Nipal2",21.8243993153385,-6.21443106825092,0.308826710399597,-20.122712378764,4.66826085403287e-90,2.36815565190005e-89
"4930413F20Rik",495.657174707854,-10.8297133064522,0.174778045971553,-61.962663824579,0,0
"Kcns2",33.6898535603063,-6.91551495340502,0.315084079226458,-21.9481573628945,9.01833179942895e-107,6.36157999905664e-106
"Vps13b",1.20109783832045,0.158250911440227,0.214365872775504,0.738228102222017,0.460375848540531,NA
"Mir599",1685.72605891042,-12.5974738123752,0.160649912150478,-78.4156906390049,0,0
"Mir875",8.66112263100762,-4.84123710478779,0.280534580257126,-17.257184837429,9.8812294590366e-67,3.3064113959084e-66
"Cox6c",3.45960416525076,1.89151974482234,0.19672792369479,9.61490219231359,6.91750621200247e-22,1.51751974896629e-21
"Rgs22",229.893933347789,-9.71838181907564,0.190851951622587,-50.9210502510026,0,0
"Polr2k",1.52266620523388,0.637822271766346,0.206086477879031,3.09492538438517,0.00196862414864312,0.00305657883876177
"Rnf19a",1.21264280313416,0.196963899778235,0.213557330387123,0.922299878075793,0.356372177612137,0.392000127749348
"Ankrd46",2.0921565956699,-2.00558899029115,0.225202444235673,-8.90571590862621,5.3042608448716e-19,1.12075456831531e-18
"Snx31",35.7467241703905,-7.00323412271294,0.266922662417571,-26.2369409149574,1.00743507577112e-151,1.4193822120176e-150
"Pabpc1",4.01419119223914,2.09719147074141,0.208864007444209,10.0409424122613,1.00707352834034e-23,2.25764389861996e-23
"Ywhaz",2.30386710589541,0.183527501739286,0.191704832711499,0.95734415843069,0.338393573785022,0.375313811783239
"Zfp706",2.00674278541388,1.15729266002079,0.201032929424066,5.75673181173,8.57579905838312e-09,1.55274613544086e-08
"Ncald",1.20076041242436,0.177757130091931,0.21390423424594,0.831012675922779,0.405966468518163,NA
"Rrm2b",1.18926824940407,0.108334595890365,0.215468257101726,0.502786801859257,0.615114173856309,NA
"Ubr5",2.31342559768376,-2.13281799616345,0.229463893671413,-9.29478691413472,1.47501355103964e-20,3.1816408001764e-20
"Klf10",1.49177001407305,0.178597926066498,0.194718877302751,0.917209099294531,0.35903307955703,0.393564190526606
"Azin1",3.25169526825886,-2.65206037686876,0.24708062702844,-10.7335828339285,7.07968526623847e-27,1.65129388247385e-26
"Atp6v1c1",1.35276830626073,0.442175831879445,0.209366875199007,2.11196652507303,0.034689320607441,0.0487293470319812
"Baalc",149.376468409759,-9.09342059208588,0.166616163684709,-54.5770613785921,0,0
"Slc25a32",1.22663601548683,-0.212812600267872,0.203915548922078,-1.04363105899881,0.296656117344088,0.337778368968512
"Dcaf13",10.6082750752002,-4.96536963386348,0.278066766759883,-17.8567532241319,2.561104746499e-71,9.15996353321327e-71
"Rims2",1.30835846667085,-0.689290233935312,0.191118526487536,-3.60661128255541,0.000310221850111939,0.000500419671688603
"AU022793",172.20145072174,-9.25786888025742,0.220258624492272,-42.0318110203318,0,0
"Oxr1",1.23668795200827,0.23472562485201,0.212751074668178,1.10328761073524,0.269902285127965,0.313589896068377
"Rspo2",2.03501407784272,-2.10264664832087,0.232517653289785,-9.04295488351742,1.52492818284477e-19,3.24704267364867e-19
"Eif3e",2.58969040339523,1.21960191655471,0.193050891131818,6.31751508322202,2.65802505457921e-10,4.94032073523357e-10
"Ttc35",1.39324202953392,0.489866157419912,0.208305644611313,2.3516701063669,0.0186893419725199,0.027073224669503
"Trhr",28.9222527796754,-6.68905500209743,0.298868701507441,-22.3812495867216,5.99411073445712e-111,4.56111633146737e-110
"Nudcd1",14.529393503715,-5.58516792894726,0.290449341885793,-19.2294046620474,2.10025235233236e-82,9.02702122616298e-82
"Eny2",23.4771812262421,-5.86438910856341,0.295938933021259,-19.8162135974929,2.15743501038834e-87,1.02988667162571e-86
"Ebag9",1.49842995273838,-0.782832976463438,0.201068995790751,-3.89335498187954,9.88673144366033e-05,0.000162266115817975
"Sybu",2.9253790082532,-2.92082264618957,0.247277022341342,-11.8119452366976,3.38634759944757e-32,8.3676849557947e-32
"Kcnv1",16.6023246750729,-5.85480317210284,0.300146075283033,-19.5065125092236,9.6655400243425e-85,4.35888716432551e-84
"Csmd3",15.816361645197,-5.78085031948568,0.288100063706088,-20.0654253425753,1.48018657765394e-89,7.37972677684199e-89
"Trps1",1.96608974121764,-1.44489266613142,0.217651906032652,-6.63854818673014,3.16787788359772e-11,5.98383302058264e-11
"Mir1907",2.46459922702936,-2.55313992605825,0.240735490187696,-10.6055817697159,2.80711463285531e-26,6.50816717011091e-26
"Eif3h",3.21465699779627,1.51998850569468,0.19087657584308,7.96320082221232,1.67645043431825e-15,3.38598230494922e-15
"Utp23",1.20884688770604,0.0976969228501236,0.214311670759401,0.455863754428027,0.648487955008218,0.663551332969302
"Rad21",1.41870083571687,0.323748778443013,0.201024026874865,1.61049792642221,0.107289197776127,0.138866752390624
"Aard",1.18138755938185,0.127679737268039,0.213510560906054,0.598001975762774,0.549838614758195,NA
"Med30",1.37755405107085,0.434236510935271,0.209289890269468,2.07480882318862,0.038004256530495,0.0532162715524194
"Ext1",1.18887249506751,0.158233094390923,0.214318306872527,0.738308811318847,0.460326813273083,NA
"Taf2",28.8219522675373,-6.59734645511072,0.28733607214451,-22.9603836576172,1.16045518071015e-116,9.84171574867101e-116
"Dscc1",1.27789708526063,-0.572193796203558,0.198791451409383,-2.8783621838205,0.00399745901646856,0.00609960130545627
"Gm9920",2.80527553388273,-2.81823015268526,0.246131887472207,-11.4500814243481,2.34924741100703e-30,5.69712960996827e-30
"Deptor",38.5856953152204,-7.06335583820774,0.262471513222748,-26.9109426447105,1.63544072511887e-159,2.57138571840978e-158
"Mrpl13",1.3958689839986,-0.339254542128095,0.199743393164751,-1.69845188245237,0.0894225069784643,0.117756177201711
"Zhx2",1.85021715247956,-1.79859609644809,0.202528179201494,-8.88072022144967,6.64288406899959e-19,1.40047878999103e-18
"Derl1",888.114242767933,-11.001974339074,0.151026044219263,-72.8481924819609,0,0
"Fam83a",42.6809998207824,-7.2648371865059,0.25534460946965,-28.4511084905804,4.72160750977622e-178,9.4071722141343e-177
"9130401M01Rik",33.6370367955945,-6.62739856435404,0.276232006388135,-23.9921457727163,3.35861868523831e-127,3.38129017105959e-126
"Zhx1",5.41108479024598,-3.87850760314875,0.263680043306796,-14.7091435305782,5.63156551601199e-49,1.60156752893395e-48
"Atad2",30.3025184460403,-6.49880734143693,0.265146727471065,-24.5102302541001,1.14912302563576e-132,1.25885040793676e-131
"Wdyhv1",194.097681823084,-9.35054617606211,0.235756872689489,-39.661817996617,0,0
"Fbxo32",1.4785967151998,-0.933356976172724,0.20462122954585,-4.56138875836236,5.08163961264595e-06,8.68428835423535e-06
"D15Ertd621e",1.20825038612067,0.177699379011115,0.213972958858094,0.830475869284794,0.4062697855511,0.436795720715753
"Tmem65",1.17747802705517,0.128534818430895,0.21493756630872,0.598010020483239,0.549833246953081,NA
"Rnf139",1.20918209824058,0.158274122544562,0.214423161109307,0.738139115782729,0.460429916140638,0.485759357622077
"Tatdn1",1.21252944586146,-0.125644339198142,0.206833469975052,-0.607466186267132,0.543541576192626,0.563904805271888
"Ndufb9",1.97792965977849,1.08730918105749,0.201788533090904,5.38835960796477,7.11036733217845e-08,1.26871021958542e-07
"Mtss1",1.33570802671567,-0.118172799733888,0.201287867718546,-0.587083568787787,0.557147582368329,0.575675055416207
"E430025E21Rik",1.2200198659767,0.15571137121104,0.211601128453545,0.735872121046957,0.461808525055641,0.486046463245548
"Nsmce2",1.24764667380556,0.206438019881763,0.213467186614954,0.967071441542583,0.333508320864659,0.371194373059014
"Trib1",1.27789981377409,0.0671313698354288,0.202035007944016,0.332275928407571,0.739680914650394,0.752217879305486
"4933412E24Rik",9.08211581516328,-4.91698159976461,0.278743598466394,-17.6398009741465,1.21889505845807e-69,4.23892885086684e-69
"Fam84b",1.23372237402745,-0.305485638922549,0.201081651143066,-1.51921190812781,0.12870916485681,0.164128946024808
"Myc",1.23174137302884,0.138490448182471,0.215105350598302,0.643826142851718,0.519688179215294,0.540189398685829
"Pvt1",99.4377613811375,-8.50195033320857,0.231033218889532,-36.7996878287609,1.86760635791919e-296,8.58934377827151e-295
"Gsdmcl-ps",19.3099837726056,-6.08382346969431,0.290334542232765,-20.9545286031341,1.70609782676877e-97,1.00403953277711e-96
"Fam49b",2.32161678568477,1.37906016304996,0.202100022282679,6.8236517120273,8.87549142535841e-12,1.69180446377107e-11
"Asap1",1.31019107778803,0.315979844836091,0.211401140478208,1.49469318907796,0.134994532634689,0.17090928470252
"Efr3a",2.69308292246547,-2.12245465464778,0.232680935320017,-9.12173853748985,7.39287075044593e-20,1.58029423903881e-19
"Tmem71",1.39609297696691,-0.0421983298191326,0.196834873194859,-0.214384418442752,0.830247291487686,0.838763472337086
"Phf20l1",1.35032601939961,0.342233613645177,0.210924410709276,1.62254151852006,0.104687450802523,0.135948916404084
"Sla",1.43876629801681,0.479285983827903,0.206108611835875,2.32540493848729,0.0200503176656127,0.028912336523342
"Wisp1",1.61663557663661,-1.31784634699004,0.206011321416628,-6.39696079772667,1.58499998920605e-10,2.95964941643912e-10
"Ndrg1",9.37554682383919,-4.85677450483793,0.280048186639956,-17.3426386476911,2.24204069724738e-67,7.56036979304349e-67
"St3gal1",1.26016914084135,0.271480245701653,0.21207788905297,1.28009688758193,0.200511063157146,0.242915550177492
"1700012I11Rik",94.0297356987096,-8.42058523192455,0.328310346181973,-25.648248158641,4.42265700234995e-145,5.78603246923978e-144
"Gm19782",36.7145344790197,-7.04274723990984,0.28329053425003,-24.8605102833897,1.99053489703713e-136,2.30902048056307e-135
"Fam135b",25.2020814999036,-6.48385912426547,0.282716949848162,-22.934101148685,2.12349743832187e-116,1.79654078250246e-115
"Trappc9",35.2660591066912,-6.86942073052993,0.272667332143461,-25.1934130741986,4.73006317685551e-140,5.7891980734316e-139
"Peg13",1.21659481781656,0.126845631049431,0.212180367716494,0.597819828547549,0.549960158614876,0.569195319323794
"Chrac1",1.43225329050029,0.54340419268782,0.207543067820615,2.61827194901782,0.00883763419339092,0.0131391266830641
"Eif2c2",6.84711873560471,-4.34047263158294,0.269644206792454,-16.0970364734141,2.67619093773496e-58,8.20541362406843e-58
"Ptk2",15.1000454038648,-5.61317400958678,0.289768627469412,-19.3712275155781,1.35000376914513e-83,5.93933390218087e-83
"Dennd3",3.03383704737645,-2.86271984031981,0.247381720001142,-11.5720750923172,5.70850789411296e-31,1.39473022266649e-30
"Slc45a4",10.2345509147926,-5.05105595434772,0.282728109297301,-17.8654183586547,2.19281882381005e-71,7.85891813270748e-71
"Ptp4a3",1.84091330858782,0.772327378863518,0.20704925098086,3.73016263137756,0.000191356214255189,0.000310983635869267
"Bai1",113.813686616283,-8.69852496029858,0.181434945264704,-47.9429414637179,0,0
"1700016M24Rik",4.33789180290525,-3.67451701382901,0.256317998789357,-14.3357744332607,1.30779495908386e-46,3.64966035093171e-46
"Jrk",8.87841608378466,-4.87802614224495,0.279072505628503,-17.4794221711633,2.05571619124545e-68,7.0297009618744e-68
"4933427E11Rik",6.53683852037845,-4.38230228520285,0.264464344941606,-16.5704843356879,1.13904633553543e-61,3.6100922109866e-61
"Psca",2.56498579670106,-2.64265285931798,0.240214775567148,-11.0012086187399,3.77044122377167e-28,8.936074092208e-28
"4930572J05Rik",14.0094563112209,-5.27123079881695,0.283510271455087,-18.5927330666466,3.67942472520314e-77,1.44573557136322e-76
"2300005B03Rik",2.8584033184653,-2.87157038583026,0.24783806245494,-11.5864785149874,4.82567421458462e-31,1.18013677208394e-30
"Lynx1",2.90187370806774,-2.83026964153232,0.255504839453681,-11.0771664739658,1.61915887639916e-28,3.85408542398705e-28
"Ly6d",5.53957622759552,-0.988493265301115,0.274799893729126,-3.59713845550278,0.000321737244673149,0.000518594539815915
"Ly6k",1.45166412359652,-0.971443763282181,0.202975284238971,-4.78601996752698,1.70121139350173e-06,2.94342839710939e-06
"Gml",3.2064460457735,-3.10538975042136,0.254119099032345,-12.2202139164128,2.42445903716086e-34,6.10942610377972e-34
"Hemt1",1.59798873305163,-1.42452406116013,0.204875866127658,-6.95310818245676,3.57324455313716e-12,6.85999873754173e-12
"Cyp11b1",4.00363786838028,-3.5282415460744,0.262631784374229,-13.4341757395477,3.81290183411575e-41,1.0225197828967e-40
"Ly6e",10.5256046965648,-0.490344258027387,0.245672346692435,-1.99592776569707,0.0459417859509706,0.0638658116282467
"Ly6i",15.0598077784968,-5.62009018842161,0.285954711198677,-19.6537772182982,5.36665771836411e-86,2.48791769892191e-85
"Ly6a",14.2434082872586,-3.40943613066991,0.265478185914768,-12.8426225262987,9.46141715692575e-38,2.46204374671747e-37
"Ly6c1",2.31302998002223,-0.352321713311489,0.21560456542523,-1.63411063497944,0.10223562217554,0.13330084869647
"Ly6c2",12.6253888475254,-3.40835267338147,0.295762127062066,-11.5239659223381,9.9904447791188e-31,2.4329424654537e-30
"Ly6f",33.5166537185809,-6.90790961990735,0.270813533837891,-25.5079926103044,1.6072273596323e-143,2.06135794036378e-142
"9030619P08Rik",14.0082438819747,-5.59483124419076,0.292524269040634,-19.1260412769841,1.53281763517561e-81,6.5024852138291e-81
"Ly6h",34.1215495672146,-6.93438601422413,0.268687386474488,-25.8083794152449,7.14061087697074e-147,9.4844755159764e-146
"Gpihbp1",30.2329056661362,-5.81890257040235,0.288410865653483,-20.1757397635413,1.59952530916201e-90,8.18179530997126e-90
"Zfp41",56.4775807877047,-7.67620204432493,0.283409903722237,-27.0851580820132,1.47280689784415e-161,2.37652303145177e-160
"Top1mt",69.3755019942373,-7.93494517929654,0.242638452832946,-32.7027521262661,1.42722212894382e-234,4.64180655020981e-233
"Rhpn1",28.6900559512025,-6.67707637463228,0.280068436655979,-23.8408742318723,1.25929242731142e-125,1.24028423972936e-124
"Mafa",52.7870260755505,-7.57715221865917,0.265180343943748,-28.5735816839671,1.43111163169545e-179,2.89550492924428e-178
"Zc3h3",27.8683771329769,-6.61235562414758,0.29122635775124,-22.7052100476281,3.97928730123425e-114,3.23549528231196e-113
"Gsdmd",1.33798033938571,0.417934964802155,0.209441830605036,1.99547035849918,0.0459916038988419,0.063926553681788
"Naprt1",64.2539394052622,-7.85444072624031,0.245721736341304,-31.9647778954752,3.36741566790523e-224,1.01313601074728e-222
"Eef1d",27.7073363453906,-5.06212134267737,0.278439789548012,-18.1803087514707,7.39164534778134e-74,2.74426662271825e-73
"Tigd5",22.8812852815554,-6.32817886404499,0.271666408614019,-23.2939320556043,5.10774013453405e-120,4.60490561351775e-119
"Pycrl",47.9821173009498,-7.33246544534841,0.247225685321147,-29.6589953257628,2.59667211686464e-193,5.97120196036715e-192
"Tsta3",41.2801967785483,-7.00354773910983,0.277307112254891,-25.2555647857759,9.83868664923934e-141,1.21701289831823e-139
"Zfp623",27.8875250167664,-6.5505288908916,0.297547866217802,-22.0150424002593,2.06677399048241e-107,1.47586323260166e-106
"Zfp707",28.9284377084145,-6.6253562165673,0.284406624767872,-23.2953652959906,4.93972138351676e-120,4.45727668486733e-119
"2410075B13Rik",20.9369515663596,-6.1730212271961,0.300734633557868,-20.5264726385705,1.24920571545232e-93,6.77491307497256e-93
"Fam83h",26.9738666893171,-6.57456876413713,0.287272274117741,-22.8861931919072,6.37718027352743e-116,5.35191013308894e-115
"Scrib",19.8458465973791,-5.99787778347178,0.29132967809223,-20.5879394874866,3.52024391215686e-94,1.93326388442491e-93
"Puf60",34.3705207453343,-6.37496900120445,0.261589495985009,-24.3701260908801,3.54769535999047e-131,3.81834428436088e-130
"Nrbp2",8.68004567231991,-4.84470008177231,0.26666044133851,-18.1680494394076,9.24260534832569e-74,3.42659090328552e-73
"BC024139",3.45763459595581,-3.25038840738576,0.2590867217447,-12.5455615227887,4.2042351611386e-36,1.07631719181675e-35
"Plec",26.2291133066782,-6.15827629840904,0.271794341140694,-22.6578532597969,1.16733337950682e-113,9.44725618763659e-113
"Mir1942",32.1575732127469,-6.84656836345698,0.272736191943942,-25.1032630273881,4.58161156565968e-139,5.52971384340891e-138
"Parp10",24.6385043254665,-6.30381437745806,0.239534860054552,-26.3168975739999,1.22868426412791e-152,1.75478299828939e-151
"Grina",54.7781394280002,-7.12465469531521,0.278702426800136,-25.5636622081675,3.87038112457811e-144,5.00083897779646e-143
"Gm10872",28.9523933297734,-6.65824888950114,0.250575185051979,-26.5718606099002,1.43583393365604e-155,2.13534277312949e-154
"Spatc1",142.917276376762,-9.02923335442487,0.232452191257142,-38.8433996065738,0,0
"Oplah",10.2962305256812,-5.09357428312738,0.253991199195389,-20.0541369120787,1.85738868316142e-89,9.23387516771675e-89
"Exosc4",18.8223994859521,-5.85520636787656,0.28460285496887,-20.5732523959291,4.76601098994527e-94,2.607817334121e-93
"Gpaa1",2.09319265717604,-1.89887949276791,0.222996994485671,-8.51526944184858,1.66203405145183e-17,3.45100149108136e-17
"Cyc1",1.61995695605815,0.672194712001371,0.20484799756361,3.28143169567786,0.00103281536165116,0.00162805260088149
"Sharpin",1.3149196468588,0.359419144717948,0.210506099228054,1.70740489722613,0.0877468207596469,0.116060506021613
"Maf1",21.8452769570161,-5.6796381153825,0.269797843215286,-21.0514585576224,2.21749969981458e-98,1.32973560402437e-97
"Fam203a",1.18924904924751,0.118451897003338,0.21523064054557,0.550348671095734,0.582080247291378,NA
"Heatr7a",1.19314853429099,0.158261042028038,0.214308335298965,0.738473572701967,0.460226720635308,NA
"Bop1",20.2288328527591,-6.04632160058982,0.290966346771782,-20.7801406165099,6.54666164644933e-96,3.71451889070277e-95
"Scx",3.04694558684718,-3.00090653048646,0.242727450846834,-12.3632762590998,4.12975405567415e-35,1.04697990143852e-34
"Hsf1",1.2278420566129,0.1652536416728,0.211357357351682,0.781868413493793,0.434291909823179,0.461703979134157
"Dgat1",26.2884540985537,-6.400964803118,0.275950874153172,-23.1960301729829,4.99329335954309e-119,4.41032002314974e-118
"Fbxl6",1.26017976695698,0.148400116727352,0.214799818434646,0.690876360179531,0.489643243243922,0.512050895553324
"Slc52a2",1.20100871446027,0.148416434726008,0.214605096915862,0.691579262836411,0.489201588211834,NA
"Adck5",1.8736204905377,-1.78930115496121,0.228276121878327,-7.83831940125093,4.56616346510571e-15,9.15688562729613e-15
"Cpsf1",11.1055326465279,-5.08434460066691,0.266568822243635,-19.0732905591637,4.20963375515963e-81,1.77355029878396e-80
"Slc39a4",2.049025068485,-2.04115331813196,0.228469961136143,-8.9340117535874,4.10833674729655e-19,8.68943185611344e-19
"Vps28",2.08826655260369,-0.346319904246451,0.189314692949328,-1.82933452681957,0.067349509333724,0.0909845855905899
"Tonsl",2.02737968839345,-2.07036888839727,0.223634244576014,-9.25783478430356,2.08619638265636e-20,4.4916251257852e-20
"Cyhr1",1.18526508431367,0.148414922937481,0.214518517838075,0.691851334948667,0.48903069467549,NA
"Kifc2",14.2860942010072,-5.62502587616775,0.286273702464747,-19.6491184056993,5.88256910224422e-86,2.72587756002795e-85
"Foxh1",46.6035662966675,-7.39419615058553,0.28298121257585,-26.1296362513946,1.6795028034049e-150,2.32855368758927e-149
"Lrrc24",5.49836265983722,-4.08817395251494,0.261811807600859,-15.6149334515405,5.76051929933581e-55,1.71534003094883e-54
"C030006K11Rik",18.7331680457305,-5.97191986384431,0.295765937002313,-20.1913713403637,1.16583245995088e-90,5.97804070819608e-90
"Commd5",36.0364125435772,-6.95004280254874,0.28041309730369,-24.7850149275367,1.30063575065784e-135,1.48400406960304e-134
"Rpl8",15.226409301257,3.21442480781883,0.195511624731109,16.441093015516,9.71508487356676e-61,3.04764080769342e-60
"1110038F14Rik",1.47823600963924,-0.158857169680612,0.19470723258433,-0.815877086701483,0.41457043839923,0.444456292553703
"Rbfox2",1.1813243232767,0.0371692280388906,0.211339224024844,0.175874725623679,0.860392361853794,NA
"Apol7a",65.3966771294606,-7.89081549720109,0.276334315451788,-28.5553225060019,2.41247355221913e-179,4.84350459330148e-178
"Apol7b",27.1448482932647,-6.59462894118755,0.278981035669022,-23.6382696242167,1.5583552907151e-123,1.48441872582716e-122
"Apol7c",23.6035380234195,-6.38581823768983,0.303148985856709,-21.0649500266125,1.66801846145784e-98,1.00485359132255e-97
"Apol11b",109.272887906383,-8.63925754562739,0.258925030829671,-33.365864698151,4.2891055309492e-244,1.46334188702973e-242
"Myh9",11.1120254270162,-4.51064740621675,0.274173473289789,-16.4518009422786,8.14110661399979e-61,2.5569540628808e-60
"Txn2",6.70568502760608,-3.51497422912353,0.257119222703103,-13.6706007126596,1.52134060194593e-42,4.11151847898408e-42
"Eif3d",1.52697186548704,0.474390863701213,0.204966656123815,2.31447823110626,0.0206415040023213,0.0297360703441747
"Ift27",1.36320280561948,-0.347950412453975,0.196076286483531,-1.77456651538125,0.0759694902016857,0.101604083743992
"Pvalb",78.7380753027069,-8.1620098986867,0.232984864677619,-35.0323610504935,7.23805754173389e-269,2.70843443497139e-267
"Ncf4",42.2155204067848,-6.68977945864247,0.293209131081169,-22.8157268976407,3.2009109948494e-115,2.64588367270212e-114
"Csf2rb2",113.33393107702,-8.62986652557029,0.229558262682944,-37.5933605033834,0,0
"Csf2rb",1.30938665382021,0.409604237741026,0.20973326247955,1.95297699992134,0.0508223206160875,0.0701460903268051
"Mpst",1.30300664837471,0.307234204529038,0.211599820241886,1.45195872178827,0.146513083117305,0.183757398816033
"Il2rb",1.32578564921441,0.307337752393985,0.212658583264268,1.44521677741105,0.148397005279415,0.18562961120502
"C1qtnf6",1.18890410219404,0.0771328820511294,0.211816159288105,0.36415013052057,0.715745904107215,NA
"Rac2",4.82843074863325,1.32404508771001,0.202831949148833,6.52779354172878,6.67456110730994e-11,1.2557653263708e-10
"Cyth4",1.43159888418307,0.522556500638863,0.206613815216456,2.529145982283,0.0114340458549419,0.0168342178431241
"Mfng",1.40657828074723,-0.415482947199744,0.196979253236681,-2.10927262832354,0.0349210560120321,0.0490350806678702
"Cdc42ep1",1.2791156726149,0.384779606633832,0.210124215481944,1.8312006817077,0.0670705950186795,0.0907998862096847
"Lgals2",26.2050685978567,-6.5421752208648,0.233828085041014,-27.9785690402301,2.96231079131948e-172,5.58240517353346e-171
"Gga1",1.26758234032534,0.298402618704377,0.211525751330374,1.41071532344217,0.158328570841298,0.197436157265757
"Sh3bp1",178.318225103239,-9.3079536335777,0.278848210947382,-33.3800012628881,2.67480571085542e-244,9.21616225126422e-243
"Lgals1",3.93586821345479,1.55709781871857,0.240073278093581,6.48592725972448,8.81877083762956e-11,1.65470825925328e-10
"Nol12",1.322605794844,0.342249170969179,0.210915994247208,1.62268002571697,0.104657823447899,0.135948916404084
"Triobp",1.31857439044317,0.367937024416568,0.21035751810226,1.74910327777163,0.0802731687585066,0.107069142974425
"H1f0",1.36467642062986,0.535781409722197,0.208422412542849,2.57065160692374,0.0101507386098082,0.0150061896185779
"Ankrd54",1.18125010236911,0.128504510221244,0.214951949120497,0.59782900665491,0.54995403389731,NA
"Eif3l",1.63335311938579,0.0192201491576045,0.192579930170361,0.0998034901175937,0.920500337174676,0.925375399143343
"Polr2f",1.60070372281525,0.706522129188102,0.205175403884661,3.44350305061553,0.000574230115665023,0.000915540990767081
"Sox10",15.0088260353329,-5.70060796240473,0.287824888838315,-19.8058200783568,2.65209049958979e-87,1.26486180062665e-86
"Pick1",11.0073145478657,-5.16492695765402,0.282089001829357,-18.3095651519886,6.94219476751945e-75,2.631681676576e-74
"Tmem184b",1.53230856893173,-0.737188486377499,0.197692391340669,-3.72896741942463,0.000192266006135594,0.000312413557051456
"Mir1943",1.56249592505367,-1.35388363135078,0.198271785368567,-6.82842305996311,8.58530932259745e-12,1.63708912014461e-11
"Csnk1e",1.27093948937085,0.304087668165102,0.20998563056283,1.44813560504139,0.147579129593082,0.184717193735976
"Kcnj4",3.94974202601644,-3.50195207834356,0.25250052233746,-13.8690884514817,9.75080723936515e-44,2.66488030311445e-43
"Ddx17",13.5360935227634,-4.94915699239516,0.260427274307434,-19.0039887548517,1.58062903013874e-80,6.59279547528905e-80
"Dmc1",17.7738169032579,-5.95843783730338,0.285545905661116,-20.8668298833001,1.07212054423682e-96,6.19421055995153e-96
"Cby1",6.96086762513759,-4.32920334422588,0.274229091386229,-15.786812851772,3.83471799020208e-56,1.15207067101323e-55
"Tomm22",1.91563183896077,1.0025881938737,0.201897385218725,4.96583050239878,6.84076833372286e-07,1.19487404055658e-06
"Josd1",9.92957709228898,-4.96799752578938,0.275418100363535,-18.0380211730163,9.7990411745669e-73,3.57949579644781e-72
"Gtpbp1",1.19730985426815,0.118470310261722,0.215273759901794,0.55032397035183,0.582097186093524,NA
"Sun2",1.23683374378055,0.176251767746423,0.212593122678645,0.829056770631496,0.407072283858791,0.437135840720611
"Cbx6",6.55214617656995,-4.3011072702711,0.266568731797035,-16.135077963855,1.44624858178304e-58,4.43822316102731e-58
"D730005E14Rik",3.6614043937172,-3.24288886820563,0.258003973939524,-12.5691430976399,3.12088130526242e-36,8.00147368048617e-36
"Apobec3",2.05496880219268,0.534626596302682,0.193141352803043,2.76805867072843,0.00563913029514944,0.00851743638329864
"Cbx7",1.27243948076176,0.107801405099226,0.214304009774234,0.503030275601436,0.614942986390369,0.631413356901617
"Pdgfb",1.22024004619702,0.215948658932319,0.213188456364985,1.01294724214621,0.311085361421029,0.351037806053935
"Rpl3",15.5503937089479,-0.193283375602473,0.23443669665485,-0.824458706168491,0.409678969735909,0.439347554601222
"Tab1",1.38283497639144,-0.794258539721964,0.199661730558415,-3.97802091317438,6.9491260971171e-05,0.000114647402740048
"Atf4",1.58188810303374,0.62412822807318,0.204925035661016,3.0456416711602,0.00232184364712995,0.00358899136453016
"Rps19bp1",1.25539931140881,0.280437347652335,0.211864139245531,1.32366595239289,0.185614010874121,0.227031556315038
"Grap2",1.24518922833978,0.253283291808107,0.212482567328195,1.19201916182089,0.233253731892797,0.276695742225986
"Tnrc6b",1.47259523342543,0.318970512819925,0.202339075351141,1.5764157875407,0.114930012339613,0.148004111117004
"Adsl",1.2321290838424,0.167997564686758,0.214293509489039,0.78396011660517,0.433063513122697,0.461156984598221
"Mkl1",1.20477369959876,0.137487126313184,0.213344221535576,0.644438013477005,0.519291441087727,NA
"Mchr1",2.02703652773974,-2.09203696421121,0.204828439921317,-10.2136059085098,1.72338566427794e-24,3.89693444554077e-24
"Slc25a17",1.29865477651638,0.21523998399024,0.206481617438401,1.04241717330818,0.29721830787039,0.338381584969125
"St13",1.56767490158852,0.71303202522549,0.205943721879432,3.46226638383728,0.000535646708733889,0.000855069057978868
"Rbx1",2.503061347829,1.46413537113226,0.198899480204305,7.36118249091618,1.82288156903716e-13,3.56851370349672e-13
"Ep300",11.2408955604682,-5.12971525161108,0.279806796959417,-18.3330616245004,4.50801444333988e-75,1.71953492102551e-74
"L3mbtl2",22.080104380283,-6.2005589443138,0.28384214499278,-21.8450961342317,8.65428721178849e-106,5.9795339835256e-105
"Chadl",6.51923815440544,-4.37738360197863,0.270260078275945,-16.1969301196945,5.3008043769347e-59,1.63342378085001e-58
"Rangap1",15.293173859576,-5.52810116982051,0.291000309258323,-18.9968910476764,1.8095061455622e-80,7.52939185319626e-80
"Tob2",1.31071848845201,0.286478111229541,0.210489973316779,1.36100597437201,0.173511801444868,0.213414609694206
"Phf5a",23.2665010607339,-5.89024366827043,0.279860982697133,-21.0470341792693,2.43444640916185e-98,1.45899084452639e-97
"Aco2",2.35779229876109,-1.68180875114679,0.231230363606557,-7.27330409776299,3.50799392604723e-13,6.83528491749404e-13
"Polr3h",1.17728817615083,0.118470472829352,0.215184916896046,0.55055193708853,0.581940864184259,NA
"Pmm1",2.06508653615178,-1.94067801199529,0.23323342117833,-8.32075438498777,8.74052052574667e-17,1.79769571096917e-16
"1700029P11Rik",2.04474481761628,-2.11746032551975,0.230653389119545,-9.18026972680767,4.30012961200817e-20,9.22024094256835e-20
"Pppde2",1.27954339924722,0.307303259507389,0.21147248725031,1.45315952681659,0.146179466601513,0.183714983016129
"Xrcc6",1.19741700095893,0.118476211389088,0.215274443092684,0.550349635967142,0.582079585625053,NA
"Nhp2l1",13.2229586638135,-4.41333571587078,0.262137838228769,-16.8359354211934,1.33068753295879e-63,4.31574335013662e-63
"Srebf2",1.20469032373769,0.168014158439611,0.214140655498958,0.784597198734309,0.432689772994011,NA
"Tnfrsf13c",2.70148126330159,-2.24123222979846,0.242376925346938,-9.24688778269783,2.3112421647272e-20,4.97205196780382e-20
"Naga",1.30984948835902,0.343551594141118,0.208188003503251,1.65019880281312,0.098902281626384,0.129115895983425
"Fam109b",2.77263602432093,-2.76772857568678,0.236700361927629,-11.6929630066768,1.38469873822052e-31,3.40387445891741e-31
"1500032L24Rik",2.17354265168557,1.29655642324813,0.203580091061573,6.36877808869821,1.90540051409797e-10,3.55157674829188e-10
"Ndufa6",2.70659950694559,0.193747358438942,0.183596918690606,1.05528654740356,0.291294291776481,0.332362011600706
"Cyp2d10",15.1452416946581,-5.71443209313865,0.293947570360079,-19.4403106858091,3.52027515016411e-84,1.5665674581293e-83
"Cyp2d9",20.650591312741,-6.18506802433306,0.30113139926315,-20.5394324187632,9.56740733252583e-94,5.19686433671018e-93
"Cyp2d12",10.2079555827729,-5.10176870860402,0.255098907142291,-19.9991790076871,5.59864969568152e-89,2.76358878595343e-88
"Cyp2d34",3.38765754582968,-3.21312199712037,0.250829204649933,-12.8099995437323,1.441354113133e-37,3.74228722733364e-37
"Tcf20",2.54733304764021,-2.44052571934508,0.230301999870166,-10.5970669847459,3.07472239075438e-26,7.12543879233646e-26
"Tbrg3",2.62893768531987,-2.52834243291148,0.235083530292769,-10.7550810971858,5.60846651971383e-27,1.30931105692783e-26
"Gm20324",1.18137515047956,0.0981472466347314,0.215666662658086,0.455087705373974,0.649046142710243,NA
"Nfam1",1.36053481321496,0.492197504402185,0.206897515365527,2.37894352444309,0.017362335799591,0.0252104013557344
"Serhl",1.36004081420688,-0.622407998293068,0.197473135951821,-3.15186162053415,0.00162233137860116,0.00253057516697985
"Rrp7a",1.78095695123117,-1.23443943753857,0.211881432248093,-5.82608595968504,5.67423973917897e-09,1.0300654299605e-08
"Poldip3",1.27607020415026,0.307312437540986,0.211353318233002,1.4540222983497,0.145940124161067,0.183714983016129
"Rnu12",2.75705927389521,-2.79748277823121,0.245609552662627,-11.3899591766851,4.69209490679868e-30,1.13444814328342e-29
"Cyb5r3",4.6993024688569,-3.06721576494242,0.245474026968322,-12.4950725045067,7.94238489032427e-36,2.02883528884231e-35
"Arfgap3",36.1220530978318,-6.95489766392327,0.286496408539686,-24.2756888275612,3.54157504873081e-130,3.7499029927738e-129
"1700001L05Rik",24.6103238181575,-6.44835387463553,0.291120284234694,-22.1501359535532,1.04004684638936e-108,7.64116050408511e-108
"Pacsin2",1.42082911675565,-0.383454485424321,0.18916813633974,-2.0270564210436,0.0426566429229186,0.0594335182323862
"Bik",1.20836952895202,-0.000844831335046093,0.208298161774803,-0.00405587513517984,0.996763888721503,0.996954876245688
"Mcat",13.3086756157832,-5.37523406851329,0.274996555469144,-19.5465505353082,4.41374431812823e-85,2.00519976854912e-84
"Tspo",2.53955301553864,1.58648990953333,0.202551889424546,7.83251103724864,4.78221199459009e-15,9.58646183247323e-15
"Ttll12",43.7177274251098,-7.26767158409433,0.27358105641145,-26.564966446961,1.72490426066924e-155,2.55795461383337e-154
"Scube1",1.40169388416499,-0.920949445725792,0.196465394833671,-4.68759114807711,2.76439591342889e-06,4.76006817354405e-06
"Samm50",1.40586789053318,0.393126319261389,0.210094034819248,1.87119220019555,0.0613184454931887,0.0835287801342497
"Parvb",1.20041739632415,0.206461967523769,0.213335669540702,0.967779874637322,0.333154316916361,NA
"Parvg",1.25553494116953,0.234650872684213,0.212842987090092,1.10245996775496,0.270261753154389,0.313589896068377
"Prr5",1.2998616737847,0.177755725109853,0.214321895376334,0.829386679311168,0.40688563665966,0.436980356622452
"Gm20556",5.48162339881147,-4.08481801469193,0.263430294043701,-15.5062576592436,3.14693863358087e-54,9.33353390187053e-54
"Nup50",1.31501305113006,0.316115674879999,0.211352302560903,1.49568124430018,0.13473674016498,0.170882100887308
"5031439G07Rik",19.8870280426297,-5.97272879569824,0.292661278904034,-20.4083328620208,1.41013027227896e-92,7.46539555912392e-92
"Mir1249",9.03302154754182,-4.90825173833895,0.275920303782403,-17.7886573443675,8.6528483772544e-71,3.06326677038101e-70
"Fam118a",1.43023475028241,-0.886145295687571,0.211697928734663,-4.18589497301245,2.84044673634307e-05,4.74468222838747e-05
"Ribc2",17.5446689124221,-5.93866179160195,0.288170885280142,-20.608125577394,2.32044994565097e-94,1.27974101598501e-93
"Gm19277",12.9917547681776,-5.47862447543009,0.276363188820716,-19.8240022443228,1.84809838212984e-87,8.83027327662951e-87
"Fbln1",19.6905157881293,-5.65145374490278,0.278252756543409,-20.310504072297,1.038332907731e-91,5.40658132504322e-91
"Atxn10",2.69161324832,-2.12881257867634,0.233303532285621,-9.12464786889787,7.19698419455742e-20,1.53905192525972e-19
"7530416G11Rik",9.38800855885796,-4.97011785524048,0.284355372795608,-17.4785438600204,2.08762323388983e-68,7.13647235160767e-68
"AU022754",7.50739128780414,-4.60991849449064,0.277430239925786,-16.6164960810466,5.29375548429929e-62,1.68445008400136e-61
"Mirlet7b",8.93758938916193,-4.89121829516217,0.28269064158215,-17.3023707745939,4.51423734220723e-67,1.51636543927424e-66
"Ppara",5.03548142343949,-3.93770308889285,0.26274485975644,-14.9867940044309,8.9573814202445e-51,2.5868620201204e-50
"2210021J22Rik",32.1684559958551,-6.72117781086662,0.305989161795275,-21.9654113610844,6.16960283231031e-107,4.36682397080133e-106
"Pkdrej",22.8660340332606,-6.33816032188172,0.275000793284084,-23.0477892306813,1.54794263086273e-117,1.33447737953815e-116
"Ttc38",1.21828260082323,-0.130336576006991,0.204708446501539,-0.63669368916837,0.524324385064974,0.544238077160303
"Trmu",1.66279490549391,-1.45511495534868,0.20822516577925,-6.9881800785373,2.78474817662988e-12,5.3570611689729e-12
"Gramd4",1.62283958296728,-1.20015537163788,0.212089402911716,-5.65872389266639,1.52502672188312e-08,2.75052102464365e-08
"Cerk",28.6490540389423,-6.34260780717113,0.273692479499132,-23.1742129662399,8.28849000538557e-119,7.28996088089515e-118
"Tbc1d22a",1.20453983493062,0.147275464076229,0.213118704744839,0.691048982549692,0.489534759502044,NA
"B230214G05",29.5080215324701,-6.71896090088774,0.290510607432096,-23.1281086782975,2.41484374170074e-118,2.11147141234135e-117
"Zdhhc25",28.9810588378203,-6.69209454644301,0.271579635201741,-24.6413709977622,4.5537989581231e-134,5.09556925217633e-133
"Brd1",1.89251727108117,-1.61011560543285,0.21773965945874,-7.39468229827902,1.41746767393141e-13,2.7811243217147e-13
"Alg12",7.79164930911404,-4.64382791367516,0.259672628254017,-17.8833939676247,1.58865071913218e-71,5.70733431099104e-71
"Creld2",1.36100944855546,0.393069112445332,0.210017425879089,1.8716023720414,0.0612616350043257,0.0835167758481536
"Pim3",1.25994779342356,0.253204370191146,0.212573792155043,1.19113634669728,0.233600063145359,0.276695742225986
"Mlc1",42.8203461586195,-7.26958086027955,0.286626436680864,-25.3625623109346,6.5318199871518e-142,8.18633861534992e-141
"Trabd",1.60043991034364,-0.575666923544869,0.195878840862255,-2.93889284320243,0.00329386934004421,0.00504148891805623
"1300018J18Rik",1.26238253514621,-0.317088428314965,0.19987113873346,-1.58646431057673,0.112634021910722,0.145658266907957
"Tubgcp6",2.21229468345679,-2.28627843753982,0.222523472496018,-10.27432482468,9.19862498434814e-25,2.08995962647649e-24
"Hdac10",1.21260077966887,0.126841253558987,0.212179790731472,0.597800823168468,0.549972841356006,0.569195319323794
"Mapk12",5.57460622883127,-3.99451349114523,0.271184432477898,-14.7298775768435,4.14455970566376e-49,1.18092803840419e-48
"Mapk11",4.68912500047368,-3.71340483317993,0.261019988223893,-14.2265152122937,6.27307471133644e-46,1.74177925495618e-45
"Plxnb2",3.16372080207188,-2.84140964575909,0.245434352609342,-11.5770657837852,5.38580935232437e-31,1.31650315238273e-30
"Ppp6r2",1.53157156746956,-1.18840132623058,0.209744286437076,-5.66595327299705,1.46209368565356e-08,2.6376806770733e-08
"Sbf1",1.85775928188303,-1.67737074906201,0.223483555509668,-7.50556677531223,6.11633825422585e-14,1.20776567758876e-13
"Miox",1.50598750606859,-1.21637155962698,0.2098065298513,-5.79758675999777,6.7275978186522e-09,1.21980064652186e-08
"Lmf2",1.87452431772138,-1.74774833859755,0.21597425854166,-8.09239189151064,5.85043213236781e-16,1.19015026231333e-15
"Ncaph2",1.81803077559283,-1.0581315171699,0.200330809956195,-5.28192102553409,1.27836306309905e-07,2.26726566864138e-07
"Sco2",11.0796313221272,-5.14554965765696,0.288100288509446,-17.8602724914947,2.40462502961243e-71,8.60619996885627e-71
"Odf3b",3.43137543067379,-3.23762912018969,0.251028219526775,-12.8974707556509,4.65113453136734e-38,1.21576976733788e-37
"Klhdc7b",3.94774302624316,-3.48892621054922,0.257080065910824,-13.5713603393872,5.92127907485174e-42,1.59325137993433e-41
"Cpt1b",16.9918203664429,-5.88994465355976,0.29648871597857,-19.8656621184378,8.06811874649732e-88,3.89418214116653e-87
"Chkb",1.22829592700015,0.215937781801574,0.213176667649006,1.01295223432761,0.311082976781364,0.351037806053935
"Arsa",2.54267916783555,-2.54691288578091,0.232044542992671,-10.9759654458297,4.98702473971981e-28,1.18086954598945e-27
"Shank3",1.32344479726646,-0.726139146047244,0.198181606729473,-3.66400877473185,0.000248298272733011,0.000402263046632958
"Syt10",10.0778807191795,-5.08224307712798,0.28528420768807,-17.8146667083826,5.43808330936931e-71,1.93370537295012e-70
"Cpne8",1.38163891433488,-0.377589333684828,0.198095362047952,-1.90609880908483,0.05663738719783,0.0775773185968703
"Abcd2",1.28834523514671,-0.23370822439558,0.195989702976619,-1.19245154641344,0.233084238908808,0.276695742225986
"Slc2a13",1.59044342075449,-1.40927382600502,0.214917072405675,-6.55729119250651,5.47939545317151e-11,1.03183420871412e-10
"Lrrk2",39.0260882487325,-7.02681421167032,0.295556694668266,-23.7748436710501,6.08216096307294e-125,5.91226819874129e-124
"Muc19",14.723439866723,-5.67136531507101,0.295011403776624,-19.2242240214051,2.32084822102574e-82,9.9587568547097e-82
"Pdzrn4",3.0083164294871,-2.97919248948501,0.252514674084234,-11.7980964880133,3.99240403743336e-32,9.8605862670462e-32
"Gxylt1",1.22425611654756,0.187346979904192,0.213786659365047,0.876326803836208,0.380852397585432,0.414225210457603
"Yaf2",1.29472040292365,0.350830088177616,0.2105513298798,1.66624494073677,0.0956646382149116,0.125633284354681
"Zcrb1",1.48243226732334,0.494694736019313,0.206039532194074,2.40097000197684,0.0163516769100992,0.0237958610177636
"Pphln1",1.22856371876174,0.1873877976429,0.213802585363795,0.876452440105205,0.380784120771113,0.414225210457603
"Irak4",13.3613065040191,-5.34838621414028,0.292032389826397,-18.3143596411334,6.3570293476221e-75,2.4133595050609e-74
"Twf1",1.1929230884955,0.168020772452749,0.214110029396993,0.784740317517836,0.432605838970442,NA
"Ano6",1.28973263773123,0.333456957139021,0.210967187156971,1.58061052826623,0.113967117064236,0.147046970803584
"E330033B04Rik",1.23704007779601,0.128550613587443,0.215188107008767,0.597387166857718,0.550248919736614,0.569195319323794
"Arid2",1.23599529782593,0.206482188430901,0.213399051346291,0.967587189953504,0.333250577413478,0.371194373059014
"Scaf11",1.90219990707679,-0.340450876123811,0.198741930916202,-1.71302993059557,0.0867070333650193,0.114992559493242
"Slc38a1",1.35910286114658,0.280486246838844,0.212341033365695,1.32092343337046,0.186526895388934,0.227386827167267
"Slc38a2",1.46455046484646,0.573236418763505,0.207070368944779,2.76831698173279,0.00563466229440673,0.0085119193103178
"Amigo2",1.227960779328,0.182556296850601,0.210019728009889,0.869234040918312,0.384719131774414,0.417251998309254
"Fam113b",1.27556776441667,0.228058166050784,0.208772949469164,1.09237411566324,0.274668695443476,0.317486844600298
"Rpap3",1.19737775381143,0.107764742613427,0.214008740106327,0.503552997694794,0.614575529004291,NA
"Slc48a1",20.0773055300193,-5.6506875832777,0.265786945808721,-21.2602148916085,2.65199330398339e-100,1.65294388618427e-99
"Hdac7",1.44288503362674,-0.158227552133875,0.196842354265211,-0.803828793475467,0.421495858277597,0.451602705297425
"Tmem106c",1.18533527191913,0.087874805548944,0.215924805309747,0.406969479133657,0.684030404776544,NA
"Senp1",1.39549434698318,-0.730039430120333,0.201910625232568,-3.61565632952426,0.000299587614209095,0.000483788815520952
"Asb8",1.23667574707724,0.157002625412488,0.213012371177814,0.73705871891088,0.461086641737397,0.485794724132015
"Olfr286",1.43075725408993,-1.04629909492893,0.198953911008002,-5.25900239722779,1.44839001908463e-07,2.56291386427856e-07
"Olfr257",5.56004561639661,-4.10878098393058,0.263879230244392,-15.5706873183055,1.15163056879427e-54,3.42049022424245e-54
"1700031M16Rik",6.70373887935242,-4.42363272906753,0.265037218927489,-16.6906095188004,1.53396683182627e-62,4.92151620290912e-62
"Olfr282",2.11828568506085,-2.20192291026752,0.194047532122614,-11.347337872229,7.64551287965133e-30,1.84510296956911e-29
"Olfr279",7.33940276139917,-4.57281139470474,0.27803751175868,-16.4467426203759,8.85017389935818e-61,2.777986034555e-60
"2310037I24Rik",1.47527544655978,-0.822382947921073,0.196455859391819,-4.18609529116096,2.83794243927584e-05,4.74125765179065e-05
"Snora34",9.14974446807975,-4.9287225386291,0.270407046717798,-18.2270491780963,3.1485759299571e-74,1.1769113035715e-73
"Snora2b",75.0542728573417,-8.09205805504102,0.268899687783507,-30.0932222039469,5.94309278482615e-199,1.46680587880816e-197
"Ccnt1",31.5328764160318,-6.63348126149236,0.29452715044747,-22.5224779834872,2.49991373954638e-112,1.96677463759339e-111
"4930415O20Rik",61.085170176241,-7.79105930080538,0.276318363570702,-28.1959519451622,6.55556654386472e-175,1.27212109141167e-173
"Adcy6",28.3792787597746,-6.63947260894308,0.293994991035034,-22.5836249303714,6.27824439868371e-113,5.01874973371041e-112
"Cacnb3",7.39371950477705,-4.58494383922241,0.270912879016714,-16.9240526912696,2.99120893782159e-64,9.75272370732586e-64
"Ddx23",1.46499560629607,-1.08368141328235,0.208994802084864,-5.18520749067393,2.15774501125563e-07,3.80264313259769e-07
"Fkbp11",1.16181331546372,0.0466591663319444,0.213872868660493,0.218163092047043,0.827302040727165,NA
"Arf3",1.40829764123621,0.497566339566852,0.208195057243988,2.3899046699449,0.0168527465352955,0.0244977267931613
"Wnt1",18.7222292687652,-6.03706257156261,0.280375282041214,-21.5320784614501,7.79578001962951e-103,5.07406130953442e-102
"Prkag1",1.42324089547635,0.0102275807645932,0.193578287550163,0.0528343384685788,0.957863901557377,0.960255342064434
"Mll2",1.50229698466953,-0.417054528784023,0.190431468053637,-2.19005048402272,0.0285205757337009,0.0404448262238301
"Rhebl1",3.46966168907676,-3.21554514079359,0.254032364999079,-12.6580136385584,1.01023214725809e-36,2.60672852629127e-36
"Lmbr1l",1.2445630819873,0.234717220936656,0.212836700303341,1.1028042654398,0.270112175377815,0.313589896068377
"Tuba1b",2.68463065052717,1.76501420821362,0.220152938289843,8.01721849330892,1.08166614098912e-15,2.18976042503906e-15
"Tuba1a",3.58861833175955,-1.32984846380348,0.220313960438341,-6.0361515954667,1.57832987591952e-09,2.89591632769768e-09
"Tuba1c",1.66492023411435,-0.918405566889431,0.204679135982435,-4.48705024320724,7.22160488948974e-06,1.22971056999303e-05
"Prph",16.1053193729017,-5.8084789780186,0.277483130187756,-20.932728321496,2.69614236916708e-97,1.57867225653978e-96
"Dnajc22",33.7738888476317,-6.91925261556361,0.280327736286399,-24.6827256811096,1.63951298002646e-134,1.84246668584244e-133
"Spats2",5.85388510553071,-4.19740261551435,0.278621921726433,-15.06486851252,2.75713627214164e-51,7.99347477954977e-51
"Mcrs1",7.15641384625106,-4.15055863350482,0.266475033714053,-15.5757880040599,1.06334516024261e-54,3.1600693062718e-54
"Fmnl3",1.20845093163498,0.0182749435588755,0.209187746546737,0.0873614437774558,0.930384215573208,0.934217994156425
"Tmbim6",3.02453002399994,1.91662155113119,0.198168029904707,9.67169907301816,3.97719380567086e-22,8.74329402636424e-22
"Bcdin3d",1.20917203915493,0.158284644528626,0.214367817862973,0.738378764623165,0.460284315111806,0.485759357622077
"Faim2",15.9625710955798,-5.7408007546582,0.289366142884439,-19.8392275524467,1.36540472661001e-87,6.55093076553699e-87
"Aqp5",11.9928137997994,-5.35454829743229,0.284117203100409,-18.8462656924718,3.15331732443068e-79,1.28345547239986e-78
"Racgap1",13.9488441400035,-5.38089004889205,0.279885153762865,-19.225350028573,2.27101581167854e-82,9.74893300737004e-82
"Smarcd1",1.20114979691664,0.118462573334137,0.215287124415584,0.550253869829488,0.582145259538483,NA
"2310016M24Rik",1.8083609851691,0.935387092308703,0.202489403917972,4.61943723577569,3.84782250184808e-06,6.60385778715995e-06
"Lass5",1.34162443926911,0.376319316990296,0.210236708983592,1.78997910883235,0.0734572699289166,0.0985740622157015
"Lima1",1.26636872381479,0.359300534298422,0.210437473517996,1.70739806124737,0.0877480904821802,0.116060506021613
"Larp4",2.09554563397756,-1.82118604437772,0.213688808087974,-8.52260846355583,1.55999445300717e-17,3.24106310236713e-17
"2310068J16Rik",5.35409382648931,-4.03359002268603,0.272202661723931,-14.8183342408933,1.11515653735053e-49,3.19402860080646e-49
"Dip2b",14.2528252328329,-5.4011982729249,0.275731779732951,-19.5885954029529,1.93454033080526e-85,8.84264494466153e-85
"Mir3473",5.57481169780566,-4.11457814912164,0.272715213683861,-15.0874536610611,1.95856106178976e-51,5.68456421603699e-51
"Atf1",1.57128757991031,-0.578330192665927,0.202213248611018,-2.86000149168474,0.00423639015396119,0.00645192023447919
"Mettl7a1",1.52038482035952,0.791504751166346,0.211081598344395,3.74975723783818,0.000177005842127597,0.000288020728150266
"AB099516",2.43365524551342,-2.52491953842762,0.230973231890059,-10.9316543643008,8.13515783897148e-28,1.92151691943127e-27
"Slc11a2",3.18537457924339,-2.97778893937217,0.247517311286525,-12.0306289846737,2.45284935677174e-33,6.129187957084e-33
"Dazap2",1.95282916192683,1.19618087573963,0.200468214417701,5.9669353528896,2.41751134372885e-09,4.42088254134336e-09
"Smagp",1.31821178514727,0.372371576382242,0.20906140300105,1.7811588893832,0.0748864975394423,0.100219848008176
"Galnt6",1.24024205917103,0.206507923994122,0.213530773079245,0.967110833797633,0.333488630188392,0.371194373059014
"I730030J21Rik",1.217041695369,0.0878979176426711,0.216100322439284,0.406745888439694,0.684194633346948,0.698114347473576
"Fignl2",3.82748713491718,-3.40545122363879,0.263473907484752,-12.925193451408,3.24479476878475e-38,8.49865965532183e-38
"Acvrl1",1.62832523526898,0.922568282521314,0.206135136685211,4.47555083212315,7.62145626276052e-06,1.29674060272523e-05
"Grasp",1.20450729108426,0.215936369069913,0.213197779919374,1.01284529863104,0.311134059915104,NA
"Nr4a1",1.84599694675441,0.324499357469675,0.200595564188219,1.61767962707887,0.10573165875851,0.136918694795193
"9430023L20Rik",1.31478540953336,0.350840448090654,0.210568920239546,1.66615494675821,0.0956825568329279,0.125633284354681
"Krt80",2.46790009882017,-2.54339706067225,0.231883813041743,-10.9684114096157,5.42165585923497e-28,1.28233092819241e-27
"1700011A15Rik",14.0241343770458,-5.59654300165555,0.281823726765338,-19.8583102490712,9.34004771148112e-88,4.49977379362542e-87
"Krt81",14.585524130132,-5.65677440152908,0.290436360075841,-19.4768120632415,1.72703970388004e-84,7.7483001755512e-84
"Gm5477",12.3389163554019,-5.39882309294667,0.281662124228358,-19.1677283828534,6.88502665094434e-82,2.93626136584391e-81
"Gm5478",47.1379859970273,-7.41096625268101,0.275125536472091,-26.9366717016208,8.17287091578371e-160,1.28694980936323e-158
"Krt5",7.0350166139338,-4.50352348181552,0.275450746220385,-16.3496506856885,4.37480663360861e-60,1.36215273650086e-59
"Krt73",5.64884937589265,-4.13647048847613,0.254482731995838,-16.2544250292935,2.07808683285077e-59,6.42631117741766e-59
"Krt79",1.3203482010234,0.44524471974191,0.20936561815254,2.126637237149,0.03345023603787,0.0471409913924626
"Eif4b",1.67632398886966,0.778513746092476,0.204278428444906,3.81104237005838,0.000138382043757323,0.000225982877651565
"Spryd3",1.22471091110896,0.225384942159764,0.212941270370142,1.05843710694499,0.289856209743689,0.331827717078859
"Igfbp6",1.32745155277333,0.453693347964396,0.215575835515608,2.10456495218616,0.035329195135392,0.0496015058113895
"Soat2",5.93461114240561,-4.2072385634719,0.269039155192663,-15.6380158139399,4.01030140612474e-55,1.19587394115802e-54
"Csad",1.20142859503988,0.126882264560287,0.212207882452119,0.597914945920614,0.549896686696633,NA
"Zfp740",1.24458815151032,0.196998864888691,0.213643131191303,0.922093136297895,0.356479996840462,0.392000127749348
"Itgb7",1.82037655853734,0.953802248344416,0.205715184110193,4.63651845861559,3.5432656678132e-06,6.08616215399306e-06
"Rarg",1.29746869430514,-0.0293854997346135,0.200386485276966,-0.146644119706966,0.883412927615014,0.889633545316943
"Mfsd5",1.23155178087567,0.154485052953698,0.210205810395976,0.73492284852967,0.462386482256956,0.48644109670315
"Pfdn5",4.07839601995031,2.18531441304644,0.195762214395686,11.1631063215773,6.17939856070848e-29,1.47829791415666e-28
"Myg1",2.30474430717811,-2.1944187329593,0.233631881392078,-9.3926339157311,5.85182384245413e-21,1.2667020716405e-20
"Aaas",2.61437930027426,-2.58270896418925,0.240753194895433,-10.7276207292327,7.55154957986203e-27,1.76056671759177e-26
"Sp1",1.24764102961521,0.262297486925402,0.212198672378271,1.23609391135975,0.216423657832844,0.259521314600617
"Prr13",23.8839645375274,-4.64607212701278,0.28139944935457,-16.5105942377258,3.07837141437521e-61,9.70063313192791e-61
"Pcbp2",2.54273214428345,1.18746424683982,0.191794332623503,6.19134168667459,5.96542346413986e-10,1.1026738839522e-09
"Map3k12",2.51592730976734,-2.57261259479138,0.24071748088492,-10.6872695133482,1.16757809701468e-26,2.715418875659e-26
"Tarbp2",1.20503589604129,0.168056011265255,0.214128708168527,0.784836431801518,0.432549476687695,0.461156984598221
"Atf7",1.16956749212109,0.0568089721692682,0.215116701765127,0.264084432789856,0.791714859049698,NA
"Atp5g2",2.9579795655792,1.69964244158235,0.205059241451399,8.28854349383317,1.14643641513521e-16,2.3537455602776e-16
"Calcoco1",1.21274810262845,0.215974453099158,0.213104409522295,1.01346778127819,0.310836777876704,0.351037806053935
"Hoxc10",2.72483031587814,-2.77201066267325,0.247361416265873,-11.2063178830355,3.79660806224298e-29,9.10139797240339e-29
"Mir196a-2",2.37841820466302,-2.47263973195766,0.239446284526075,-10.326490289259,5.34817460388163e-25,1.2180397658055e-24
"Hoxc4",1.8217767653972,-1.80552658842448,0.227318136351515,-7.9427300320309,1.97779102480862e-15,3.98843699034227e-15
"D930007P13Rik",50.4654733239863,-7.51113569523464,0.285922305048396,-26.2698487057989,4.24101056857591e-152,6.0076187701401e-151
"Cbx5",1.34488564592737,-0.413385744716005,0.198252355856866,-2.08514921766913,0.0370557578464136,0.0519347713675068
"Mir421",4.16677314229535,-3.6005234395731,0.248582593226152,-14.4842138495895,1.52456959156144e-47,4.28323641977971e-47
"Hnrnpa1",4.44867721083167,-3.70744496260656,0.257666651231601,-14.3885324114923,6.10782522900429e-47,1.70861991936776e-46
"Nfe2",1.2355591333175,0.280428778344766,0.211920597535458,1.3232728748693,0.185744648837793,0.227031556315038
"Copz1",1.99271136446075,-1.07882422456566,0.204720582859292,-5.26973990352085,1.36617206537397e-07,2.42030143602651e-07
"Mir148b",2.35342941640542,-2.45027143027953,0.236967662002302,-10.3401088974567,4.64009953588216e-25,1.05862410739969e-24
"Zfp385a",12.6468476984487,-5.25920655437061,0.286852503102843,-18.3341839359341,4.41593640826056e-75,1.68502836630995e-74
"Itga5",1.21634597966648,0.243952733269719,0.212580407005594,1.14757863486121,0.251142553908387,0.294845275205982
"BC048502",71.9339589475363,-8.03006313008155,0.246943917748523,-32.5177603210256,5.98258157638081e-232,1.92178928176664e-230
"Nckap1l",1.33745046921951,0.329985778920879,0.209856744740917,1.57243351567409,0.115850046581592,0.149078575904329
"Olfr161",66.7782969692353,-7.92141481704004,0.263994547145863,-30.0059789214634,8.2002716532916e-198,2.00025317898048e-196
"Mefv",110.957015221395,-8.62968325984785,0.237295803052974,-36.3667757660313,1.42717992199303e-289,6.31345694305392e-288
"Zfp263",13.3875409812776,-5.22607596465827,0.278097519456805,-18.7922422856059,8.74069663952268e-79,3.51920065239556e-78
"Zfp174",3.60357120745759,-3.31733738107271,0.258745346825807,-12.8208581208071,1.25305982318475e-37,3.25583488154525e-37
"Zfp597",2.42391058116319,-2.43129676070972,0.237936162102241,-10.2182734193426,1.64240106415356e-24,3.71461592499201e-24
"Nat15",1.51657793451936,-0.943475997438783,0.210983059941305,-4.47180924241623,7.75605988591507e-06,1.31878282099273e-05
"Cluap1",5.095264541218,-3.87814358898295,0.267438115077167,-14.5010878044214,1.19245036487659e-47,3.35467038785008e-47
"Dnase1",37.9081926399449,-7.07912589302122,0.288491138570632,-24.5384517808613,5.74495943904597e-133,6.33340829394297e-132
"Trap1",1.24404372157254,0.204554488088937,0.212056582545042,0.964622204290633,0.334734073728878,0.371689399035257
"Crebbp",1.26810042148793,0.234715697087198,0.212947364624985,1.10222400498146,0.270364298364294,0.313589896068377
"Tfap4",1.17356265284583,0.0671143201107675,0.214882143294957,0.312330839043444,0.754789105306133,NA
"Glis2",1.30178613637179,-0.41411636897378,0.199989032376861,-2.0706953979027,0.0383872705828386,0.0536784228348293
"Pam16",1.364599235766,0.245301453265509,0.203555633310651,1.20508309829553,0.228171223901597,0.271805976441427
"Coro7",17.4097602609848,-5.80795551742812,0.279271041444268,-20.7968412599885,4.62267890804424e-96,2.63001459400446e-95
"Dnaja3",1.33268341876005,-0.243441084394631,0.198442847068869,-1.22675666062252,0.219914064528347,0.262358911401661
"Nmral1",17.3924343157223,-5.89238411869933,0.297613150551982,-19.7988029351887,3.048520609107e-87,1.45061782858145e-86
"Hmox2",1.38492967257154,0.376336014070285,0.210494961501091,1.78786233830274,0.0737982204105716,0.0988774924392156
"5730403B10Rik",14.7620669817437,-5.57831703709976,0.289098613295957,-19.2955510007552,5.85376198891113e-83,2.54638646517634e-82
"Fam100a",1.30691083562214,0.359397727804507,0.210496285426581,1.70738275535917,0.0877509334691465,0.116060506021613
"Mgrn1",1.21284162687235,0.177739004265953,0.21396451584424,0.830693835212106,0.406146609849769,0.436795720715753
"Nudt16l1",1.45142187272086,-0.255783974217907,0.199007168855405,-1.28530030193915,0.198687364715138,0.241618647364711
"Anks3",1.20903805629661,0.148435425999062,0.21459272944761,0.691707619270953,0.489120961148941,0.512050895553324
"Rogdi",1.29138876341882,0.158252066117719,0.214961168924471,0.736189084333284,0.461615634285175,0.48603196058224
"Glyr1",1.3271106316916,0.359480072240088,0.210512722044141,1.70764060599012,0.0877030490079776,0.116060506021613
"Ubn1",1.33784662710297,0.315994511897806,0.211527730537895,1.49386801954648,0.135210118715791,0.170977867265806
"Nagpa",1.25563158066277,0.271405195262458,0.212045494397595,1.27993851523938,0.200566760634112,0.242915550177492
"Alg1",10.3906945543029,-4.91065626657923,0.268842529718887,-18.2659204691833,1.5458410118366e-74,5.81989908531343e-74
"Fam86",6.85237398601277,-4.34420418932059,0.272797730122243,-15.9246346638365,4.27503345038016e-57,1.29516393563462e-56
"Tmem186",4.34657844406156,-3.5528621007212,0.254067747524533,-13.9839162402073,1.95431198310957e-44,5.36921502727998e-44
"Pmm2",1.29047712483208,-0.421659538841578,0.202091239793723,-2.08648103337864,0.0369350714988325,0.0517725760536803
"Carhsp1",1.31829905519786,0.466282901557728,0.208698341026089,2.23424345045196,0.0254670589197993,0.0363516673670638
"Usp7",1.23600490645989,0.225316260379306,0.213009754243471,1.05777437835907,0.290158316454473,0.331827717078859
"1810013L24Rik",1.29631534079247,-0.246781205825307,0.199338927590588,-1.23799806093147,0.21571677981906,0.259521314600617
"Emp2",1.29518977669951,0.417963121218746,0.210845450127527,1.98231985070557,0.0474434536728946,0.0656822246843946
"Nubp1",1.45782087073905,0.100364259385527,0.197772080114164,0.507474357996291,0.611822023743163,0.629178676898998
"Ciita",1.22470508576895,0.158259053362863,0.214492747831938,0.737829390329148,0.460618131067554,0.485759357622077
"Dexi",27.1253735618824,-6.45701407743383,0.279185686678456,-23.1280269209163,2.41942278694922e-118,2.11370492851463e-117
"Socs1",1.18939292228944,0.168064982615199,0.214097004450501,0.784994554438311,0.432456761398081,NA
"Tnp2",50.6418471121389,-7.51622241238555,0.282581817486352,-26.5983936236399,7.08480346670788e-156,1.06119581337777e-154
"Prm3",4.78250957306966,-3.84755067293385,0.261962230827988,-14.6874252092481,7.76070957351233e-49,2.20347587564506e-48
"A630055G03Rik",9.99828865027537,-5.01186545431332,0.283467985709274,-17.6805343353782,5.9232181695474e-70,2.07581059718278e-69
"Litaf",1.36061536989751,0.505327165962236,0.208027101041259,2.42914102745686,0.0151346440117815,0.0220955765042859
"Snn",1.33208560444164,0.206548790489051,0.213831029653905,0.965943955016064,0.334072226091511,0.371372672710005
"Txndc11",1.32134535477255,-0.420597610022197,0.198336216410767,-2.1206293920174,0.0339530026720652,0.0478301643363056
"Zc3h7a",1.22079171490285,0.11846236382084,0.215325640436709,0.550154471063376,0.58221342827376,0.600036908991535
"Rsl1d1",1.40876408214884,0.380647978289273,0.208975826497732,1.82149287153748,0.0685319692945272,0.0924265287992331
"Gspt1",1.34197535309261,0.324789155810467,0.211291930862216,1.53715834999048,0.124254536913515,0.158778135297074
"Shisa9",14.4626612882476,-5.64397313647688,0.278838614093969,-20.2410026847102,4.26405583907082e-91,2.2005310410232e-90
"Ercc4",1.16955253482077,0.056814443732176,0.21511631136392,0.264110347429958,0.791694890810014,NA
"Mkl2",1.31638910158236,-0.0867009553692046,0.198666748147667,-0.436414025888019,0.662536364431278,0.677063395131415
"Mir365-1",7.44410392929343,-4.59574381852218,0.281313161835878,-16.3367536326061,5.40554243485168e-60,1.68208235528619e-59
"Parn",1.31393106958435,-0.506664899182201,0.198346706379681,-2.55444069846225,0.0106358545251451,0.015710005835104
"Bfar",1.27581007247626,0.280477852461653,0.21193609298672,1.32340767685676,0.185699840203655,0.227031556315038
"3110001I22Rik",1.88292722114113,-1.78668173453588,0.223105277242902,-8.00824506087619,1.16356868738946e-15,2.35465343988097e-15
"Rrn3",1.25201180307332,0.0956396113582143,0.207719952981435,0.460425731786884,0.645210668420252,0.660975309420806
"Ntan1",1.52659378912543,0.644877479484021,0.205934684124366,3.13146608705589,0.00173935873258428,0.00270987989377404
"Pdxdc1",1.20806821045397,0.00822242088376262,0.209519365168975,0.0392442048358218,0.968695690400941,0.970393202810045
"4921513D23Rik",1.31540147010356,0.342287140692962,0.210862740977902,1.62326990110041,0.104531720817143,0.135948916404084
"Nde1",82.7719214893306,-8.05278249631001,0.172243003685079,-46.7524504567589,0,0
"0610037P05Rik",3.10504269175186,-2.6937653364116,0.235309015971402,-11.447777830744,2.41250820252537e-30,5.8491838444879e-30
"Abcc1",1.18488514648418,0.0671266667518192,0.214923886986578,0.31232762301573,0.75479154917123,NA
"Ube2v2",1.34976883760661,0.149021425841395,0.204303405523287,0.729412343664575,0.465749469407813,0.48971945418648
"Mcm4",1.18846903082178,0.0981502631366401,0.215818231568531,0.454782074819631,0.649266027296535,NA
"Mzt2",1.19297711574306,0.17774975824903,0.213902293643343,0.830985751585285,0.405981678614162,NA
"Cebpd",1.95364971759898,1.31826422708506,0.218478872162961,6.0338293311116,1.60119174054921e-09,2.93734699900436e-09
"Pkp2",13.6188238589775,-5.5513673179858,0.282989531246433,-19.616864601085,1.10991295050108e-85,5.10462167543226e-85
"Yars2",2.08875191842194,-2.07928260263629,0.230261313461056,-9.03009963498693,1.71515563309539e-19,3.6491185672541e-19
"Dnm1l",1.89970323072656,-1.52594566109075,0.221056654414709,-6.9029618906112,5.09292964398568e-12,9.75420757351137e-12
"Rpl31-ps12",3.37875219328518,0.474067536695481,0.196356237887502,2.41432379126701,0.015764446089366,0.0229572907201814
"Top3b",1.17740930137244,0.108351260837128,0.215410751687486,0.502998387909264,0.614965405574985,NA
"Ppm1f",9.8076127897012,-4.90658175666612,0.279927249468066,-17.5280604728189,8.75037233552545e-69,3.00902131695935e-68
"Mapk1",1.50713105657817,0.623724697570361,0.20643859403093,3.02135703112234,0.00251644446184057,0.00388347083246349
"Ppil2",10.2548271486509,-4.71493779051721,0.266885778873316,-17.666500667146,7.59654271543779e-70,2.65599149193471e-69
"Mir130b",17.3677534820512,-5.92329425604261,0.285699318033768,-20.7326160132539,1.75960249884909e-95,9.91378849864246e-95
"Mir301b",5.71690606838231,-4.15714532764591,0.273677567858511,-15.1899381457348,4.12308552389506e-52,1.20170331852218e-51
"Sdf2l1",1.45795855534744,0.550804631792346,0.208438877395064,2.64252349981898,0.00822907545452198,0.0122660690669916
"Ube2l3",3.23604458653385,-1.7488397166125,0.222133406597259,-7.87292529926956,3.46443529413669e-15,6.95418274769987e-15
"Pi4ka",3.58772578758271,-3.23887069624916,0.256419496418686,-12.631140539176,1.4220203009625e-36,3.66203550617871e-36
"Snap29",1.27781006910997,-0.157979530398061,0.205123234732135,-0.770168872406687,0.441199725858178,0.468340125872839
"Crkl",1.52669925672211,-1.20343847422963,0.207654152222294,-5.79539807584174,6.81593131093883e-09,1.23560206435495e-08
"Lztr1",1.18910597817928,0.148400319164649,0.214533146573559,0.691736086170565,0.489103080642715,NA
"Thap7",1.28333208890778,0.289470732480666,0.211784759606826,1.36681569069494,0.171683083359397,0.211829792717247
"4930451C15Rik",19.4297056811086,-6.09319583759905,0.290144954358445,-21.0005231732257,6.48673217517457e-98,3.86097399708224e-97
"P2rx6",6.5895434755071,-4.38367960226928,0.270500383703489,-16.2058165768611,4.58752824162906e-59,1.41404767766777e-58
"Med15",10.6948666072902,-4.9725313759565,0.276007725234468,-18.0159137637628,1.46147750589511e-72,5.32559342462302e-72
"Klhl22",1.48847579376207,-1.04189692711322,0.206973305736337,-5.0339676578413,4.80430762170896e-07,8.41701150707191e-07
"Scarf2",1.24350565941008,0.307227478634852,0.211658607930914,1.45152366652214,0.146634097025201,0.183772092529983
"B830017H08Rik",8.91827982829682,-4.88772331910869,0.275361266408087,-17.7502209474337,1.71677281140111e-70,6.05101558103563e-70
"Dgcr2",14.9580392813819,-5.53591282612065,0.283165025686476,-19.5501291612549,4.11477874638964e-85,1.87100566691236e-84
"Dgcr14",1.23856712826006,-0.205749541102543,0.200529716536777,-1.0260301797455,0.304877358707069,0.346987858378045
"Slc25a1",1.17349623499594,0.0981568737897472,0.215637239331598,0.455194446441626,0.648969355513229,NA
"Dgcr6",2.56563222825879,-2.31421879761571,0.238265269489549,-9.71278274241819,2.65974601662792e-22,5.86807870109795e-22
"Zdhhc8",9.48094561685711,-4.92927229236986,0.277006272595135,-17.7948038728147,7.75383731753443e-71,2.74779570926882e-70
"Ranbp1",2.09953986311337,-0.223075541392269,0.204144910065023,-1.09273134128701,0.274511774756741,0.317340596662648
"Trmt2a",1.43947872939952,-0.679125776600503,0.196723893331947,-3.45217738983318,0.000556082011156804,0.000886876901386653
"Dgcr8",3.67050870103344,-3.29021122995281,0.258692657555312,-12.7186108065294,4.66072582253878e-37,1.20559904824839e-36
"D16H22S680E",2.5234043182139,-2.48189969652172,0.235141364241525,-10.5549259889997,4.82019303955415e-26,1.1133366224103e-25
"Comt",1.59832722160245,0.858811858372673,0.203644428238661,4.21721264755739,2.47340706163648e-05,4.13687435493189e-05
"Txnrd2",1.18860014571991,0.0976910011963157,0.214224342094258,0.45602194522475,0.648374197554364,NA
"Sept5",23.9607683523768,-6.40833880853778,0.285174154632351,-22.4716675913337,7.85846279479255e-112,6.08171620293805e-111
"Cldn5",2.83442837075756,2.1048960801128,0.25536201999841,8.2427922528413,1.6823754044839e-16,3.45068747010057e-16
"Ufd1l",1.30297445508966,0.324861594128064,0.211101715875947,1.53888656366473,0.12383199194553,0.158746132980675
"2510002D24Rik",1.26790602607585,0.196977912289243,0.213774806438895,0.92142715772051,0.356827455351161,0.392000127749348
"Mrpl40",1.30664322809881,0.342195228352371,0.210877115738506,1.62272339108006,0.104648548757134,0.135948916404084
"Olfr165",5.42453769636057,-4.06708965821997,0.262791147493218,-15.4765093764239,4.99869464828623e-54,1.48004458673024e-53
"Olfr166",2.13069273109361,-2.21326803314404,0.234390539394856,-9.44265088027102,3.63465435504618e-21,7.89550384242241e-21
"Olfr171",536.847755989184,-10.9450956230857,0.164196843850363,-66.65838006643,0,0
"B3gnt5",15.8416517980968,-5.72273188195972,0.273150608113548,-20.9508297326608,1.84390531420833e-97,1.08269805851153e-96
"Klhl6",3.32644933881941,-2.68769938509112,0.246969364493575,-10.8827238171925,1.39336047616932e-27,3.2807134350942e-27
"Klhl24",72.4070871478618,-7.81957063958886,0.295290399134266,-26.480951167103,1.60653384266956e-154,2.34248789350142e-153
"Yeats2",66.5958807158236,-7.83346194411029,0.29021271891291,-26.9921386404193,1.82784158553769e-160,2.91338414549824e-159
"Map6d1",99.7447114859607,-8.50651062818026,0.256760694274415,-33.1301122713466,1.09538926753066e-240,3.6771266729968e-239
"Parl",50.1033253740569,-7.14750097897531,0.289559376553501,-24.684059843093,1.58631499798418e-134,1.78652951229286e-133
"Cyp2ab1",1.47273779475321,-1.01209054766034,0.207664478995623,-4.87368158750763,1.09537489069929e-06,1.90246445830986e-06
"Abcc5",19.3775620527268,-5.84684921337502,0.254100661216016,-23.0099724471181,3.70410227216182e-117,3.17755363363758e-116
"Eif2b5",1.27760563797362,0.0113467129291572,0.205087373488633,0.0553262384521496,0.955878558913716,0.958449112087899
"Ap2m1",1.84521323158687,1.06613229789823,0.202264861378964,5.2709713918164,1.35703622575258e-07,2.40452447332943e-07
"Abcf3",1.72712395760442,-1.40208390971426,0.217497478246363,-6.44643754501878,1.14509771323645e-10,2.14282490162907e-10
"Alg3",1.20440354763705,0.0770845376604758,0.211903837361328,0.363771315424719,0.716028784212185,NA
"Ece2",1.26671034818923,-0.232830648360612,0.202870126226997,-1.1476832626411,0.251099343156578,0.294845275205982
"Camk2n2",1.39968767167722,-0.971868811339339,0.201899144392985,-4.8136351159946,1.4820931279417e-06,2.56686334699923e-06
"Psmd2",1.62291523763459,-0.0915344381112104,0.186098299672895,-0.491860690141181,0.622817829261736,0.638787517191524
"Eif4g1",2.9608189478623,-2.3024509540611,0.240746043839819,-9.56381636573449,1.13492652325687e-21,2.48138908959198e-21
"Polr2h",1.44739276699359,-0.365337964919363,0.197622959098153,-1.84866154512903,0.064506699732608,0.0876431474763701
"Chrd",2.16701639497436,-2.25567327676345,0.231792017076363,-9.73145367651004,2.21405967449176e-22,4.88684630056956e-22
"Ephb3",18.7834895651489,-6.0310630988453,0.296151547260745,-20.364786727031,3.43344400911913e-92,1.80035939001525e-91
"1300002E11Rik",1.33251756853436,-0.445853519353819,0.199081601608399,-2.23955159970448,0.0251200478807055,0.0358857826867221
"Map3k13",41.8635661323344,-7.23634439421046,0.263542389841503,-27.4579903390967,5.57748605466577e-166,9.57713065965636e-165
"Tmem41a",1.5703213709319,-1.12562130075461,0.213135693156749,-5.28124259284334,1.28310659318734e-07,2.27507351101831e-07
"Liph",35.8987032339144,-7.00950910547309,0.296690303012444,-23.6256764521862,2.0996348773614e-123,1.99455760870364e-122
"Senp2",1.22024229957394,0.156960822658793,0.212967717388997,0.737016974136485,0.461112027044166,0.485794724132015
"Tra2b",1.65121896581711,0.760974814263839,0.200692698599434,3.79174140152792,0.000149594640282288,0.000243950022578427
"Etv5",2.08286451202692,-2.10501960343565,0.231002069993348,-9.11255731819315,8.04625524870659e-20,1.71925715915876e-19
"Dnajb11",1.6071982607579,0.719710606972902,0.205625710467562,3.50010028092492,0.00046508316192785,0.000744817949152746
"Kng1",14.8978173702732,-5.68939135789732,0.284975717286028,-19.9644777178924,1.12194481039034e-88,5.49137544326073e-88
"Eif4a2",3.06781520014562,-0.00759570835520384,0.189843205265029,-0.0400104304212517,0.968084810679149,0.969942938914618
"Snord2",12.8173122371371,-5.45787853747143,0.272707853465914,-20.0136463549027,4.18859835966049e-89,2.07050032551399e-88
"Rfc4",1.18910393475828,0.107784683892761,0.214005383253627,0.503654077547296,0.614504484165585,NA
"St6gal1",1.23301072884185,0.197016538387982,0.213604439299957,0.922342901831355,0.356349742601978,0.392000127749348
"Rtp4",1.41365554493814,0.520771020336113,0.209173934070493,2.48965542791105,0.0127866995457474,0.0187648500502675
"1110054M08Rik",1.19709513844534,0.118458370118939,0.215286087920187,0.550236995169216,0.582156832097966,NA
"Lpp",1.220655028565,0.206508528438268,0.213345503126099,0.967953509271816,0.333067588726773,0.371194373059014
"A730098P11Rik",1.44033950071517,0.609477443762221,0.206216022397903,2.9555290451011,0.0031213330587194,0.00478726264346849
"Ccdc50",1.38890676743509,0.3889385240931,0.208750636307246,1.86317287924645,0.0624379472652869,0.0849208141544548
"1600021P15Rik",26.0687004532807,-6.5234551196167,0.260418822458118,-25.0498602905934,1.75197829551401e-138,2.09036038916185e-137
"Opa1",1.19285015168545,0.118423174576401,0.215270258971103,0.550113959737921,0.582241212442695,NA
"Hes1",1.76889269429746,-0.940930178012437,0.200424903068029,-4.69467697680794,2.67028344008542e-06,4.60029028291944e-06
"Cpn2",100.956330456801,-8.52411136984615,0.240228601272253,-35.4833326452487,8.88523362580412e-276,3.47422618177509e-274
"Atp13a3",1.30282686157433,0.359387368518648,0.211284428615477,1.70096476523931,0.0889496037176093,0.117237783572065
"Tmem44",1.2184614757782,-0.229679990817631,0.202324956723404,-1.13520345951006,0.256290080347312,0.299660481445396
"Lsg1",1.21236200761337,0.18908656862982,0.215242228969644,0.878482672916788,0.379681836735079,0.414225210457603
"Fam43a",1.29681331668691,0.225437165640651,0.213396844774621,1.0564222066111,0.290775364899185,0.331842458411401
"Acap2",1.3033730104275,0.259726183652382,0.211039225269879,1.23070099087145,0.218434717368941,0.260713210167114
"Ppp1r2",1.88137072074012,0.440128063934617,0.185343208041939,2.37466518781215,0.0175648747660359,0.025490310336032
"Dlg1",1.18886577636492,0.107745549552986,0.213976129610015,0.503540043225192,0.614584634425468,NA
"Mfi2",6.44983657528256,-4.35998519720696,0.270987821597479,-16.0892292926846,3.03593040974538e-58,9.30020935379747e-58
"0610012G03Rik",8.91127228187772,-4.42635497876394,0.275267680971322,-16.0801840708103,3.51333511655935e-58,1.07469143325167e-57
"Ncbp2",1.26717204215504,0.193444162240922,0.21089684023161,0.91724542685646,0.359014047353706,0.393564190526606
"Senp5",1.17345851568994,0.10833601816385,0.215396159942786,0.50296169714737,0.614991202084421,NA
"Pak2",1.53148296132051,0.543461535629789,0.207674594991661,2.61688983022508,0.00887349759113766,0.0131870910820608
"Pigx",1.34243604355874,0.393147050431309,0.210057814282933,1.87161354493467,0.0612600881226637,0.0835167758481536
"1500031L02Rik",1.19353904408304,0.168075799093925,0.214099994730636,0.785034111305726,0.432433569007937,NA
"Lrrc33",1.65024667924431,0.699405071013668,0.207138461899934,3.37650991804478,0.000734117252644157,0.00116494666630263
"Bex6",57.9005318424184,-7.68111761831261,0.263471509372901,-29.1535036808904,7.54197715563455e-187,1.63696967785498e-185
"Fbxo45",5.5553980140406,-4.08435685646262,0.262033376227161,-15.5871626556528,8.89996080345075e-55,2.64641386465468e-54
"Wdr53",65.2911921768432,-7.79440643800088,0.240098410668846,-32.4633820619132,3.50685031919989e-231,1.11620479672094e-229
"Rnf168",3.7514186426126,-3.27021995129748,0.259150170301818,-12.6190152508441,1.6588258633656e-36,4.26765451294648e-36
"Ubxn7",1.19300123888588,0.11846677841739,0.215229652166234,0.550420340436604,0.582031100569488,NA
"Tctex1d2",1.22410509415837,0.135578461510739,0.210683009471147,0.643518724414776,0.519887568945055,0.540223571194025
"Pcyt1a",1.21296236881188,0.197003887347896,0.213516663725045,0.922662821303665,0.35618294648719,0.392000127749348
"Osta",21.1204668379834,-6.21895819795731,0.284649585841322,-21.8477682993155,8.16254287792716e-106,5.64724636484821e-105
"Zdhhc19",57.8716976010698,-7.71193443311396,0.28983274139929,-26.6082237496059,5.45247583488869e-156,8.17871375233303e-155
"Tfrc",3.58233584386232,-3.25381724152754,0.255779330300787,-12.7211891504336,4.50944752189074e-37,1.16675668224385e-36
"Tnk2",8.6557342425471,-4.76786741959037,0.273611579258718,-17.4256785202868,5.26798319185293e-68,1.79204120309367e-67
"Gm10818",5.22619985692531,-4.00191755384174,0.264338464118244,-15.1393690176379,8.90641131314465e-52,2.59005387490892e-51
"Muc4",21.1173156106946,-6.21866912116826,0.292840465525858,-21.235689234414,4.47085979582788e-100,2.77997476286141e-99
"Muc20",1.91427654769412,-1.94472329679982,0.221658670994251,-8.77350427157555,1.73190373187864e-18,3.63292645385032e-18
"1700021K19Rik",1.18122482946237,0.0466552372696982,0.213935132511069,0.218081232016833,0.827365820165065,NA
"Fyttd1",34.176273523386,-6.70555355192209,0.279785816703714,-23.9667386678972,6.18318721604503e-127,6.20100619937657e-126
"Lrch3",1.34606126404223,-0.318085394676684,0.196136278787581,-1.62175705913732,0.104855376117641,0.136005111728066
"Rpl35a",18.8685685059588,3.27400410188172,0.190721451363438,17.166417717967,4.7377200051839e-66,1.57571828143103e-65
"Osbpl11",6.7553896690449,-4.35292347258419,0.270574070585256,-16.0877332523724,3.11017575484664e-58,9.5220630148384e-58
"Snx4",1.29908458734008,0.316074086323419,0.211413591704726,1.49505092730684,0.134901151538037,0.170882100887308
"1700007L15Rik",14.6571938922079,-5.66353013446347,0.278777791432767,-20.3155714282547,9.36537975341245e-92,4.88140612209815e-91
"Zfp148",44.8770666816008,-7.10641592805852,0.299658601316906,-23.7150407057499,2.52263153536825e-124,2.42507119974627e-123
"Slc12a8",149.991822659297,-9.09936338095678,0.219050117076873,-41.540098231326,0,0
"Heg1",1.23698631008796,-0.337184904944666,0.199159817346169,-1.69303682558911,0.0904484578511514,0.119047138170199
"Itgb5",4.04628069801081,-3.26940515039794,0.256929612171028,-12.7249059490333,4.299922552532e-37,1.11282080933154e-36
"Umps",15.5868779939152,-5.63888390259763,0.295659061760734,-19.0722512241515,4.29414662784911e-81,1.80769720946551e-80
"Mylk",2.86193871877644,-2.53409888363817,0.23546435921508,-10.7621335648656,5.19531860439e-27,1.21367478697318e-26
"Ptplb",1.2745142303107,0.316004021435422,0.211297547873061,1.49554041027142,0.134773461755187,0.170882100887308
"Sec22a",1.1734061770005,0.138499979712346,0.214688923289464,0.645119354972995,0.518849841967271,NA
"Pdia5",1.59300237646535,-1.31998709584026,0.209058868577644,-6.31394929486104,2.72003090898173e-10,5.05376805299328e-10
"Sema5b",37.8626453666645,-7.08824335580528,0.228279159998021,-31.0507685233586,1.11392772124669e-211,2.99316661683088e-210
"Dirc2",1.20409475086039,0.125963861364381,0.210722948094273,0.59777002221907,0.549993395867529,NA
"Hspbap1",1.4256743388302,-0.914171781814409,0.205144555184489,-4.45623224556109,8.34126664478473e-06,1.4166719338141e-05
"Parp14",1.27538608273077,0.144096539783507,0.209270573459201,0.6885657042059,0.491096609519454,0.513115352620406
"Dtx3l",1.43364480854687,-0.51653972023682,0.194774944179533,-2.65198238106386,0.00800207174191164,0.0119396354131138
"Parp9",1.26021275872931,0.253203063875977,0.212473144437844,1.1916944352939,0.233381080811134,0.276695742225986
"Kpna1",1.19295653450892,0.148400517134038,0.214533816564622,0.691734848661198,0.489103857934442,NA
"Wdr5b",1.62665606018462,-1.44153539054031,0.212622306582557,-6.77979377474484,1.20347544739413e-11,2.28941028986785e-11
"Fam162a",1.42415871432475,0.482000287328982,0.208549445920376,2.31120387398684,0.0208215964923619,0.0299583058682826
"Ccdc58",1.19693080104807,0.128506807231636,0.215022990559293,0.597642172575958,0.550078718288446,NA
"Stfa2l1",2.59340919832776,-2.56867921735208,0.235018410071908,-10.9296936208791,8.31286143333439e-28,1.96260229226619e-27
"BC117090",11.4168822584441,-5.27817521028315,0.272084044759105,-19.3990618411906,7.85925432073407e-84,3.47377710027365e-83
"Stfa2",6.48630772696426,-4.36909486245287,0.274307702276258,-15.927714847951,4.06959899846198e-57,1.23364150824457e-56
"Cd86",12.6542605365191,-5.32732375177384,0.268248229924158,-19.859679049066,9.08895361767163e-88,4.38082528940406e-87
"Ildr1",1.69641416908682,-1.57326327974254,0.213874177503895,-7.35602258348317,1.8947097439024e-13,3.70773565629635e-13
"Golgb1",1.24004798652225,0.243962641721132,0.212644962822651,1.14727684344256,0.251267221328485,0.294845275205982
"Hcls1",5.38517768747493,-2.9619493910695,0.251195868867518,-11.7913937216525,4.32326705447562e-32,1.06752384221205e-31
"Polq",5.32566381731903,-4.02223580127808,0.273391377036476,-14.7123725878941,5.36914173312752e-49,1.52776886600848e-48
"Ndufb4",1.77457445850091,0.924138745057162,0.202376230854625,4.5664391571805,4.96078936137703e-06,8.48331546810421e-06
"Fstl1",641.384697198027,-10.9574915344146,0.218459102928712,-50.1580908623904,0,0
"Lrrc58",4.28739225328584,-1.63952988547991,0.235490335204139,-6.96219606659719,3.35008801882026e-12,6.43749657951104e-12
"4930542C21Rik",20.9291164494043,-6.20525494593556,0.268610268793074,-23.1013318061784,4.48944294043931e-118,3.89931649735328e-117
"Gsk3b",1.55399148718514,0.752755814938948,0.204452594348554,3.68181101999438,0.000231583049371222,0.000375481757328088
"Cox17",2.14195702384468,1.33717787896303,0.199676887779507,6.69670833631785,2.13166470342829e-11,4.03894364860097e-11
"Adprh",1.44688165088784,0.573054042839509,0.207036614130714,2.76788743501044,0.00564209391759659,0.00852067995077512
"4930455C21Rik",1.19312338885018,0.1484084399211,0.214534928267625,0.691768194202699,0.489082913506556,NA
"Poglut1",1.20067079913799,0.168039852777474,0.214138601517232,0.784724713745511,0.432614989564371,NA
"Tmem39a",1.22058258521084,0.206493143725189,0.213345213834809,0.967882709968242,0.333102950276998,0.371194373059014
"Arhgap31",1.58516178503967,0.894838918655964,0.204640099666008,4.37274473632697,1.22694152982198e-05,2.07202678281163e-05
"B4galt4",1.23226844162954,0.232453380674369,0.211441797186849,1.0993728948915,0.271605448562747,0.314389777242498
"BC002163",3.42089973173568,-2.83636685738945,0.248471911894503,-11.4152414080257,3.50928252956334e-30,8.49453039847932e-30
"Zbtb20",1.48167993793866,-0.664980519967693,0.202089279199281,-3.29052843675073,0.000999993938877914,0.00157702971629689
"LOC626693",5.61201317794263,-4.12498784666211,0.260268146337612,-15.8489922977793,1.42853198089725e-56,4.31286115690206e-56
"2610015P09Rik",1.17760126317966,0.0671382985428938,0.216406884861032,0.310241047025872,0.756377658342313,NA
"Gramd1c",15.4939969311226,-5.71612018520628,0.270849919908385,-21.1043820398387,7.24961801592672e-99,4.42091192092728e-98
"Atp6v1a",50.8829582768157,-7.19779679308638,0.262817694420132,-27.3870327070909,3.91404070554424e-165,6.63353652043537e-164
"Naa50",1.37702343224344,0.384708865149974,0.210278573064721,1.82952004830072,0.0673217387526076,0.0909823886831357
"Gm608",9.27417192061281,-4.88259374736696,0.279587920989337,-17.4635360858568,2.71578515407279e-68,9.27167985890123e-68
"Sidt1",1.33653480405308,-0.501487659023765,0.201342882394555,-2.4907146111132,0.0127486476273502,0.0187116380190547
"Spice1",1.43734632884803,-0.860117710327083,0.193662635821238,-4.4413198585246,8.9408777867065e-06,1.51678199696483e-05
"Boc",24.4088651405453,-6.36192884708004,0.262881678602258,-24.2007312221468,2.18563575362324e-129,2.28180372678267e-128
"Cd200r4",1.21608591761591,0.215906218498888,0.213260179587364,1.01240756205234,0.311343224162241,0.351037806053935
"Slc35a5",1.21237749495784,0.177727447215866,0.213947091446626,0.830707470777671,0.406138904935406,0.436795720715753
"Atg3",1.58339558182351,0.502416462970713,0.198031327673348,2.53705546932174,0.0111789239902011,0.0164795208214769
"Btla",1.56166789952954,-0.723017518614799,0.204341248595082,-3.53828472511448,0.000402735529446384,0.000646656248449745
"Cd200",1.54676190918751,0.809985559722153,0.213067264459073,3.80154859442398,0.000143794528733945,0.000234638149418941
"BC016579",4.57973972536577,-3.77024120901722,0.263202345339192,-14.3244970106876,1.53837854029773e-46,4.29085545303456e-46
"Abhd10",8.96560752625311,-4.82755335069972,0.278226892405277,-17.3511385221084,1.93373489548534e-67,6.52494903324725e-67
"Phldb2",3.29292541983456,-2.93470775328583,0.252373307930706,-11.6284395419963,2.9544908072625e-31,7.23718536551395e-31
"Plcxd2",1.19726795677349,0.177780405527486,0.213892195871082,0.831168265880249,0.405878579309342,NA
"Cd96",1.19310266050686,0.0774038600278231,0.21472127005163,0.360485293372247,0.718484252600655,NA
"Dppa4",14.6307222194598,-5.66158945724622,0.281536905214003,-20.1095819141107,6.08344105530363e-90,3.07113755403143e-89
"Retnlg",2.18403731755796,1.58031321983431,0.247907143457046,6.37461751927338,1.83420123645342e-10,3.4194751622453e-10
"Dzip3",22.6263657012919,-6.23681322909905,0.283987774177161,-21.9615553774097,6.7160497127322e-107,4.75037662607887e-106
"Cd47",2.9229731878034,0.660750763938857,0.18459581923024,3.57944598471499,0.000344323407462885,0.000553973859440979
"Bbx",7.69806863857109,-4.40180341421183,0.264325027721049,-16.6529951861282,2.87828898862028e-62,9.19502357441729e-62
"G730013B05Rik",6.94550959703708,-4.46006733501398,0.27390405338549,-16.2833199431953,1.29640765441509e-59,4.01617089379632e-59
"Cblb",1.22846022597983,0.155759015571352,0.211561422848726,0.736235432121884,0.461587432705797,0.48603196058224
"Alcam",1.23190399239891,0.253156036048594,0.212397263056379,1.19189876745914,0.233300941540083,0.276695742225986
"Nfkbiz",1.553446328393,0.355084485126486,0.195909758225853,1.81249003797519,0.0699105118396169,0.0942005347967992
"Fam55c",1.21311083007451,0.138523791014031,0.214863726735744,0.644705335416609,0.519118158100533,0.540189398685829
"Rpl24",9.76500932701082,3.37797940922236,0.214095522912001,15.7779077454637,4.41584537931063e-56,1.32627807134646e-55
"Zbtb11",1.2124094885892,0.0772293543163181,0.213345911222682,0.361991255767302,0.717358564854635,0.730224972351964
"Pcnp",1.51481551752748,0.426396761920424,0.200492129177451,2.12675062941263,0.0334408083745542,0.0471340676968201
"Rg9mtd1",1.22851652836234,0.148407387910956,0.214700268805119,0.691230564064468,0.489420659391737,0.512050895553324
"Senp7",1.18517101354052,0.128504258262601,0.214966677299099,0.597786875050422,0.549982149358343,NA
"Abi3bp",1.22499663427184,0.262406551547952,0.21226025911257,1.23624908706432,0.216365989585677,0.259521314600617
"Tfg",413.149922801379,-10.2947341737297,0.163550523726656,-62.9452840575149,0,0
"Tmem45a",1442.33843057012,-12.3097684357135,0.168515442564789,-73.0483108750157,0,0
"Tomm70a",1.68251386441382,-0.928157411115991,0.20190267566422,-4.59705354603418,4.28507523924755e-06,7.33981714483091e-06
"Nit2",2.20566534376291,-2.16328952834289,0.238034002800181,-9.08815338520719,1.00735355375601e-19,2.150229217177e-19
"Tbc1d23",1.1769463839753,0.118431204518168,0.21517000735031,0.550407586896414,0.58203984607381,NA
"Filip1l",2.35526631738343,-1.39378215950478,0.217231464565358,-6.41611546602373,1.39795433908329e-10,2.61225045642197e-10
"Col8a1",4.19650763218488,-3.61389299074422,0.249244664838139,-14.4993795277067,1.22249939454472e-47,3.43735353596737e-47
"St3gal6",30.6961805030483,-6.58227489235558,0.281625289385754,-23.372456737504,8.14787675128324e-121,7.45520011248002e-120
"Gm813",31.1035787759198,-6.79710424793978,0.312032666327775,-21.7833098307719,3.3404626363581e-105,2.28235797929179e-104
"Cpox",1.81544780776554,-1.62024164321401,0.222470609693471,-7.28294692699609,3.26605743247361e-13,6.36981871754614e-13
"Gpr15",6.22108766373335,-4.29932523977943,0.269280506227114,-15.9659728066366,2.20575574062361e-57,6.70395631211367e-57
"Cldn25",10.1508329302296,-4.64994808669338,0.247205439380012,-18.8100557105677,6.24720933942473e-79,2.52305088988759e-78
"Olfr172",6.29521199661386,-4.31902087845512,0.250523040833627,-17.2400145874143,1.33003265595399e-66,4.4447954315492e-66
"Olfr183",1.5496796025526,-1.32795444585788,0.212788287188112,-6.24073093216792,4.35530872534854e-10,8.06910791351177e-10
"Olfr191",11.9949455723654,-5.35484412558488,0.257432301970586,-20.8009798482737,4.2405720948872e-96,2.41525219152331e-95
"Olfr193",1.82437436793189,-1.81204509427956,0.208918204279318,-8.67346673082116,4.19159648349589e-18,8.74680537431484e-18
"Olfr199",285.47880110393,-10.0318662419577,0.189610679958788,-52.9077066974187,0,0
"Olfr203",138.087700532594,-8.97935911580157,0.202549117380333,-44.3317612633222,0,0
"Olfr204",3.20804418494452,-3.10579886792249,0.251695699991343,-12.3394991175031,5.55000683589277e-35,1.40465627555686e-34
"Olfr205",32.1868243901225,-6.8478740464286,0.281289121156207,-24.3446103364438,6.61168726257801e-131,7.07233760464287e-130
"Olfr206",1.90725706370408,-1.93638089087235,0.22190485846529,-8.72617618318276,2.63428185438824e-18,5.50588639836101e-18
"Mina",1.19306835659347,0.148412879432596,0.214547923510547,0.691746985960924,0.489096234406614,NA
"Nsun3",14.3798518004815,-5.63521655466284,0.296698233372859,-18.9930910292313,1.94533507336836e-80,8.08813148783976e-80
"Arl13b",23.6629870187053,-6.26287083324214,0.293430563187137,-21.3436213501998,4.46951861534201e-101,2.82798632388913e-100
"Pros1",36.6728734819052,-6.78467433428793,0.272198534343022,-24.9254624043565,3.94139738604286e-137,4.62339198991994e-136
"Epha3",14.8491234611935,-5.66234170660415,0.292760411054581,-19.34121381442,2.41718015492083e-83,1.06075497340788e-82
"4930453N24Rik",1.27474295474354,0.316040919151503,0.211327223440216,1.49550499934009,0.134782696150503,0.170882100887308
"Cggbp1",1.44386469162349,0.497558763084661,0.208506405818032,2.38629964932056,0.0170188777626682,0.0247288912793676
"Chmp2b",1.37696060863739,0.45827199473409,0.208779211062742,2.19500779029369,0.0281630389248177,0.0400302418482092
"Gbe1",1.80972914013863,-1.69073068154807,0.223891520827329,-7.55156191400393,4.30069008357946e-14,8.51008424423229e-14
"4931420L22Rik",53.4989871431516,-7.59681373558738,0.279240531809966,-27.2052688280843,5.62654486661369e-163,9.23602647915832e-162
"Robo1",1.73807668556098,-1.65475474986717,0.219017308553851,-7.5553606278579,4.1770088428302e-14,8.26848166840108e-14
"Mir691",22.5721645852471,-6.31892904223692,0.288568279648684,-21.8975178073274,2.74323373082186e-106,1.90929067665202e-105
"Rbm11",72.5056597876046,-8.04164562701012,0.215932626136035,-37.2414570734853,1.45686525869442e-303,7.00906603722108e-302
"Hspa13",1.94988020991461,-1.82163047148966,0.225897077260769,-8.06398424264172,7.3847281853363e-16,1.50022499036604e-15
"Samsn1",21.6878612548703,-5.52226698901509,0.26361003066,-20.9486223843189,1.93137852219739e-97,1.13278605459218e-96
"Nrip1",1.21652262739512,0.196970741981139,0.213570568521641,0.922274746677842,0.356385282950854,0.392000127749348
"Usp25",1.50109211796694,-0.504081052981522,0.201416638793439,-2.50267830900742,0.0123257519937477,0.0181138585043251
"2810055G20Rik",8.39527021755479,-4.77947431638196,0.27443339525914,-17.4157897651954,6.26188293911566e-68,2.12806178009009e-67
"D16Ertd472e",1.27575947775297,0.271457679736965,0.212113776850548,1.27977392024013,0.200624658503491,0.242915550177492
"Mrpl39",1.204892066859,0.148423269949014,0.214577423247117,0.691700308928043,0.489125552946823,0.512050895553324
"Atp5j",2.67927930176387,1.62264701866208,0.198444321959518,8.17683772777886,2.91390010278758e-16,5.9520870814131e-16
"Gabpa",1.20501344570193,0.0981507442204045,0.215790515313363,0.454842716686939,0.649222396335067,0.663963458881628
"App",1.61693124492327,0.963280742254979,0.203135864890687,4.74205154650236,2.11564773473713e-06,3.65442792035997e-06
"Cyyr1",2.71535206798956,-2.63032979241542,0.245042939446128,-10.7341586677044,7.03569005268438e-27,1.64139897541955e-26
"Adamts1",1.5155714922672,-0.271726701008686,0.193810982366166,-1.4020191100178,0.160909540194845,0.19970228241015
"Adamts5",2.36584830417461,-2.44712704567699,0.222493513819145,-10.9986444263996,3.87919386174916e-28,9.19173488803023e-28
"N6amt1",1.21674848237452,0.158250967500579,0.214436117307448,0.737986536445659,0.460522630650301,0.485759357622077
"Ltn1",25.0542804690416,-6.37934613853372,0.274155334672117,-23.2690935821594,9.11660317026478e-120,8.17674717333027e-119
"Usp16",1.24393915811832,0.187379095895351,0.213852907864552,0.876205508573357,0.380918322419878,0.414225210457603
"Cct8",1.76916210841471,0.846925332242496,0.203733012152146,4.15703534393345,3.22404127742222e-05,5.37941360656672e-05
"Bach1",1.30964776625365,0.426018926490827,0.20922067621084,2.0362180937677,0.0417284601515001,0.0582724884940691
"Krtap26-1",24.020625237611,-6.41205199233932,0.274620561010575,-23.3487688203084,1.41842467010289e-120,1.29217744815656e-119
"Krtap27-1",2.80036294027815,-2.83124566701045,0.241965910337776,-11.7010105392868,1.25944660683666e-31,3.09743759137214e-31
"2310061N02Rik",2.88221102739064,-2.88982638292676,0.235749065519811,-12.2580608179926,1.52096146826348e-34,3.83917740054901e-34
"Krtap16-1",2.44571600844174,-2.53401761166125,0.237736887789211,-10.6589163979804,1.58432559777156e-26,3.68054277719962e-26
"Krtap16-5",2.51870644847576,-2.60336175423398,0.241311825030303,-10.7883720737973,3.90647939451578e-27,9.14841742457263e-27
"Krtap7-1",2.43869555617876,-2.52999151160028,0.232022824843015,-10.9040630520384,1.10222905875672e-27,2.59757818813095e-27
"Gm10789",290.643589361966,-10.0577845074788,0.22613573193125,-44.4767592524327,0,0
"Sod1",1.49557547269627,0.580505824698825,0.207135179400841,2.8025457885908,0.00507010187179483,0.00768130366297171
"Scaf4",14.1290376689831,-5.56390377140305,0.298083301205787,-18.6656003502924,9.43093732553664e-78,3.73374993092918e-77
"Hunk",2.19721449771379,-2.27407234049222,0.229313605639474,-9.91686618048956,3.51623011245361e-23,7.8422222546498e-23
"2610039C10Rik",1.33583444517223,0.0406194965236617,0.201532815909292,0.201552766185454,0.84026637441288,0.848392741670258
"Urb1",21.6794510246432,-6.25748648632768,0.304276062273476,-20.5651619111056,5.63116323850028e-94,3.07475649633593e-93
"1110004E09Rik",1.26690745487552,0.132863962891673,0.206743078780467,0.642652531225758,0.520449588717947,0.540714326457188
"Synj1",1.27448123509913,0.307182056595987,0.211478925813143,1.45254216425993,0.146350914142908,0.183714983016129
"Gcfc1",1.19315532300212,0.0981399215207102,0.215722272774014,0.454936434048789,0.649154970392518,NA
"Olig2",13.1258663639075,-5.49438890725948,0.261921910694614,-20.9772022992976,1.05945914238945e-97,6.27026839373351e-97
"Ifnar2",6.41159343632324,-3.53643939847761,0.270101919560498,-13.0929813613765,3.61148773366346e-39,9.55255432973056e-39
"Il10rb",1.48759532842573,0.56829820244042,0.204426226532972,2.77996718952673,0.00543643909737607,0.00822199394127281
"Ifnar1",1.27980191376179,0.30729277610179,0.211411463557486,1.45352939207212,0.146076825098899,0.183714983016129
"Ifngr2",1.45549890688367,0.609428291336475,0.206737259714946,2.94783965007937,0.00320003003961067,0.00490217367770146
"Tmem50b",1.32831998320833,-0.453993205125077,0.201741563366094,-2.25037021400112,0.0244254541688272,0.0349030579691427
"Gart",1.22496693154081,0.168054290326641,0.214242130933174,0.784412895795274,0.432797873928987,0.461156984598221
"Son",2.33939690054191,1.29271543780734,0.20371230573872,6.34578963268605,2.21287448613524e-10,4.12050821817973e-10
"Donson",1.18541679905436,0.128536871352728,0.214967798976033,0.5979354673816,0.549882993178569,NA
"Gm10785",7.11297664964096,-4.5215907034798,0.255668542901756,-17.6853618836373,5.43708645144674e-70,1.90672430477339e-69
"Cryzl1",10.7665418537433,-4.91101840893121,0.267270422710632,-18.3747171090767,2.09396699381586e-75,8.03713802038145e-75
"Itsn1",5.91403523303978,-4.15563788894201,0.264055495543267,-15.7377443722283,8.33626610287692e-56,2.49872575693468e-55
"Atp5o",3.01238407118677,-1.10380530329972,0.21115223970682,-5.22753301045883,1.71786734872438e-07,3.03409492821562e-07
"Mrps6",1.28166748974748,0.0946838472712745,0.204076552968386,0.463962399864438,0.642674684684599,0.658765214345333
"Fam165b",20.19414852668,-5.58612649217075,0.293405298176561,-19.0389421284725,8.11501489910862e-81,3.40243998179494e-80
"4930563D23Rik",6.3946357296034,-4.34560638748875,0.261847224401995,-16.5959612419541,7.45408283409125e-62,2.36824786329618e-61
"Rcan1",2.3741099713544,-2.16566064198492,0.23006700824577,-9.41317339890582,4.81379161440156e-21,1.04287164254726e-20
"Runx1",1.42308184784358,0.535657230532132,0.208181442185763,2.57303064532601,0.0100812280810017,0.0149089998086612
"Setd4",1.25050766726445,0.0486694992828545,0.205140351050487,0.237249761120261,0.812463034287235,0.822149275754457
"Cbr1",1.24452137938368,0.225378839436051,0.212984096928771,1.05819562439643,0.289966265717644,0.331827717078859
"Dopey2",1.31998748181325,-0.572274304973044,0.202205580256762,-2.83016079104428,0.00465246161623354,0.00706600222192001
"Morc3",1.35290071726878,0.335089470063825,0.208313841573334,1.60857995576766,0.10770822003613,0.139374543527169
"Chaf1b",2.0327621610446,-2.06751796835795,0.227559314423859,-9.0856222413596,1.03107200877554e-19,2.20040714873602e-19
"Hlcs",1.1849539457658,0.0772149667179139,0.213231691439569,0.362117686149843,0.717264087634579,NA
"Ripply3",1.29500598346264,0.41795155934269,0.210143608838059,1.98888541818454,0.0467138516256732,0.0647322286928627
"Pigp",2.12818960846609,-1.46658797338159,0.215491689808303,-6.80577508434889,1.00506631187719e-11,1.91511084066396e-11
"Ttc3",1.33079641877342,0.324888196205939,0.211311386520228,1.5374855163086,0.124174459170533,0.158746132980675
"Dscr3",1.2283687754714,0.196964076303808,0.213586094703981,0.922176495510111,0.356436521170712,0.392000127749348
"Dyrk1a",2.81309113464273,-2.62946417236288,0.241994867364944,-10.865784886245,1.67774242478311e-27,3.9476292347838e-27
"Erg",5.22791336764788,-3.99109934854195,0.266136118348265,-14.9964588546348,7.74422216622556e-51,2.23774368711306e-50
"Ets2",2.2140927576942,-1.9062697878377,0.195752546930326,-9.73816084506017,2.07271560465818e-22,4.57874543221147e-22
"Psmg1",22.5708909116604,-6.15181045378834,0.297882488070133,-20.6518029765482,9.4043812283283e-95,5.22521234825692e-94
"Brwd1",1.3352017490075,0.215935885485834,0.213676974908113,1.01057161436646,0.312221507398636,0.351557354413418
"Hmgn1",1.85670121707046,0.834576620116537,0.205899000728058,4.05333011411166,5.04936715796478e-05,8.36354008077936e-05
"Itgb2l",1.38131920275052,-0.912077420263625,0.197731127395676,-4.61271541955295,3.97442287982177e-06,6.8177743781366e-06
"Dscam",28.7558219723797,-6.67996957923549,0.300599537554388,-22.2221552088278,2.09758794297087e-109,1.55531378725965e-108
"Tmprss2",89.9995885782015,-8.35681326123129,0.266373744926158,-31.3725110691667,4.799049250816e-216,1.34682995103546e-214
"Zfp295",10.9715211637072,-5.16997901224447,0.285633118734111,-18.1000684905068,3.18271814960944e-73,1.16957330101804e-72
"A630089N07Rik",1.24944764335063,-0.445209102224128,0.197784079531611,-2.25098553573404,0.0243864535100672,0.0348520978295826
"Scaf8",1.25991498130012,0.106111455754942,0.209985373970928,0.505327841403054,0.613328591126125,0.630355433289697
"Arid1b",1.32702331426772,-0.14799012077298,0.200122531969053,-0.739497543414381,0.45960493089093,0.485759357622077
"5730437N04Rik",7.9634184416691,-4.50037128137149,0.270904005959865,-16.6124205709908,5.66600260111598e-62,1.802348176589e-61
"Ldhal6b",68.7762690508083,-7.96447141847703,0.260194243993248,-30.6097140976097,9.08893162224943e-206,2.34292459595763e-204
"Snx9",1.20527818557353,0.0981444355084748,0.215819973726508,0.454751401428886,0.649288096823399,0.663963458881628
"Synj2",1.38979493011324,-0.88894797459944,0.191063606052119,-4.65262847785333,3.27730413193505e-06,5.63303509012215e-06
"Gtf2h5",1.48730330496345,0.543337745494662,0.207706439523474,2.61589263549653,0.00889945360713895,0.0132181385202064
"Tulp4",1.24687573461275,-0.0632196953148032,0.203803248627027,-0.310199644709783,0.756409140694451,0.7680326229187
"Tmem181b-ps",20.6962005256903,-6.16691618926687,0.294338890825152,-20.9517545302236,1.80844277628453e-97,1.06367000475552e-96
"Dynlt1f",1.18161901075361,0.108365582081843,0.215440379928009,0.502995687800281,0.614967303949067,NA
"Tmem181c-ps",1.21921976450438,-0.250545797161953,0.202873840568672,-1.23498326082679,0.216836734026375,0.259521314600617
"Sytl3",1.19276917114902,0.118480074571129,0.215320449075172,0.550249988238533,0.58214792150506,NA
"Ezr",2.9238158313265,-1.26546702409631,0.213680432153889,-5.92224103695627,3.17583671546493e-09,5.79038339319838e-09
"Rnaset2b",1.91896739745001,-0.324301977356008,0.190187441883174,-1.70517030012537,0.0881626674181853,0.116287839273008
"Ttll2",9.09192115693501,-4.91856419958353,0.25942570405992,-18.9594327879225,3.69103100659313e-80,1.52611341421118e-79
"Tagap",1.29850979159472,0.214024939956901,0.212695751506203,1.00624924776957,0.314295687486819,0.35343030777277
"Fgfr1op",1.1814680450978,0.0981388067341596,0.215667548920455,0.455046701394822,0.649075641070638,NA
"Ccr6",3.375963372593,-3.1813281391893,0.241453605007142,-13.1757326178468,1.21046657527708e-39,3.21068878198493e-39
"Brp44l",1.76471380524389,0.859776554905738,0.198616065679813,4.3288369043206,1.49898888043772e-05,2.52695687256092e-05
"Sft2d1",2.36619414514832,-1.18297186746151,0.213851760615675,-5.53173779844389,3.17073631575104e-08,5.68673546408536e-08
"Prr18",5.41601818817898,-4.04040009145606,0.271720035361312,-14.8697172296605,5.18317950499069e-50,1.48823965984881e-49
"Gm16702",22.9334050633548,-6.34255417179196,0.303969666615999,-20.8657470411495,1.09667739598631e-96,6.32908347932399e-96
"1700010I14Rik",23.1675153185646,-6.33601448699215,0.282952753268139,-22.3924821858434,4.65906593978375e-111,3.55041229279871e-110
"6530411M01Rik",3.51400728485627,-3.28247916993845,0.2513075101233,-13.0616039621257,5.45658612751833e-39,1.4389178876305e-38
"Qk",1.41893459447817,0.594889678261696,0.206684887003802,2.87824468874086,0.0039989482919881,0.00610098205003007
"1700110C19Rik",24.127882862247,-6.41869982301497,0.291849931935113,-21.9931516874296,3.34901101209496e-107,2.38497100724907e-106
"D17Ertd648e",49.8512484045944,-7.49318479639685,0.277621451782754,-26.9906548945665,1.90263354635554e-160,3.02797168048046e-159
"Agpat4",1.41631003203275,0.561126047207029,0.204300822831797,2.74656773002334,0.00602224499674591,0.00907640216053519
"Map3k4",1.19339490997537,0.128535808107561,0.215037621869035,0.597736372781521,0.550015851703756,NA
"Slc22a1",1.45802942204956,-1.11385656396543,0.184239850325649,-6.0456875208955,1.487741971855e-09,2.73114580379219e-09
"Igf2r",13.5094100982115,-5.48147979817769,0.279869221401842,-19.5858614631556,2.04124293834514e-85,9.32221184441089e-85
"Mrpl18",1.63231858166477,0.151488072877173,0.19110905249622,0.792678687369712,0.427965050590759,0.458345827674141
"Tcp1",1.63412638737536,0.744731902675593,0.203939643286086,3.65172700449851,0.00026048270450966,0.000421749292041075
"Acat2",1.21271091889862,0.147275368682883,0.213177177483842,0.690858986037781,0.489654162660817,0.512050895553324
"Wtap",1.49912906138897,0.589560650092358,0.204157228219593,2.88777749988956,0.00387974209044868,0.00592430999331348
"Sod2",1.81966282849783,-0.227255256310311,0.19449039449662,-1.16846519283635,0.242619171467705,0.286467332065465
"Tcp10b",2.26705151873566,-2.36025831601436,0.231701930881327,-10.1866147901169,2.27550209790925e-24,5.13648473560488e-24
"2700054A10Rik",17.2716569450749,-5.91490304296658,0.277700129801973,-21.2996048910185,1.14482633582516e-100,7.19132788568873e-100
"Mllt4",1.21217960533464,0.234654513715614,0.21267107051735,1.1033682820366,0.269867264920204,0.313589896068377
"1600012H06Rik",1.21645006592246,0.136493446005477,0.211969302754862,0.643930249482061,0.519620665231281,0.540189398685829
"Phf10",1.20050284987119,0.0870009864642461,0.211614057757095,0.411130467353504,0.68097687048073,NA
"Fam120b",1.26042926925509,0.18740498749526,0.213952032729859,0.875920574832219,0.381073213488389,0.414225210457603
"Psmb1",2.714978293444,1.51951250432046,0.195860581772653,7.75813331385,8.61885274842073e-15,1.72113279826917e-14
"Pdcd2",1.3233597440389,0.243970894525532,0.212884500579978,1.14602469348808,0.251784934824085,0.294884914585097
"Chd1",1.40002418629437,0.157769838024532,0.204219537952165,0.772550166387539,0.439788646622543,0.467032191103586
"Zfp97",1.17369281952584,0.0981595961487277,0.215638685804387,0.455204017695469,0.648962470344133,NA
"Riok2",1.38756296235323,-0.387773733008033,0.199801426224637,-1.94079562060812,0.0522830724336392,0.0719719509766868
"Lnpep",1.20083305605639,0.128480376410969,0.215037466369553,0.597479028097219,0.550187604727103,NA
"Mirlet7e",18.616226170167,-6.02847661281621,0.288026041213696,-20.9303179233835,2.83598675862669e-97,1.65776605599455e-96
"Fpr1",17.4198952695115,-5.78216363714094,0.283582773559358,-20.3896857505368,2.06467838679672e-92,1.08919870430307e-91
"Fpr2",1.20854031820777,0.225344230237802,0.212948835999266,1.05820832116959,0.289960478446828,0.331827717078859
"Fpr-rs4",1.46995460807165,-1.15370707342347,0.204251980750746,-5.64844986659576,1.61901050372681e-08,2.91925209998409e-08
"Vmn2r95",1.58754879916504,-1.41259390787947,0.218481912638417,-6.46549588851909,1.00967149162368e-10,1.89245428591585e-10
"Vmn2r96",14.6484685683846,-5.66342345301046,0.294130511188251,-19.2547975731281,1.28676577951869e-82,5.5465874228634e-82
"Vmn2r106",3.9421731480928,-3.49896692578674,0.252265855191478,-13.8701566374526,9.60667821086339e-44,2.62668274136416e-43
"Vmn2r107",11.4491758228864,-5.28224963267,0.269166980177001,-19.6244339821938,9.56362369084448e-86,4.40618849657619e-85
"Vmn1r224",7.59238542612598,-4.62829036360139,0.272650482994719,-16.9751775708061,1.25374485309607e-64,4.10573910486919e-64
"Vmn2r108",22.4427636054275,-6.31011840850943,0.278287227225882,-22.6748402052517,7.93694576504563e-114,6.43336287166742e-113
"Vmn1r230",46.6538012919507,-7.39577351452448,0.280581431632655,-26.3587418151292,4.07495092737249e-153,5.86792933541639e-152
"Ppp2r1a",6.98513778261983,-3.94035582963875,0.260701627979992,-15.1144274018157,1.30097020809405e-51,3.77911212367889e-51
"Vmn1r233",39.33480655687,-7.14448564496172,0.261503129961884,-27.320841804085,2.3988281660321e-164,4.03281256898151e-163
"Zfp160",82.0423376079237,-8.21089232228631,0.259979307170634,-31.5828686969197,6.34667832369621e-219,1.84566355708603e-217
"Vmn1r234",20.8152631056768,-6.19704039191254,0.283775897412527,-21.8377968263593,1.01534655473329e-105,7.0060925521583e-105
"Zfp54",12.9341145180845,-5.46028367749632,0.276585681347227,-19.7417438636003,9.44609469056303e-87,4.4482286228903e-86
"Zfp53",1.25991318378731,0.190168826170775,0.208239352583447,0.91322232715149,0.361125623567703,0.395733337886724
"Zfp52",1.23236662207499,0.158255587276881,0.214474250528585,0.737876863478251,0.460589279645068,0.485759357622077
"Zfp942",1.17366615264274,0.0981563063422901,0.215638546455129,0.455189055741083,0.648973233376232,NA
"Zfp943",1.19730584050584,0.128534721955848,0.215011727933263,0.597803306784009,0.549971183972147,NA
"Gm4944",1.19700766763406,0.118458029418458,0.215271624999984,0.550272379922187,0.582132565531022,NA
"Zfp944",1.18142155001353,0.128531655337565,0.214952680106905,0.597953257775805,0.549871122177071,NA
"Zfp758",1.17755198319107,0.046071901694149,0.216902819554629,0.212408035030385,0.831788717750222,NA
"Zfp945",1.24023149633443,0.225360211432525,0.213040180249322,1.05782961302786,0.290133129481126,0.331827717078859
"Thoc6",1.21648627003413,0.187375795058419,0.213730581002633,0.876691553353847,0.380654195857309,0.414225210457603
"Hcfc1r1",1.57953506904667,0.797291987630954,0.204093600442731,3.90650165366001,9.36420027960977e-05,0.000153883599746775
"Tnfrsf12a",1.19713406529231,0.177759080153092,0.213877967592471,0.831123851390804,0.405903666879659,NA
"Flywch1",1.17731938169936,0.128505661428592,0.21495020022458,0.597839226454916,0.549947214078884,NA
"Srrm2",2.29173013049489,1.13767081703137,0.203785452838019,5.58268905453062,2.36827945384998e-08,4.25410142776907e-08
"Tceb2",2.9778098283555,1.78650340320758,0.198339926640545,9.00728075010984,2.11228807121492e-19,4.49038637008425e-19
"Kctd5",1.19736091530364,0.138509521244445,0.214794176194726,0.644847656944275,0.519025914855177,NA
"Pdpk1",1.263537067102,0.262316861850568,0.21231343965417,1.23551698977628,0.216638157342468,0.259521314600617
"Amdhd2",1.22471340456292,0.177744854361106,0.213978805896998,0.830665698950887,0.40616250880485,0.436795720715753
"Abca3",1.20755095582762,-0.0684992381044275,0.207376651695737,-0.330313164689964,0.741163346685737,0.753578626743192
"Rnps1",1.40503844871696,0.450275637972692,0.20905912650647,2.1538195700763,0.0312543243629616,0.0441595813167302
"Eci1",1.3501919679487,0.393152913918473,0.209892787236884,1.87311302638886,0.0610527789274542,0.0833735790716314
"E4f1",1.22015165826945,0.215938873522421,0.213102958787616,1.01330772107032,0.310913200695269,0.351037806053935
"Pgp",1.468337560088,-0.207498299902564,0.190438762342119,-1.08958017449094,0.275898120159336,0.318696213151524
"Traf7",1.29115391935046,0.289445558095416,0.21180908006285,1.36653989531294,0.171769567735659,0.211829792717247
"Pkd1",1.21261258295047,0.187383735160295,0.213827178755543,0.876332635780227,0.380849228059102,0.414225210457603
"Slc9a3r2",1.5731865196597,0.853479069434173,0.20810582273424,4.10117822855972,4.11051798406177e-05,6.83449717369086e-05
"Zfp598",1.204876415499,0.148424230819263,0.214591008728928,0.691660995949522,0.489150246749082,NA
"Gfer",1.34217438479192,0.342172414183139,0.210968675523743,1.6219109938178,0.104822407233758,0.135994275073995
"Tbl3",1.20476491796516,0.177756875344128,0.213905821154526,0.831005319933376,0.405970624029708,NA
"Snhg9",1.24830702773473,0.234701887144981,0.212820581790296,1.10281573882852,0.27010719182015,0.313589896068377
"Rps2",12.9826656408282,3.70074868487003,0.221503283555509,16.7074213323913,1.15733122426854e-62,3.71541758344513e-62
"Ndufb10",1.90204569758637,1.04000045035296,0.201463962574533,5.16221579811431,2.44043719915571e-07,4.29721105737656e-07
"Sepx1",3.77278244976723,2.57946510147521,0.247693699787875,10.4139310111007,2.14190287267435e-25,4.91352801378163e-25
"Hagh",1.23647452414291,0.234707277262725,0.212778532692545,1.10305900831578,0.270001540625374,0.313589896068377
"Nubp2",1.32676838335633,0.254682445137846,0.208417683680582,1.22198097896611,0.221714820097016,0.2642795107524
"Spsb3",1.25967055949361,0.280462523215252,0.211880542959815,1.32368229426542,0.185608581180353,0.227031556315038
"Mrps34",1.43207269594707,0.429493811937137,0.20817887276912,2.06309990165749,0.0391031375264372,0.0546574850416393
"Nme3",1.41312977523415,0.251347597191959,0.202757014910397,1.23964932756105,0.21510512716536,0.259258546248713
"Mapk8ip3",1.24031688475089,-0.0187163634518037,0.206727351476577,-0.090536464179121,0.927860918697477,0.931967287973991
"Hn1l",1.2039006556356,-0.0209700138326222,0.209004897182314,-0.100332643470694,0.920080242496923,NA
"Tmem204",1.2591818937743,0.34219567679534,0.210908306200746,1.62248553866642,0.104699427051563,0.135948916404084
"Telo2",1.25485205283568,-0.363722937780585,0.200429786010223,-1.81471499331957,0.0695677197188232,0.0937749507894789
"BC003965",1.33000393986963,0.324815446715758,0.211226089994071,1.537761962667,0.124106827114689,0.158746132980675
"Gnptg",1.29905795540275,0.307264927942418,0.21147240853654,1.45297880734794,0.146229638224046,0.183714983016129
"0610007P22Rik",1.21334033314113,0.118489435962188,0.21535839305262,0.55019650863218,0.582184598005217,0.600036908991535
"Ube2i",2.13918850820243,1.18685475358684,0.199904436663822,5.93711061842397,2.90088951545432e-09,5.29555631077865e-09
"Lmf1",1.18921132661396,0.107214483401374,0.212531367592854,0.50446428033515,0.6139351569326,NA
"Narfl",1.18121413929405,0.118455037886608,0.215200103752706,0.550441360487115,0.582016686592569,NA
"Haghl",1.19682356491926,0.168016863400481,0.214111222583076,0.784717687253826,0.432619110179678,NA
"Ccdc78",9.01190131555164,-4.90485781476057,0.272736166053907,-17.9838922198206,2.605437918164e-72,9.4545609543386e-72
"Fam173a",1.48453901712327,0.565837869868809,0.207173417519376,2.73122815003951,0.0063098773518857,0.00950304667537316
"Metrn",1.19295688381286,0.118473434160618,0.215283682899247,0.550313115072746,0.582104630291332,NA
"Jmjd8",1.1774184972973,0.0671158136327242,0.214896066756873,0.312317552599309,0.754799201714195,NA
"Stub1",1.49970443556704,0.573158643105163,0.207227123349997,2.76584760643096,0.00567750599445914,0.00856920089376224
"0610011F06Rik",1.27569783765686,0.25317058463428,0.212536931955815,1.19118396179217,0.233581374292894,0.276695742225986
"Pigq",1.23206739956019,0.243947832811024,0.21260016058406,1.14744895836788,0.251196116854596,0.294845275205982
"Mrpl28",1.41224964552476,0.450291834009924,0.209090229447499,2.15357664105003,0.0312733877620597,0.0441745593608311
"Axin1",1.38005676037609,-0.637457241419831,0.192355205521812,-3.31395887982636,0.000919850336935526,0.00145415468164853
"Itfg3",1.19285110302877,0.17773381433169,0.213874254687996,0.831020145884185,0.405962248648077,NA
"Luc7l",1.28821411158716,0.225384186749431,0.213138386012187,1.05745469394961,0.290304121246045,0.331827717078859
"Dusp1",4.20460341064699,2.7756969292656,0.234572784254887,11.8329879490603,2.63588735619516e-32,6.51792136396908e-32
"Ergic1",1.21223278807193,0.167993248927458,0.2141952063483,0.784299759978224,0.432864240284924,0.461156984598221
"Atp6v0e",2.69091280571964,1.70353366582979,0.203384012607279,8.37594678161457,5.47816644936358e-17,1.13050123999517e-16
"A930001N09Rik",1.27605833089193,0.253215714767182,0.212509014828539,1.19155281469582,0.233436635996253,0.276695742225986
"Bnip1",1.23211713964316,0.215934384750676,0.213175599024115,1.01294137668284,0.311088163220965,0.351037806053935
"Phf1",1.26045806341484,0.262382219016637,0.212276505884163,1.23603984305176,0.216443753941453,0.259521314600617
"Cuta",1.70112885250398,0.815987762771637,0.204396871278214,3.99217344995931,6.54704555921099e-05,0.000108099249783588
"Zbtb9",1.17768609791809,0.0878900348418947,0.215897749214465,0.40709101952975,0.683941138968978,NA
"Ggnbp1",10.8632902228337,-5.18891239229861,0.284467424746058,-18.2407964529883,2.4486431250059e-74,9.1692375269231e-74
"Bak1",1.34540596072694,0.489820996730657,0.208168971231627,2.35299715338286,0.0186227766545398,0.0269917795742601
"Itpr3",1.21730584691157,0.128537102698787,0.215082326498818,0.597618152970338,0.550094748868305,0.569195319323794
"2900010M23Rik",1.60853043686555,0.719882876753794,0.205104400438256,3.50983633318245,0.000448382592727034,0.000718513318199576
"Lemd2",1.22420906353245,0.206465112541762,0.213372023475037,0.967629725674494,0.333229326076706,0.371194373059014
"Hmga1",1.19953564074401,-0.28230549171932,0.203099006425148,-1.38998952623317,0.164532057859291,NA
"AI413582",1.51380363973059,0.602087182982699,0.207150259895798,2.9065239082276,0.00365468969107724,0.00558310804431466
"Nudt3",1.24004985573714,0.215946448114507,0.213189048277262,1.01293405950975,0.311091658493323,0.351037806053935
"Rps10",12.6929882337744,3.6305695985901,0.215107273568412,16.8779490268396,6.53769592650711e-64,2.12297186540386e-63
"Pacsin1",1.21244543187828,0.158203164976996,0.214863840431048,0.736294970152341,0.461551206575139,0.48603196058224
"Spdef",1.21056125140217,-0.331676927180808,0.201131083830644,-1.6490585187722,0.099135646696151,0.129401954796611
"D17Wsu92e",1.66293733143566,-1.14199591324271,0.216405871391551,-5.2771022611325,1.31242655695756e-07,2.32603828836899e-07
"Snrpc",1.56249995946253,0.658880563398042,0.205775627377395,3.20193684643539,0.00136506921661576,0.00214048101854438
"Taf11",1.29138709657093,0.316152266419488,0.211249243399722,1.49658413602585,0.134501500506632,0.170882100887308
"Def6",1.37404085749259,0.364015451506451,0.20936644979638,1.73865226190956,0.0820959478023151,0.109043472653457
"Fance",1.1852627851032,0.128503454123072,0.214980725669615,0.597744070882696,0.55001071436261,NA
"Rpl10a",10.4104427978051,3.29607251469374,0.221028577966056,14.9124269134099,2.73623491083237e-50,7.87818325126585e-50
"Fkbp5",1.79564280030149,-1.56948648493255,0.174803795008005,-8.97856070493598,2.74331756232473e-19,5.81645721987615e-19
"Srpk1",1.38917684800595,0.434243069360576,0.209422632026215,2.07352503002741,0.0381234441679086,0.0533595330624703
"Mapk14",1.36494199014288,0.434150808143756,0.209306564364695,2.07423407603831,0.038057576945356,0.0532758172788454
"Kctd20",1.19292631217864,0.148411910809566,0.214546844156632,0.69174595130011,0.489096884282237,NA
"Stk38",1.4247080481587,0.580516432247336,0.206742908608695,2.8079146034754,0.00498634475511918,0.00756428934080852
"Srsf3",2.45620189156358,1.40851915477435,0.200818362256185,7.01389623413767,2.31771317968885e-12,4.46684984233923e-12
"Cdkn1a",1.59381207318686,0.934382910501887,0.210948158104987,4.42944332340107,9.44766368883009e-06,1.60041552671404e-05
"Ppil1",1.25148833044598,0.196952678469901,0.213734383383866,0.921483363377122,0.356798123143437,0.392000127749348
"BC004004",1.37771553716347,0.376379180405991,0.210416462875402,1.78873447097561,0.0736575886727618,0.0987778067750331
"Pi16",1.30986583363385,0.336613064400378,0.208442933909123,1.61489314167461,0.106333837732319,0.137647274138303
"Mtch1",1.32262366497769,0.384798798234089,0.210042899630298,1.83200098128232,0.0669512744133163,0.0907754941396132
"Fgd2",1.29107259521387,0.262297153595034,0.212697374107395,1.23319413178366,0.217503344231032,0.259928447089283
"Pim1",1.67760705463839,0.894761622273197,0.206402584625088,4.33503109420095,1.45739520333093e-05,2.45763300319414e-05
"Tbc1d22b",1.18513515822835,0.108337616127835,0.215452282225018,0.502838099504034,0.615078104512329,NA
"Rnf8",1.21283691417384,0.158269275461466,0.214407837470733,0.738169263439684,0.460411598216332,0.485759357622077
"Ftsjd2",1.22464776419099,0.177756342956966,0.213978033325502,0.830722388622777,0.406130475555978,0.436795720715753
"1110021J02Rik",1.2010796318346,0.108342852511898,0.215509843921771,0.502728091396261,0.615155456579112,NA
"Zfand3",1.31454090171843,0.417928059079061,0.209378351312788,1.99604236282634,0.04592931186694,0.0638569737502801
"Btbd9",1.24031064338128,0.17621957490186,0.21264841413942,0.82868981466433,0.4072799506933,0.437216200576555
"Gm6402",1.40492642301032,0.550897554204426,0.207285840705551,2.65767093559937,0.00786826775187966,0.0117662975551319
"Glo1",1.36246654056873,0.401528186349346,0.209779806126974,1.91404594065795,0.0556142859708847,0.0763864156737319
"Dnahc8",1.2571651488813,-0.357870858313151,0.19898287927908,-1.79850075348053,0.072097689351599,0.0970599454327135
"Abcg1",2.5170675916562,-0.629509300490024,0.220968203304404,-2.84886825831144,0.0043875044149438,0.00667622009794684
"Ubash3a",1.18149539315591,0.15828214936674,0.214263622685465,0.738726188715174,0.460073279907301,NA
"Ndufv3",1.80074770055954,0.952442001321956,0.202704896321219,4.69866302495552,2.61870112416928e-06,4.5129151099913e-06
"Pknox1",1.21256094061205,0.187381388552318,0.213730133332172,0.876719560461304,0.380638979657361,0.414225210457603
"U2af1",1.68655253985768,0.771911761077403,0.205151432785438,3.76264377292809,0.000168126597530263,0.00027370055796288
"Sik1",1.31105455067879,0.376423437503032,0.210244806237931,1.79040540519721,0.0733887620128182,0.098570756945393
"Rrp1b",1.18937605231287,0.108350867224909,0.21546870606715,0.502861270216855,0.615061812599368,NA
"Brd4",1.35776757047785,0.333510386442708,0.211214872628988,1.5790099546093,0.114333773763932,0.147308971750642
"Akap8",1.3187500377087,0.298362687121027,0.211717357502958,1.4092500050066,0.158761256299279,0.197436157265757
"Akap8l",1.28015525549051,0.298446990219139,0.21158625501906,1.41052163427277,0.1583857129361,0.197436157265757
"Rasal3",1.36302060258526,0.384871195188492,0.210395917205589,1.8292712154315,0.0673589885284676,0.0909856178337691
"A530088E08Rik",1.20102282226815,0.128506319904189,0.215093028566353,0.597445304297935,0.550210114102926,NA
"Pglyrp2",1.20540781040777,0.108370599305979,0.215525732014526,0.502819771416785,0.615090991587492,0.631479423586992
"Cyp4f16",1.27444987067747,0.298298399903941,0.211718265506427,1.40894031599218,0.158852817048719,0.197436157265757
"Zfp871",1.25196832169582,0.0379552408940868,0.208998241119063,0.18160555175421,0.855892291635384,0.863251427366768
"Zfp799",5.83980571503843,-4.15540487617019,0.256139215363072,-16.2232279437571,3.4554703284466e-59,1.06604935664842e-58
"Cyp4f13",1.20514098629369,0.14841655909801,0.214593252226425,0.691618014817213,0.489177245410306,0.512050895553324
"Zfp472",1.17752837776186,0.118479545999622,0.215186561381981,0.550589893898192,0.58191483825276,NA
"Zfp955b",1.86893555025676,-1.72074258300907,0.219999028107758,-7.82159174887914,5.21595337146924e-15,1.04499238530299e-14
"Adamts10",1.27984803932573,0.316138863189782,0.211225591689692,1.4966882595089,0.134474392578787,0.170882100887308
"Myo1f",1.48111984124374,0.713091448029152,0.205274238916142,3.47384772582429,0.000513052106478986,0.000819878155769266
"Zfp414",1.84650018287001,-1.65833254176555,0.222927598401957,-7.43888398589139,1.01539446772012e-13,1.99862711972061e-13
"Hnrnpm",1.72730768606606,0.822507128514362,0.204077805429235,4.03036051267011,5.56913701259612e-05,9.21131026798218e-05
"March2",1.56308090760072,-0.0549237691874646,0.192795672608524,-0.284880715652724,0.775735530754811,0.78704362887077
"Rab11b",1.83542861953494,0.414877549816331,0.189739149506235,2.18656798502565,0.0287740766218533,0.0407932319299496
"Angptl4",1.19324432281232,0.187421772952134,0.213724899111072,0.876929986780488,0.380524667449638,NA
"Kank3",1.30715821784778,0.434298319078116,0.209212055501444,2.07587616324108,0.0379054058461782,0.0531041917651772
"Rps28",13.0798605548811,4.23029808262501,0.230984887176554,18.3141768898135,6.37840496888467e-75,2.42059425209582e-74
"Ndufa7",2.12598770171499,1.25245678602216,0.19910303536895,6.29049569084309,3.16453835047976e-10,5.8754722352852e-10
"Cd320",1.17756681379928,0.138520929402565,0.214705522823429,0.645167052905682,0.518818934685025,NA
"BC051226",1.20103785217107,0.158266457375707,0.21435133559979,0.738350693886984,0.460301368433871,NA
"Daxx",1.25600917826376,0.316123269257385,0.211123769902204,1.4973362279568,0.134305792781409,0.170882100887308
"Zbtb22",1.18915829553677,0.118464094914584,0.215229652784947,0.550407870763748,0.582039651416368,NA
"Tapbp",2.0450874604068,1.1820488639498,0.20003976422916,5.90906947178599,3.44045597051716e-09,6.26628756667814e-09
"Rgl2",1.28720047619085,0.338685682097604,0.209323466399275,1.61800149750805,0.105662274939661,0.136845819423156
"H2-Ke2",1.68834828400788,0.246193962539301,0.191165882777256,1.28785512855431,0.197796397745008,0.24061924871334
"Wdr46",1.21307329699133,0.138505353049356,0.214849935213395,0.644660902093309,0.519146958527095,0.540189398685829
"B3galt4",1.18906497866901,0.138484930188622,0.214762315033698,0.644828820023161,0.519038123194916,NA
"Rps18",22.2396427937533,4.3984857060359,0.228936244587158,19.212710132324,2.89738305294663e-82,1.24071694309938e-81
"Vps52",1.19643496702404,0.117705249186066,0.21376957466717,0.550617408344138,0.581895972700433,NA
"H2-K2",1.48447377370165,-0.642027312061467,0.196585283016896,-3.26589713232138,0.00109117880449371,0.00171849550745427
"AA388235",1.74123402394694,-1.65237281217365,0.209603077861379,-7.88334231077682,3.18738330005179e-15,6.40544401396356e-15
"H2-K1",8.20905363579129,3.32306494647458,0.214912344710913,15.4624200435976,6.2216464286925e-54,1.8405777476778e-53
"Ring1",1.27157506572815,0.225345478404317,0.213129829050658,1.05731553113926,0.290367607382243,0.331827717078859
"H2-Ke6",1.37407203633854,0.3508599467802,0.210990130254447,1.66292113454347,0.0963282232234287,0.126086591079814
"Slc39a7",1.39327252992205,0.513100792478461,0.207862286200463,2.46846506818281,0.0135693895334894,0.0198938950610348
"Rxrb",1.29102613354096,0.316080013346645,0.211294285695275,1.49592314958527,0.134673682929742,0.170882100887308
"H2-Oa",1.6523780343077,0.280557576651517,0.215745432083712,1.30041027493299,0.193460390192678,0.235509150374482
"Brd2",1.48673738873155,0.609359820667305,0.206838095430704,2.94607151259259,0.00321837982819927,0.00492956065234747
"H2-DMa",1.99134946641208,1.0698064249026,0.216267646783634,4.94667806679791,7.54906714234954e-07,1.31682975716172e-06
"H2-DMb2",1.18157366501881,0.0567976801739092,0.215160707820796,0.263977938858684,0.791796918206583,NA
"H2-DMb1",1.69544669814121,0.808424207424726,0.214859357766102,3.76257388009502,0.000168173605372843,0.000273734399764964
"Psmb9",1.93502133103848,0.926732378612729,0.198299947780102,4.67338690194914,2.96272885512174e-06,5.0973779247645e-06
"Tap1",1.50921509218414,0.65867801830501,0.206146573717413,3.19519265553222,0.00139737527292568,0.00218883688662327
"Psmb8",3.11363276843645,1.66721462038683,0.204711610812015,8.14421133111897,3.81761957092186e-16,7.78436490633286e-16
"Tap2",1.5671511110719,0.623796131116504,0.206403840416966,3.02221184381233,0.00250934867879358,0.00387366556359678
"H2-Ob",1.64530030936869,0.37645837200029,0.212331777973715,1.77297235295083,0.0762332881933434,0.101943836139171
"H2-Ab1",10.9386574073493,3.16161873099386,0.303603622480312,10.4136396830999,2.14846994570655e-25,4.92751015667319e-25
"H2-Aa",10.1857611448744,3.03802337136673,0.303407220639769,10.0130226464641,1.33606840662e-23,2.99132622026866e-23
"H2-Eb1",7.8493093439577,2.58472874167581,0.287610676485702,8.98690122793238,2.54298986749466e-19,5.39390780508823e-19
"H2-Eb2",1.24540304829503,0.0981711359206727,0.215934683287819,0.454633477243768,0.649372946226651,0.663963458881628
"Gpsm3",2.19962350892946,1.27997303296576,0.199783500610323,6.40680050682633,1.48605054272489e-10,2.77587540992088e-10
"Pbx2",1.22798094907607,0.243932629131508,0.212556080033021,1.14761539210552,0.251127372758411,0.294845275205982
"Rnf5",1.33007325013247,0.315998380313095,0.211421114432109,1.49463964922277,0.135008512542307,0.17090928470252
"Ppt2",1.27884274879059,0.36789051131313,0.210168792624099,1.75045260868547,0.0800402449244529,0.10693884783866
"Atf6b",1.32297749707813,0.384825442602862,0.209934526985586,1.8330736164675,0.0667916240852341,0.0906178759518966
"Tnxb",1.18137195893321,0.158270637258851,0.214289647852557,0.738582749306441,0.460160402491604,NA
"Stk19",1.228476625114,0.168012723425558,0.214239687348595,0.784227822141003,0.432906442646224,0.461156984598221
"Dom3z",1.22771714343512,0.196914135116488,0.213610710331231,0.921836432317217,0.356613900784863,0.392000127749348
"Skiv2l",1.18935942407283,0.168062769668176,0.214069734242175,0.785084216893771,0.432404192883764,NA
"Rdbp",1.24728125730605,0.215875627836548,0.213270957817928,1.01221296160185,0.311436240122956,0.351037806053935
"Ehmt2",1.27483751593269,0.298316746474494,0.211622648461375,1.40966360946447,0.158639034855784,0.197436157265757
"Neu1",1.30287162405871,0.350814467630661,0.210705965948203,1.66494795746268,0.0959231391456488,0.12576349570346
"1110038B12Rik",1.23943931898101,0.21589517390728,0.213213210621503,1.0125787857045,0.311261397098366,0.351037806053935
"Lsm2",1.37704897526681,0.376286849615732,0.210491271421731,1.78766011091178,0.0738308609910789,0.0989085318551089
"Vars",1.40604789291684,0.376403373700999,0.210459739729073,1.78848160786261,0.073698340373749,0.0987943854008654
"Clic1",3.56761950589629,2.14484741830753,0.202332760921628,10.6005938363008,2.96094073701046e-26,6.86328181491768e-26
"Ddah2",1.31510920753483,0.458415385419526,0.209170646009955,2.19158564628475,0.0284094393103602,0.0403091256319871
"Abhd16a",1.31502388725513,0.359431530288312,0.210426468181805,1.70810988462615,0.0876159551436927,0.116060506021613
"Csnk2b",1.69137815377129,0.791161309435415,0.204280925568539,3.87290838453721,0.000107544261928114,0.000176230120001492
"Gpank1",1.26775048761024,0.243949289990405,0.212726741365747,1.14677303109239,0.25147543804112,0.294845275205982
"Bag6",1.28669466846714,0.298384685686228,0.211632097209262,1.40992169723284,0.158562805189982,0.197436157265757
"Prrc2a",1.33815289654738,0.359365155768801,0.210524977453628,1.70699534143381,0.0878229182796748,0.116090893515319
"Aif1",1.29302255855818,0.409467518065442,0.21074141456769,1.94298552520117,0.0520179072517927,0.0716163723735613
"Lst1",2.55511552511376,1.86122153461238,0.244639454938453,7.60801864556407,2.78329694970411e-14,5.52111346283696e-14
"Ltb",3.39443196821135,1.19758389191224,0.217721411820458,5.50053337381357,3.78644071253386e-08,6.77935877874353e-08
"Nfkbil1",1.21279614256207,0.158262745802359,0.214379831058238,0.738235238926771,0.46037151247751,0.485759357622077
"Ddx39b",1.71105921621387,0.77842909571395,0.204407832386613,3.8082155983223,0.000139973210039459,0.000228545560339686
"H2-D1",14.7069639044229,1.66537433335113,0.197317870527243,8.4400583125146,3.17179388018367e-17,6.56753830010263e-17
"H2-Q4",1.87079934345054,0.913973274199001,0.19960799655802,4.57884097811351,4.67559483212003e-06,7.99954278061834e-06
"H2-Q8",1.26398636482362,0.202824028420791,0.210667933161604,0.962766498806461,0.335664716457214,0.372564282353105
"H2-Q7",1.18930874871668,0.168054515295499,0.214069529187924,0.785046409608206,0.432426358598153,NA
"H2-Q10",1.25302486790842,0.32499660704596,0.211275426982097,1.53826032534062,0.123984976284384,0.158746132980675
"Gtf2h4",1.2426273615421,-0.256830886364029,0.203967288951619,-1.25917683999295,0.207966464913122,0.250828314890596
"Ddr1",1.45207620660079,-1.02347997955582,0.203482175014975,-5.02982622178328,4.90924574490654e-07,8.59797442993194e-07
"Ier3",1.35125664436616,0.520897038056797,0.208858959616876,2.49401337157053,0.0126307786158678,0.0185412441998959
"Flot1",1.31940917211228,0.405432794704657,0.20814041990368,1.94788112223602,0.0514291891080753,0.0708338699588795
"Tubb5",2.96357942661855,1.79688841539632,0.220248475202272,8.15846018341825,3.3932253675478e-16,6.92170239101193e-16
"Nrm",1.3880959041975,0.44206189211005,0.2100711906606,2.10434325011403,0.0353485158841878,0.0496219585627163
"Ppp1r18",22.8522093630318,-5.42741268377361,0.262585972492826,-20.6690884217812,6.57462733058055e-95,3.66661908820838e-94
"Dhx16",1.22090473919426,0.215983228826518,0.213164042751182,1.01322542976269,0.310952496570404,0.351037806053935
"2310061I04Rik",1.81311844252564,-1.55575896145246,0.219485252738666,-7.08821637007589,1.35851459682327e-12,2.62597526214312e-12
"Mrps18b",1.24810482121433,0.17773459430607,0.214055020123215,0.830322008816994,0.406356747755016,0.436795720715753
"Ppp1r10",1.34565018899722,0.112426116767966,0.204199289865344,0.550570557038195,0.581928096933312,0.600036908991535
"Abcf1",1.44126746120652,0.474227485430637,0.208738639333967,2.27187207382293,0.0230942380620206,0.0330686936452469
"Gnl1",1.22037551245998,0.177727155056351,0.214004656462951,0.830482653946924,0.406265951104044,0.436795720715753
"H2-T23",1.84086566516543,0.935468897707079,0.205129913936385,4.56037288640985,5.10628649532081e-06,8.72498052555634e-06
"H2-T10",1.21736482350411,0.148441850363497,0.214651595680872,0.691547854059231,0.48922131871755,0.512050895553324
"Rpp21",1.53249249643192,0.602442151898271,0.206746027458414,2.91392371260652,0.00356917114896544,0.00545645728440462
"Trim39",1.17729766902849,0.0878793009308613,0.215895038970094,0.407046411766017,0.683973900798258,NA
"H2-M11",16.2742410536764,-5.82448366107104,0.289953639827235,-20.0876376807737,9.46599185087546e-90,4.74435693342006e-89
"Trim26",1.31112166727783,0.307235945335737,0.211510522273379,1.45257995693771,0.146340414332458,0.183714983016129
"Ppp1r11",1.6759508028547,0.699813162070888,0.205890349145352,3.39896049026,0.000676424871025047,0.00107503054551705
"Znrd1",1.45100017217959,0.489714228398069,0.208713815629447,2.34634313459878,0.0189586447045342,0.0273949135938183
"H2-M3",1.35128353398549,0.324895926363395,0.21127020911965,1.53782176728663,0.124092199814672,0.158746132980675
"Olfr124",29.6496756629444,-6.72608428585445,0.190046976158313,-35.3916932635198,2.2916548282636e-274,8.76369099160145e-273
"Rn45s",4.1479475299553,1.91444539074544,0.236714086359307,8.0875854081599,6.08591536197148e-16,1.23757219281228e-15
"Cenpq",1.22074523362919,0.158262658158484,0.214463444457275,0.737947012643512,0.460546648907159,0.485759357622077
"Mut",1.18897847338531,0.148400788096719,0.214518714649876,0.691784809259788,0.489072477723062,NA
"Cd2ap",1.36562388016579,0.342137570848674,0.211026706103236,1.62129986846924,0.104953343236718,0.136079595552823
"Tnfrsf21",1.23515683089079,0.271351718325479,0.212055787884503,1.27962420187876,0.200677333966145,0.242915550177492
"Gpr116",1.39174832523703,0.609302708130442,0.207595137608073,2.93505288780302,0.0033349084107491,0.00510280577579079
"Pla2g7",1.30701171251117,0.434276216182972,0.209674387995,2.07119343633581,0.0383407227456315,0.0536276990172016
"Enpp5",1.17368382575455,0.118486392438391,0.215158889130742,0.550692527355411,0.581844468061848,NA
"Enpp4",1.20874281718506,0.196995907615435,0.213499821689969,0.922698230172296,0.356164488424336,0.392000127749348
"Clic5",1.19755707839244,0.197042868640494,0.213499871600554,0.922917972565109,0.356049953800417,NA
"Runx2",1.24763766037027,0.280436803123286,0.212044104396854,1.32253996837578,0.185988409314642,0.227031556315038
"Supt3h",1.17351476051877,0.108340296535682,0.215396478404472,0.502980816298401,0.614977759748693,NA
"Cdc5l",1.38931076525355,0.409696715166699,0.20985138987667,1.95231833064093,0.0509004224707389,0.0701982048341498
"Nfkbie",1.31066958905527,0.204552645968109,0.212369815584082,0.96319076892131,0.335451796770294,0.372407141459153
"Slc35b2",1.25186431146041,0.206466797875543,0.213468074708864,0.967202229921875,0.333442947663286,0.371194373059014
"Hsp90ab1",6.19636591520374,2.75241574645899,0.224294354168038,12.2714446231532,1.28932190679541e-34,3.25684023879604e-34
"Slc29a1",1.40297674097257,0.230716860021023,0.19694546012711,1.17147589932825,0.241407539707287,0.285133466969575
"Mrpl14",1.49295113500641,0.609171391781046,0.20695665701631,2.94347328838539,0.00324551829208999,0.00496967013338509
"Vegfa",1.18936140533211,0.177777038312607,0.213901614873291,0.831115924103317,0.405908144713597,NA
"Mrps18a",1.38963244661752,0.474234960986213,0.20858409970993,2.27359113971637,0.0229905806839274,0.0329609533562485
"Mad2l1bp",10.0893415737614,-4.9285321833466,0.257579089033797,-19.1340539398364,1.31443697456891e-81,5.57834228231685e-81
"Gtpbp2",1.25586742055862,0.253161780929492,0.212442203238122,1.19167367439571,0.233389224347487,0.276695742225986
"Polr1c",1.33488748126595,0.280472909674579,0.212103706301493,1.3223385605337,0.186055437805245,0.227031556315038
"Yipf3",1.40926253819975,0.535932723212067,0.207445041088889,2.58349257422077,0.00978055725489857,0.0144917708971248
"Tjap1",1.17360298150221,0.0775441992510987,0.216129341376978,0.358786080395463,0.719755126556491,NA
"Zfp318",1.27643365217386,0.19703504496264,0.213929577060869,0.92102760015544,0.357036017391407,0.392116139445223
"Srf",1.21226304955014,0.168001581763728,0.214208477666013,0.784290069161832,0.432869925267511,0.461156984598221
"Mrpl2",459.328582877953,-10.5020424035087,0.176888654562367,-59.3709213826708,0,0
"Rrp36",1.23628601498537,0.215967329620902,0.213190753897749,1.01302390311207,0.311048743732334,0.351037806053935
"Klhdc3",1.21621902578151,0.177702462724499,0.213975131795607,0.830481847274866,0.406266407004951,0.436795720715753
"Mea1",1.37315490631556,0.409667520826943,0.209805228559066,1.95260872972767,0.0508659759541624,0.0701599668333274
"Ppp2r5d",1.17726182294625,0.10832900942221,0.215410098076476,0.502896616219684,0.61503696029838,NA
"Pex6",1.32690040879317,-0.244733941296703,0.197497555142535,-1.23917453621174,0.21528086848285,0.25944040943795
"Cnpy3",1.32945219080618,0.35930726040747,0.210608324558128,1.70604491138384,0.0879997180435672,0.11614068557915
"Ptcra",1.37626997506026,-0.900397336528566,0.184255222554481,-4.88668556606223,1.02547672250021e-06,1.78343777826123e-06
"2310039H08Rik",1.21662866489078,0.138471339488615,0.214861160540446,0.644468917231545,0.519271407180578,0.540189398685829
"Rpl7l1",1.37001668987586,0.359393556506048,0.210755262608894,1.70526492224769,0.0881450265829704,0.116279261754639
"BC032203",1.18151068400388,0.10835928549179,0.215439705880594,0.502968034833132,0.614986746155732,NA
"Tbcc",1.22078047107363,0.19699115379508,0.213545417300878,0.922478956865301,0.356278801700902,0.392000127749348
"Ubr2",1.26375394214082,0.253189612638725,0.212498510317195,1.19148888272577,0.233461718416974,0.276695742225986
"Mrps10",1.21284527427749,0.168048566706949,0.214156831842952,0.784698602705254,0.432630302235704,0.461156984598221
"Taf8",1.19752509491587,0.138522270456183,0.21478157782056,0.644944840529627,0.518962931852983,NA
"Ccnd3",1.76404334741133,0.991385607229539,0.203670796332715,4.86758840776573,1.12968300130366e-06,1.96107258623383e-06
"Bysl",1.2126644418699,0.148405932509909,0.214604774442551,0.691531364553292,0.489231677340484,0.512050895553324
"Med20",1.22871802078084,0.225379385221845,0.212969991514634,1.05826827347344,0.289933152851776,0.331827717078859
"Tomm6",2.839811745987,1.7509806609763,0.199749493859978,8.76588284225496,1.8531865812315e-18,3.88499355583471e-18
"Tfeb",1.31884512449351,0.35087912639075,0.210678095185874,1.66547512251419,0.0958180028437498,0.125704284527816
"Foxp4",1.2048123353703,0.128526339499523,0.215050582926391,0.597656317646512,0.550069278037813,NA
"Trem1",1.20904926579544,0.206523437000364,0.213438826120825,0.967600135148111,0.333244109752365,0.371194373059014
"Trem3",1.20904345990151,0.225393533625777,0.212963863877112,1.05836515886957,0.289888997227531,0.331827717078859
"Treml4",1.30224282154452,0.434167492869405,0.210047871836642,2.06699305769241,0.0387348081232978,0.0541498924487452
"Treml2",1.22880372755316,0.177750181796101,0.21417673809981,0.829922910270799,0.406582370732663,0.436795720715753
"Trem2",1.19977616713522,0.206398713663936,0.21337436982849,0.967307900334228,0.333390135454049,NA
"Nfya",1.18490701525205,0.13846243565364,0.214773248015391,0.64469125895846,0.519127281974284,NA
"AI314976",1.31096650747999,0.342229232185047,0.210831663675571,1.62323450955484,0.104539283361981,0.135948916404084
"Rftn1",1.36162524841089,0.384738585011773,0.210294760457168,1.82952054618658,0.0673216642371018,0.0909823886831357
"Plcl2",1.20076506015095,0.158239632575947,0.214349753942369,0.738230997076359,0.460374089704913,NA
"Tbc1d5",1.17716799376939,0.098124816805601,0.215663816717306,0.454989707124695,0.64911664379871,NA
"Satb1",1.54080143261223,0.513194263592233,0.209325891447813,2.4516521107002,0.0142202069669342,0.0207925715314836
"Rab5a",1.41542022234162,0.602190476746275,0.206282094389903,2.91925713924568,0.00350866670022868,0.0053655310312564
"Kat2b",1.19707161979288,0.158250318669813,0.21432321367195,0.7383722740927,0.460288258158538,NA
"Pot1b",1.17341774679987,0.128524416420852,0.214921661673142,0.598005875351526,0.549836012771155,NA
"Emr4",1.28238439927038,0.393063171198577,0.210184265725478,1.87008846662174,0.0614715338140492,0.0836936375872031
"Zfp959",1.34190021389276,-0.563731767853897,0.203157296452061,-2.77485366117244,0.00552265516434843,0.00834754885128097
"Ebi3",1.23216995417172,0.243952661020784,0.212689707204703,1.14698856012808,0.251386348984545,0.294845275205982
"Ccdc94",1.18930952333605,0.138505065912906,0.214790086937407,0.644839191080864,0.519031401621856,NA
"Mpnd",1.32272555823577,0.367921974625036,0.210355296417123,1.74905020644437,0.0802823412663186,0.107069142974425
"Sh3gl1",1.27625562010585,0.289538810325387,0.211746856708291,1.36738185787695,0.171505645840844,0.211829792717247
"Ubxn6",1.31850708455606,0.324806958889901,0.211178917753195,1.5380652687571,0.124032656948095,0.158746132980675
"Hdgfrp2",1.24807879582274,0.253190051473133,0.212400200982018,1.19204242887966,0.233244609076942,0.276695742225986
"Lrg1",1.19766200107825,0.197052803046251,0.213527887022125,0.922843408392054,0.356088815702926,NA
"D17Wsu104e",1.38445582002402,0.442227969947463,0.209175491857661,2.11414810607157,0.0345026195253053,0.0484997102254191
"Dpp9",1.247784078816,0.234659395772247,0.212845723319938,1.10248583862557,0.270250511758288,0.313589896068377
"Fem1a",1.20857638406104,0.177742015099609,0.2139196479475,0.830882141051533,0.406040213448597,0.436795720715753
"Plin3",1.31432364708311,0.376320970056002,0.21021225086114,1.79019523607398,0.0734225306874833,0.0985733646787684
"Safb2",1.32561752329224,0.384703065952689,0.21000274863795,1.83189538445483,0.0669670083492516,0.090782437848766
"Safb",30.4204482404179,-6.46604999760881,0.287960601339148,-22.4546343060083,1.15301757176128e-111,8.90347888253536e-111
"2410015M20Rik",1.89246468644322,0.865113523215692,0.204028194110458,4.24016654652803,2.23354005139329e-05,3.74468574539039e-05
"Rpl36",13.1107042617893,3.88807815703201,0.216138533428075,17.9888245532389,2.38360368213142e-72,8.65559041441811e-72
"Lonp1",1.18938034249387,0.138515078571821,0.21475064120161,0.64500426074063,0.518924424585747,NA
"Ranbp3",1.2801177904276,0.244013444092731,0.212737563763974,1.14701625691011,0.251374902099788,0.294845275205982
"Ndufa11",1.81964940694281,0.929468314453353,0.202854079830345,4.58195524206713,4.60648502208784e-06,7.88259361262039e-06
"Dus3l",1.19689394338044,0.158237105805473,0.214335690244509,0.738267647469072,0.460351822237344,NA
"Mllt1",1.17342029501271,0.108342494354566,0.215395731481268,0.502992764106787,0.614969359522319,NA
"Clpp",1.29914795915515,0.298398566239043,0.211645034189608,1.40990109870338,0.158568888222008,0.197436157265757
"Alkbh7",1.24380915354503,0.177698555475356,0.214083934356775,0.830041525578553,0.406515305956898,0.436795720715753
"Gtf2f1",1.25215766445978,0.225378990098205,0.213081739348293,1.05771142467451,0.290187025088504,0.331827717078859
"Khsrp",1.20501697449799,0.138500279300087,0.214807352173446,0.644765078563301,0.51907943557878,0.540189398685829
"Dennd1c",1.32704384261692,0.324885154721965,0.211254925826587,1.53788203257639,0.124077461202527,0.158746132980675
"C3",1.24794049105466,0.286537438035153,0.210531574091678,1.36101883658732,0.173507736804653,0.213414609694206
"Gpr108",1.33806889162586,0.388966055352123,0.208497232973633,1.86556938816216,0.0621016357979692,0.0844964261346016
"Trip10",1.19318150024093,0.17776683208516,0.213930506132834,0.830955973968393,0.405998500980998,NA
"Vav1",1.38581895344097,0.466277923910422,0.208692485662162,2.23428228587611,0.0254645051357774,0.0363516673670638
"Emr1",1.27039922600109,0.359310403591932,0.210518930919884,1.70678428786375,0.087862153868732,0.116106666202622
"Fbxl17",1.1929907460959,0.168030262156176,0.214096730400567,0.784833387421647,0.432551261874309,NA
"Pja2",1.25891137561426,0.28041486730388,0.211963008036795,1.32294247897823,0.18585450735094,0.227031556315038
"Man2a1",1.30301732299094,0.342225512540684,0.210854753446929,1.62303911553419,0.104581043415803,0.135948916404084
"Vapa",1.8538876875695,1.05060707747464,0.20121707067363,5.22126216208912,1.77707755690711e-07,3.13761029834437e-07
"Rab31",1.22824064834992,0.2439539826348,0.212601724657424,1.14746944328836,0.251187655016935,0.294845275205982
"Ralbp1",3.10546166237456,-1.89803006067408,0.145065874475342,-13.0839183752806,4.06911212624487e-39,1.0752095823335e-38
"Twsg1",37.2842071326844,-6.89272879587884,0.295348879674516,-23.3375823313596,1.84255375553998e-120,1.67271836589891e-119
"Ankrd12",1.48329165807478,0.265643646324462,0.201708601963531,1.31696736648093,0.187849563466761,0.228892325232608
"Ndufv2",1.67539896390752,0.809981108582032,0.203774243451046,3.9748944462484,7.04104768382029e-05,0.000116127231941681
"Wash",1.23981979782472,0.187352277098296,0.213853596265978,0.876077280763979,0.380988022761443,0.414225210457603
"Tgif1",1.26029858906203,0.234744895228981,0.212966096174921,1.10226416056465,0.270346845581168,0.313589896068377
"Gm9320",2.34816252497009,1.591628991057,0.201957994629194,7.88099027215696,3.24796596888446e-15,6.52468053014311e-15
"Myl12b",2.83128988429412,1.76718015153532,0.199006441827569,8.88001481412601,6.68514586559118e-19,1.40910403466125e-18
"Myl12a",3.45727278234776,2.12461795287786,0.198619514413131,10.696924514973,1.05212458201453e-26,2.44800103325868e-26
"Lpin2",1.21278269192172,0.148406788025679,0.214619553558848,0.691487730566854,0.489259088556473,0.512050895553324
"Emilin2",1.37252165931493,0.573060707357732,0.207496937847789,2.76177910528061,0.00574873577777033,0.00867169506139607
"Smchd1",1.55494282427403,0.489811016852687,0.208859044155696,2.34517503818294,0.0190181488966283,0.0274732910586412
"Wdr43",1.31493081140486,0.196980535664732,0.214067225830879,0.920180727807227,0.357478323679788,0.392560607890711
"Ypel5",5.04042723418157,-3.658903208962,0.195413412089247,-18.723910349055,3.16072954169362e-78,1.26042843450273e-77
"Lbh",1.84173903145143,0.451746764410214,0.191868076289032,2.35446549080784,0.0185493659676342,0.026892845535634
"Lclat1",1.18089614665461,-0.0130639912508265,0.211137266687525,-0.0618743979013457,0.950662855937374,NA
"Ehd3",1.2090846689322,0.0976894839569131,0.214355269685119,0.455736330160746,0.648579593739559,0.663580062587318
"Xdh",1.28330232991179,0.384820008040595,0.209872698051397,1.83358774920954,0.0667152121073745,0.0905377374757559
"Srd5a2",16.260795187905,-5.82296602246213,0.296878397915041,-19.6139768449185,1.17477025946181e-85,5.40052906595388e-85
"Memo1",1.18874776331489,0.117705533717677,0.213781359111066,0.550588387159264,0.581915871371481,NA
"Dpy30",1.53384345666116,0.594996500618606,0.207125705312779,2.87263475926421,0.00407064428082382,0.00620311287283619
"Spast",1.2161433615357,0.225316616349255,0.212950233653425,1.05807170287475,0.290022754026733,0.331827717078859
"Yipf4",1.4398823361711,0.474133559245852,0.208688030203627,2.27197294824824,0.0230881442786585,0.033064502917585
"Birc6",1.3892841708456,0.314984911228344,0.207470059070262,1.51821864147477,0.128959289613181,0.164427819194139
"Ltbp1",3.43939014188902,-3.12938305073507,0.248241321604515,-12.6062133028789,1.95146174855971e-36,5.01680882909711e-36
"Rasgrp3",1.28783799840713,0.253184274672763,0.212670715720575,1.19049900130782,0.233850322302465,0.276708303846508
"Crim1",1.26672098956967,0.298272473656817,0.212304989389225,1.40492446510518,0.160043740697729,0.19872224701288
"Fez2",1.25596750040625,0.253190155683793,0.212442445273136,1.19180588115651,0.233337369217669,0.276695742225986
"Ccdc75",1.29898338728421,0.316067410221383,0.21136706105526,1.49534846462548,0.134823522834912,0.170882100887308
"Gm6548",1.21657306197788,0.243975553722261,0.212498703717626,1.14812725656182,0.250916033602206,0.294845275205982
"Eif2ak2",1.19693268289772,0.128505638606419,0.21502304840221,0.597636576921948,0.550082452782927,NA
"1110001A16Rik",1.31457366099106,0.298360287559757,0.211735669808971,1.40911679089753,0.158800636666568,0.197436157265757
"Cebpz",1.45977735143,0.471874705541648,0.206163794398842,2.28883401626168,0.0220889982375633,0.031690693113377
"2410091C18Rik",1.21668121420287,0.15826053684511,0.21440716733234,0.738130813508673,0.460434960731205,0.485759357622077
"Prkd3",1.20488278840975,0.177757169927523,0.213906744896088,0.831003108452116,0.405971873334449,NA
"Cdc42ep3",1.44151770937912,0.630472283752966,0.207175418548527,3.04318093415744,0.00234091537118683,0.00361793582164182
"Atl2",1.18519131928104,0.11846398053908,0.215214883908758,0.550445110428813,0.582014115180832,NA
"Hnrpll",1.21993618069809,0.225311862841417,0.212977975523635,1.05791156239258,0.290095763335013,0.331827717078859
"Srsf7",1.96284388768582,0.865106617044652,0.204419166606013,4.23202301138433,2.31598706465021e-05,3.88042127346304e-05
"Gemin6",1.20060354733546,0.138463139789718,0.214804068581251,0.644602035260536,0.519185115617762,NA
"Dhx57",1.19732070338545,0.0878781203649299,0.215980645691737,0.406879607584635,0.68409641411824,NA
"Sos1",1.18123725323045,0.118455501099375,0.21518700903222,0.550477008961254,0.581992241919174,NA
"Eml4",1.39477698154818,0.253183964024665,0.212899339265276,1.18921911593719,0.234353454113099,0.277115195485418
"Cox7a2l",3.60397114324494,2.03200762612303,0.206304026098493,9.84957814227489,6.88322731283116e-23,1.52862993290698e-22
"Mta3",1.28717735687985,0.280450224392676,0.212034378081515,1.32266393275556,0.185947162868599,0.227031556315038
"Haao",1.21737877835424,0.128547479277407,0.21513795456817,0.597511859473753,0.550165691445817,0.569195319323794
"Zfp36l2",2.88405167538895,1.97285030723308,0.206357452908619,9.56035403338068,1.17354560659206e-21,2.56421434341171e-21
"Thada",1.18542002059894,0.0981484123935409,0.215695046793666,0.455033223305447,0.649085337360475,NA
"Abcg5",9.35458904089021,-4.9637769378455,0.276721622338872,-17.9377993518948,5.9775948595879e-72,2.15714104162107e-71
"Lrpprc",1.18909027131635,0.148411774362983,0.214519342856112,0.691833996818315,0.48904158411702,NA
"Ppm1b",1.25163178611944,0.262319119150408,0.212227434173941,1.23602832108601,0.216448036599263,0.259521314600617
"Srbd1",1.19227202475944,0.117703440404688,0.213794948240833,0.550543599711713,0.581946580965125,NA
"Prkce",1.26788717812294,-0.275436514752079,0.202491323796629,-1.36023859979656,0.173754431338469,0.21368786231283
"Epas1",1.75254902575844,0.516512706930188,0.189887146760295,2.72010357595298,0.00652614709147784,0.00981460323178172
"Rhoq",1.22766130070707,0.215915681503824,0.213157653435734,1.01293891175679,0.311089340665669,0.351037806053935
"Pigf",1.20471803031382,0.14840129003912,0.214590285615191,0.691556421641738,0.489215936652856,NA
"Cript",1.6625624486995,0.840790530664274,0.203532445530716,4.13099016459952,3.61204037627201e-05,6.02199002367931e-05
"Mcfd2",1.25573374953931,0.307267453861526,0.211339479595945,1.45390465827295,0.145972741157516,0.183714983016129
"Ttc7",1.33837278581493,0.342226756464886,0.21094138168033,1.62237847187098,0.104722335797092,0.135948916404084
"Calm2",2.9718725309006,1.90650996831616,0.205317180010542,9.28568163764118,1.6067538838259e-20,3.46437640378819e-20
"Epcam",17.4322158417692,-5.74415510028684,0.276629305989901,-20.7648104373169,9.0082033209633e-96,5.10285635761567e-95
"Msh2",1.55144895421153,-1.00396869093471,0.205486881924095,-4.88580429823039,1.03007476875819e-06,1.79113600696794e-06
"Msh6",1.2044677568035,0.148402124577698,0.214629113408451,0.691435202899434,0.489292087950437,NA
"Fbxo11",1.25606161621925,0.206461705189536,0.213468336429593,0.967177187224823,0.333455464353006,0.371194373059014
"Foxn2",1.22423769309147,0.19696254946643,0.213598350642554,0.922116434297926,0.356467845523558,0.392000127749348
"Klraq1",1.20437868812149,0.177696804401764,0.213958706703712,0.830519155492174,0.406245322114081,NA
"4930480K15Rik",1.31054769245842,-0.701434412565444,0.187949435126878,-3.73203788610447,0.000189936925664288,0.00030872512905732
"Crem",1.18923603024234,0.138493692159471,0.214749975267219,0.644906673386761,0.51898766684798,NA
"Cul2",1.21228682531002,0.15822628574768,0.214431756628379,0.737886441054967,0.460583459072777,0.485759357622077
"Bambi",1.1811173420061,0.0873267170038818,0.212993580422637,0.409996943713524,0.681808189525719,NA
"Map3k8",1.23212397588759,0.243942690725896,0.212543452075502,1.14773091499069,0.251079664693266,0.294845275205982
"Mtpap",1.25549562660108,0.225316456177394,0.2130622530529,1.05751466038168,0.290276767413015,0.331827717078859
"9430020K01Rik",1.32346122981103,-0.484568819043476,0.189804811502245,-2.55298490701193,0.0106804124301486,0.0157713586663014
"Gm10556",1.33166868056821,-0.763319629084344,0.187884777046344,-4.06270077376232,4.85081942787607e-05,8.04616377931778e-05
"Svil",1.20489291135809,0.187402160824049,0.213729825287755,0.876818013451049,0.380585493329505,0.414225210457603
"Zeb1",1.18892308699578,0.148403101195601,0.214545227496877,0.691710102000575,0.489119401693503,NA
"Kif5b",1.82166897092106,0.859137815352166,0.203634240512761,4.21902433102024,2.45361796488353e-05,4.1050915950936e-05
"Epc1",1.29887629234995,0.280448354417654,0.212038133712948,1.32263168660651,0.185957891421253,0.227031556315038
"Rab18",1.53861338656206,0.746305874619604,0.204321831447872,3.65259977032855,0.000259598681671185,0.000420383160640169
"Wac",1.40075029342573,0.376991218735102,0.205028666388089,1.83872443486274,0.0659557275468988,0.0895769215024877
"Ccny",1.30665586039583,0.316073338977242,0.211326752103677,1.49566174576031,0.134741823825724,0.170882100887308
"Colec12",1.35590668387844,-0.315743908953327,0.188903721962474,-1.67145414432888,0.0946320089330025,0.124396647350862
"Thoc1",1.21263054235783,0.138500316424245,0.214846465228338,0.644647871106685,0.519155405001431,0.540189398685829
"Usp14",1.29857939062186,0.28940179684395,0.212004157455601,1.36507604528726,0.172229150142774,0.211986834177147
"Rock1",1.61813105859483,0.535399804993218,0.202475777930892,2.64426594857168,0.00818683035739056,0.0122065851087057
"Esco1",1.28808836338013,0.177737389755781,0.214217840556454,0.829703956001465,0.406706184229055,0.436832568246022
"Snrpd1",1.64586925932811,0.732697148331058,0.206427832763269,3.54941065128225,0.000386094465039721,0.00062050896167098
"Riok3",1.40858831876433,0.481948944460119,0.208567735160836,2.31075503643201,0.0208463893767365,0.029986400187041
"3110002H16Rik",1.20124770329559,0.177785336114618,0.213921244444475,0.831078449343833,0.405929313230081,NA
"Npc1",1.24022133665019,0.243971224766077,0.212658336784236,1.14724505258221,0.25128035637079,0.294845275205982
"Impact",1.29103483043775,0.359403180093272,0.210376174038048,1.70838347895932,0.0875652107184816,0.116060506021613
"Ss18",1.29903968157247,0.350865713253374,0.21058047110117,1.66618353268288,0.0956768648246633,0.125633284354681
"Trappc8",1.19679381422936,0.118449247157545,0.215256531391943,0.550270165516464,0.582134084138043,NA
"Rnf125",1.19735546835942,0.177787313797778,0.213920320098859,0.831091285370258,0.405922062418529,NA
"Rnf138",1.39484159460564,0.458459181282843,0.20898183652187,2.1937752529745,0.0282515707415465,0.0401233027536043
"Mapre2",1.23201480553574,0.19694613145501,0.213583586760844,0.922103305978922,0.356474692704279,0.392000127749348
"Zfp397",1.22816244404588,0.0475311142912039,0.209965172658356,0.226376182723142,0.82090885057598,0.82994848642319
"Zfp191",1.20110016381805,0.128526406481289,0.215024838653411,0.597728184735228,0.550021316036568,NA
"Ino80c",1.20485041346197,0.158248595814715,0.214392981110982,0.738123958138336,0.460439126183918,NA
"Galnt1",1.30650738112965,0.342175110108216,0.210766948958345,1.62347612753953,0.104487662530111,0.135948916404084
"2700062C07Rik",1.20490105772076,0.177756519294438,0.213906876662992,0.830999554888044,0.405973880810234,0.436795720715753
"Elp2",1.21249226836156,0.206475640841699,0.213314378078144,0.967940570635424,0.333074050900914,0.371194373059014
"5730494M16Rik",1.2090589395154,0.117751331222868,0.213831443425995,0.550673602236707,0.581857443689476,0.600036908991535
"4930474G06Rik",9.8565045595107,-5.04675404757514,0.277453115709239,-18.1895742445508,6.24231699682103e-74,2.32168825959428e-73
"Pik3c3",1.19708798526206,0.158252641231338,0.214336862505498,0.738336091055164,0.460310239975953,NA
"Slc25a46",1.2440815104634,0.184144333140868,0.211039197060917,0.872559864259311,0.382903025045594,0.415584528690716
"Ammecr1l",1.20837829246548,0.187364338206939,0.213741969129736,0.876591242093468,0.380708697810141,0.414225210457603
"Polr2d",1.20828688206134,0.158244252964256,0.214416590067641,0.738022430607331,0.460500818700116,0.485759357622077
"Wdr33",1.34585586786762,0.350817252068781,0.210832416614687,1.66396258081094,0.0961199074670438,0.12589293489345
"Sft2d3",1.17761252171145,0.108354035070637,0.215412211809062,0.503007857171443,0.614958748011533,NA
"Lims2",1.22840234504528,0.271454818353925,0.212247697774807,1.27895294601469,0.200913626222538,0.242915550177492
"Iws1",1.27530958561654,0.225316282267743,0.213153307850655,1.05706209553928,0.290483248814371,0.331827717078859
"Map3k2",1.20075352160652,0.158230411641385,0.214390570939675,0.738047438130605,0.460485622618963,NA
"Ercc3",1.20116021789231,0.148429561625938,0.214578360292344,0.691726609448016,0.48910903308172,NA
"Bin1",1.7014762143653,0.630938552129665,0.207150508896894,3.04579774140795,0.00232063885071418,0.00358766024010899
"Gypc",1.19718373319897,0.138496299908033,0.214779513431975,0.644830122272799,0.519037279193086,NA
"4930455D15Rik",1.68961721960653,-1.59799819851734,0.216958648296564,-7.3654505642615,1.76549543968536e-13,3.45876757183622e-13
"Wdr36",1.20851439335578,0.158218997520979,0.214391819898647,0.737989899035219,0.460520587267394,0.485759357622077
"Camk4",1.22093483017986,0.148419447777613,0.21466267754032,0.691407791416071,0.489309309109922,0.512050895553324
"2410004N09Rik",1.29545740159585,0.234677636432631,0.213153373013747,1.10098016801027,0.270905288635254,0.313692459333635
"Apc",1.2759358727952,0.234685701115753,0.21291001432267,1.10227647986572,0.270341491409849,0.313589896068377
"Srp19",1.46714614809885,0.505309558770525,0.208221556794023,2.42678792028429,0.015233157745631,0.0222238914008367
"Reep5",2.36991186718776,1.4502352504835,0.205273573146301,7.06489017682711,1.60743070518399e-12,3.10310217494838e-12
"Fam13b",1.20864435115904,0.13846807952733,0.214833224743059,0.644537546242851,0.519226918633365,0.540189398685829
"Wnt8a",34.2425476136927,-6.93965643933702,0.283408462806349,-24.486412193269,2.0615756920257e-132,2.25134416576865e-131
"4933408B17Rik",1.59965533541652,-1.41568293067537,0.204283147138997,-6.93000352942534,4.20830120976731e-12,8.07146944788328e-12
"Brd8",1.24800411196038,0.215927777188741,0.213246157840211,1.01257522937665,0.311263096508242,0.351037806053935
"Cdc23",1.66649416956764,-1.43459104091596,0.199367985839018,-7.19569410744981,6.21438092369756e-13,1.20815897287528e-12
"Fam53c",1.18097078283409,0.138480378010137,0.21471750286018,0.644942196912159,0.51896464508355,NA
"Kdm3b",1.2203878301173,0.14837782506298,0.214645198740843,0.691270179502724,0.489395768199729,0.512050895553324
"Egr1",1.40582607852504,0.609633439766085,0.207050959079446,2.94436423997518,0.00323618889726482,0.00495611149881835
"Etf1",1.41646219013662,0.474142650370885,0.208624548998102,2.27270785076784,0.0230437912427665,0.033021965675766
"Hspa9",1.55737224647922,-0.0313764676701506,0.196353417236528,-0.159795882912261,0.873041867367486,0.879698590417581
"Ctnna1",1.43196220305272,0.0831997958816423,0.194941262814605,0.426794177283893,0.669529247912856,0.68407568489041
"Sil1",1.22421823959097,-0.140794350585199,0.205179385384608,-0.686201249317909,0.492586210083884,0.514465789643433
"Snhg4",1.19311711190277,0.148414552535423,0.214534734107064,0.691797312696958,0.489064624494011,NA
"Matr3",1.62560144344926,0.699883912248386,0.205538690702612,3.40512002803904,0.00066134978546582,0.00105219319723608
"Paip2",1.94267391149052,1.09762956598704,0.200543394255089,5.47327709329019,4.41788493240117e-08,7.90178493991232e-08
"2010001M09Rik",1.89641495438643,0.36787108568948,0.223896362466644,1.64304181468909,0.100374282065546,0.130955699170745
"Dnajc18",1.16973097434419,0.0671266969088928,0.214867919596111,0.312409116424041,0.75472962294449,NA
"Ecscr",1.44913633467623,0.706750452572048,0.208866351899363,3.38374489785016,0.000715044064515949,0.00113519769366583
"Tmem173",3.91297705114712,-3.21235476547084,0.255118522347609,-12.5916171664474,2.34812833552084e-36,6.02913424073723e-36
"Ube2d2",3.58043806756571,-1.80060247798583,0.226247180021444,-7.95856318657835,1.74048509247295e-15,3.51395559184251e-15
"Cxxc5",4.02143626001437,-3.32826096487124,0.256852332658133,-12.957877121175,2.12034549569578e-38,5.56051418615019e-38
"Psd2",37.0868704772381,-7.0576219092345,0.241299707991199,-29.2483648985266,4.71049163913127e-188,1.03750069013777e-186
"Nrg2",14.0079584007327,-5.57272420022709,0.277888894833382,-20.053785177592,1.87056905196396e-89,9.29497425154865e-89
"Pura",1.48720580132457,-0.333847831248178,0.193293337636486,-1.72715643141319,0.0841395731117377,0.111672659965235
"0610010O12Rik",4.52716261412226,-3.75147832815684,0.265207381224431,-14.1454521772234,1.99231904678582e-45,5.52011965192249e-45
"Pfdn1",1.69705302311874,-0.383731437190525,0.196585215150564,-1.95198523396902,0.050939957738318,0.0702174547973166
"Slc4a9",17.0730021834794,-5.89736363425603,0.291000511232021,-20.2658188100362,2.57639265275972e-91,1.33552826687247e-90
"Ankhd1",2.10941653861601,-1.73790678536149,0.216265068081867,-8.0360032287027,9.28162999558566e-16,1.88155761463911e-15
"Eif4ebp3",1.22698837172341,-0.0196746442563986,0.207626951187705,-0.0947595875383818,0.924505786847888,0.929044221262099
"Sra1",2.95598291006839,-2.25962039991641,0.233194594904342,-9.6898489471564,3.330208312372e-22,7.33179560969288e-22
"Apbb3",16.2941554970089,-5.73908843032571,0.280892991865428,-20.4315828323521,8.76153025995892e-93,4.65498096254306e-92
"Slc35a4",1.24377651974629,0.213933261966282,0.21177528089811,1.01018995729351,0.312404289816483,0.351679544123127
"E230025N22Rik",4.54175843100866,-3.75608420687854,0.2721413526446,-13.8019605266817,2.48014611027792e-43,6.75344950216523e-43
"Cd14",1.30187307415349,0.426009068183923,0.209929212672208,2.0292986514893,0.0424278805883312,0.0591226739645192
"Tmco6",280.657096349216,-9.934259079745,0.1941365668524,-51.1714987073916,0,0
"Ndufa2",18.4757011747915,-4.23913888908628,0.269228617666547,-15.7454988471421,7.37472552846911e-56,2.21241765854073e-55
"Ik",1.41534803476433,0.308737259272118,0.205248667799997,1.5042107828586,0.132527102216349,0.168873788250785
"Wdr55",1.22501085188822,0.1385161258726,0.214890441876443,0.64458951576936,0.519193230855644,0.540189398685829
"Dnd1",1.4826485622232,-1.11774380536063,0.200357504018037,-5.57874690463305,2.42257425940359e-08,4.35088169072311e-08
"Hars",99.3943305200624,-8.30113999324285,0.22386985220422,-37.080204911514,5.85744935880851e-301,2.74223189712829e-299
"Hars2",1.19738472801458,0.168071030878055,0.214114439164395,0.784958882427411,0.432477676694891,NA
"Zmat2",1.52156679207697,0.580345711438241,0.207252768671994,2.80018315391828,0.00510736191227482,0.00773438618569033
"Vaultrc5",1.18509305566518,0.138479992086998,0.214773435622649,0.644772439783025,0.519074664507277,NA
"Pcdha2",187.059783476256,-9.4196500444231,0.218754875841217,-43.0602975508549,0,0
"Pcdha4",32.1594091890224,-6.84671742226849,0.239629916984633,-28.5720477160102,1.49531194635183e-179,3.01371751349674e-178
"Pcdha4-g",217.331641216067,-9.63701323541313,0.194314061806986,-49.5950377743927,0,0
"Pcdha9",40.6342226153733,-7.19239971934038,0.273945265332293,-26.254878727749,6.28720720298547e-152,8.8700598917795e-151
"Pcdha11",26.3006083954574,-6.54745769539257,0.295970771758262,-22.1219739249803,1.94240918872127e-108,1.41809454057693e-107
"Pcdhac1",3.61693785468704,-3.33842715741173,0.255192645857112,-13.0819881043162,4.17378932772517e-39,1.10203238698661e-38
"Pcdhb2",65.4079237095987,-7.89109488170071,0.216878770885936,-36.3848192677692,7.39972959571045e-290,3.28736923315818e-288
"Pcdhb6",215.321978770429,-9.62353468081664,0.206808235740117,-46.5336143233189,0,0
"Pcdhb8",2.20716525848844,-2.30341601408432,0.237390478391153,-9.70306825149461,2.92565584637552e-22,6.4465696572732e-22
"Pcdhb9",1.33303373372206,-0.604362968298277,0.197362650626664,-3.0621952349105,0.00219720092244987,0.00340438967503363
"Pcdhb12",1.98855925763636,-2.04571656493087,0.226414264287762,-9.03528128568285,1.63581179677052e-19,3.48172786101614e-19
"Pcdhb15",3.03824387305906,-2.99644794378539,0.250338437626297,-11.9695879394217,5.12826769245526e-33,1.2768689413125e-32
"Pcdhb17",2.41490709533162,-2.50678553539236,0.238289245137447,-10.5199273007325,6.99275185665935e-26,1.61193043461081e-25
"Pcdhb20",22.6000429545733,-6.30964348838188,0.293063267445764,-21.5299704510036,8.15855994816007e-103,5.30357197128214e-102
"Pcdhb22",1.79755242348849,-1.73799827060196,0.215527330630592,-8.06393446954921,7.38773706902211e-16,1.50054426071188e-15
"Slc25a2",1.5335881610647,-1.28552541402133,0.204095495589152,-6.29864667179681,3.00255531769755e-10,5.57571638505202e-10
"Taf7",2.56347068520496,-2.12212114763999,0.22597452589129,-9.39097510779109,5.94473175741859e-21,1.28654642511298e-20
"Pcdhga1",8.60848937499243,-4.83135049899513,0.283096718155049,-17.0660773833099,2.65446697199261e-65,8.73664413228337e-65
"Pcdhga2",38.3643616473414,-7.10745112681488,0.295195915680278,-24.0770645841619,4.34751190997861e-128,4.44980630786046e-127
"Pcdhga4",2.54399282246453,-2.61140618284689,0.239436678651268,-10.9064584321699,1.07357714148047e-27,2.53062663288691e-27
"Pcdhga5",23.2501524107775,-6.36322063532217,0.29176744595062,-21.8092207463032,1.89679249156193e-105,1.30365461566205e-104
"Pcdhgb4",2.48413115519023,-2.57169541179914,0.246397465764062,-10.4371828818307,1.67713992369845e-25,3.85159278561633e-25
"Pcdhga8",1.82285082708229,-1.81072083857072,0.220416179918257,-8.21500871325435,2.12148853507709e-16,4.34110942889158e-16
"Pcdhgb5",1.75697298570419,-1.71451825204601,0.218552342727741,-7.84488617530788,4.33346364809678e-15,8.69190403191746e-15
"Pcdhga10",21.6171824773947,-6.25393639858582,0.290356038674673,-21.5388542533223,6.73521299596888e-103,4.38923992995725e-102
"Pcdhga11",2.59141350870677,-2.66395728014705,0.243063120902297,-10.9599402420981,5.95386697550208e-28,1.40757181214316e-27
"Pcdhgc3",16.107472337192,-5.80867075280191,0.289617610002699,-20.0563451675047,1.77673054845158e-89,8.84130930688014e-89
"Diap1",1.40540903343608,0.372405444798029,0.20911981684074,1.78082331184157,0.0749413198402171,0.100280361334512
"Hdac3",34.7473667227644,-6.77659387194152,0.304157466258717,-22.2798866498228,5.79042389062593e-110,4.33347852459747e-109
"Arap3",1.24377522732911,0.123847822518453,0.206972647617549,0.598377727414992,0.549587923654156,0.569195319323794
"Pcdh1",1.21697359192938,0.244013948095756,0.212602266335455,1.14774857437662,0.251072372365468,0.294845275205982
"1700086O06Rik",2.51886077292093,-2.60234922103822,0.245296812392558,-10.6089809959437,2.70684996067998e-26,6.27710208562839e-26
"0610009O20Rik",1.2205817390242,0.196972911229922,0.213627051921609,0.922041049848885,0.356507164019847,0.392000127749348
"Pcdh12",3.04915034443097,-2.97784768618352,0.25138686659897,-11.8456772482629,2.26580483543063e-32,5.60943857763713e-32
"Rnf14",1.24817996214175,0.215974309069663,0.2132318182444,1.01286154593551,0.311126298228656,0.351037806053935
"Gnpda1",1.32761130735584,-0.275470923187669,0.199474238079086,-1.38098496247146,0.167283584322921,0.207489678071913
"Ndfip1",1.54372689237728,-0.485455528621394,0.19607046129708,-2.47592383579823,0.013289192436629,0.0194913134361347
"Gm5820",2.69431162931805,-2.7337546939779,0.236405351860973,-11.5638443565592,6.2831518969504e-31,1.53405298887189e-30
"Arhgap26",1.22015971788651,0.168019442360706,0.214280041277469,0.784111489614376,0.432974694208318,0.461156984598221
"Nr3c1",12.9301393900445,-4.86351446595417,0.2751051388602,-17.6787481546306,6.11386620444787e-70,2.14190480451127e-69
"Pabpc2",3.86991741798295,-3.46534776894686,0.239308552233948,-14.4806683112567,1.60528726334391e-47,4.5075844618909e-47
"Yipf5",1.27898844591033,0.342202272076507,0.210686909531761,1.62422180303955,0.104328479213424,0.135927782726587
"Plac8l1",42.6916818420236,-7.2651824060529,0.265771616936179,-27.3361861955241,1.5763009828095e-164,2.65857548635398e-163
"Lars",1.22844510008579,0.13848054472288,0.214942930017097,0.64426657211691,0.519402588237,0.540189398685829
"Gm4013",1.25197273073594,-0.357595678804561,0.200233651438898,-1.78589201283023,0.0741167444675752,0.0992533109596569
"Rbm27",11.8781483367697,-5.07843070665662,0.279414234804885,-18.1752755374216,8.10205968234534e-74,3.00694998520033e-73
"Tcerg1",1.24366854062915,0.177732883558064,0.214152511267649,0.829936023192054,0.406574956397675,0.436795720715753
"Ppp2r2b",96.2569718277593,-8.45471756858482,0.270261939615799,-31.2834192657832,7.84389658486702e-215,2.17215597734779e-213
"Dpysl3",3.12644608031868,-3.00248318046292,0.248774604600851,-12.0690903530137,1.53825234266726e-33,3.84931794282029e-33
"Spink11",18.3532241282757,-6.00701622965968,0.300286371436828,-20.004291906146,5.05311174154667e-89,2.49548186290195e-88
"Dcp2",1.22414144274792,0.158233234036491,0.214473224120992,0.737776170825064,0.460650475992306,0.485759357622077
"Mcc",1.17743605964541,0.117781433798562,0.213713027571667,0.551119579076971,0.581551704585225,NA
"Ythdc2",2.41222920087147,-2.39715711263684,0.242201561668168,-9.89736439404591,4.27389729531114e-23,9.52593675556113e-23
"Pggt1b",1.1735551166093,0.0671298665911675,0.216379041005192,0.310242000700783,0.756376933171962,NA
"Fem1c",1.185587301574,0.15829224043373,0.214293307498007,0.738670947225928,0.460106831527283,NA
"Ticam2",10.4914578589975,-5.06855110649834,0.255566433665221,-19.8326166461198,1.55724139156972e-87,7.46103723175214e-87
"Tmed7",1.43560247693361,0.507530209421094,0.206573052347912,2.45690424599191,0.0140140034292585,0.0204968052397673
"Eif1a",1.25110978936399,0.215875159928495,0.21335489412866,1.01181255208664,0.311627687226531,0.351037806053935
"Cdo1",1.46062140406982,-0.194867393489679,0.198462619454627,-0.981884619003685,0.326156694047127,0.366215948144978
"Atg12",7.26971054120461,-4.34555511013896,0.269359916944103,-16.132894453783,1.49830737747901e-58,4.59662915688535e-58
"Ap3s1",29.5095439911801,-6.13115119047989,0.288035328307475,-21.2861082927124,1.52693914974681e-100,9.55710115309153e-100
"Commd10",19.0925477550075,-5.86116464619863,0.265926436065973,-22.0405490063596,1.17701482128733e-107,8.45700945233288e-107
"Gm5506",1.32204995142545,0.442276644172253,0.208988510054653,2.11627253601929,0.0343216351442538,0.0483168650089009
"Dmxl1",1.22094732338773,0.158274036477989,0.21442311279571,0.738138880712842,0.460430058972324,0.485759357622077
"Tnfaip8",1.58773737145963,0.414159691259859,0.198230973741369,2.08927839803789,0.0366826697779177,0.0514325909859603
"Hsd17b4",1.32523526168269,0.417842774147974,0.209331293127331,1.99608366195784,0.0459248170886468,0.0638569737502801
"Srfbp1",1.1773417081782,0.0259478065028563,0.214436978144946,0.121004346952311,0.90368759212722,NA
"Snx2",2.73613654671684,-1.79926703183437,0.227414694895243,-7.91183275409351,2.53626974992196e-15,5.10579564002802e-15
"Snx24",2.19838380301878,-2.1492957053233,0.235403366297468,-9.13026750266322,6.83302440066816e-20,1.46151966283498e-19
"Ppic",1.22848563448103,0.29254428344506,0.213152090293014,1.37246734499722,0.169917997793349,0.210682173035934
"Prdm6",3.24020331468656,-3.01025978514361,0.255967277899747,-11.7603304994423,6.24892052302232e-32,1.54046588572262e-31
"Cep120",1.20467151384344,0.156974585130061,0.212910753326812,0.737278801926502,0.460952820538187,NA
"Csnk1g3",1.33095939462577,0.312881816089911,0.209985217073747,1.49001829962166,0.136219424353994,0.172149956452693
"Zfp608",1.20108687994053,0.138489805993512,0.214834888645361,0.644633685276903,0.51916460010705,NA
"Gramd3",1.36298358200543,0.401533618646414,0.209937862505912,1.91263078443083,0.0557953357898754,0.0765048299098984
"Phax",1.32277098294354,0.333546367397456,0.21102863844095,1.58057394418904,0.113975487331667,0.147046970803584
"Lmnb1",1.28023074351096,0.262451582769749,0.212482884086967,1.23516575886804,0.216768819933547,0.259521314600617
"March3",1.45710736667519,-1.07891282416113,0.202902425381607,-5.3173973752752,1.05262017759827e-07,1.87021011812898e-07
"Gm10536",24.8318641219483,-6.46170193997801,0.297914224880051,-21.689806663578,2.56060843518652e-104,1.71473714325512e-103
"C330018D20Rik",1.20125524524575,0.0671306321507099,0.213533190068699,0.314380317781569,0.753232203045073,NA
"Prrc1",1.18931599351379,0.118466199574605,0.215230821322109,0.550414661092204,0.582034995067295,NA
"Slc12a2",1.19287032461868,0.177733396414179,0.214057222342038,0.830307870342176,0.406364739402962,NA
"Isoc1",1.20496491347911,0.148421521995773,0.214591768341198,0.691645924459621,0.489159713836167,0.512050895553324
"Gm4951",8.59565614286462,-4.76227601197421,0.272196162491049,-17.4957500076101,1.54366920060813e-68,5.28737088397274e-68
"Iigp1",1.17370879557962,0.138548162367537,0.214731840062348,0.645214805253424,0.518787993095665,NA
"2010002N04Rik",1.20823124227681,0.206461029005227,0.213338668468204,0.967761871242754,0.333163310206357,0.371194373059014
"Dctn4",1.25519982292119,0.30722401222727,0.211379987086494,1.45342052699415,0.14610703057445,0.183714983016129
"Rbm22",1.29906242860378,0.298405237068142,0.211628505546493,1.41004273643365,0.158527064200716,0.197436157265757
"Rps14",23.1169994145293,4.28888733123796,0.205917014851325,20.8282318696908,2.40164712680743e-96,1.37462697389636e-95
"Cd74",41.8622368537584,2.20345079283113,0.329776316885087,6.68165262334149,2.36262540367433e-11,4.47249487114415e-11
"Tcof1",1.29487001516204,0.223160496827479,0.211750455944428,1.05388437456799,0.291935857574079,0.332912108473336
"Csf1r",1.48853046048484,0.758839446448522,0.206180861100834,3.68045531673964,0.000232817856161523,0.000377425220237003
"Ppargc1b",13.6837890081094,-5.4824750480796,0.292045375802104,-18.7726822690548,1.26342419444235e-78,5.06923466179019e-78
"A530050N04Rik",16.6179988030587,-5.85613344756083,0.281466422906887,-20.805797675903,3.83527260792906e-96,2.18679661533476e-95
"Csnk1a1",1.63297852411458,0.784951176859562,0.203891421041814,3.84984896789054,0.000118190681729812,0.000193402933739692
"LOC545261",6.31858948272547,-4.17907158703834,0.217532802967082,-19.2112248361491,2.9814814071934e-82,1.2762060635957e-81
"Mir143",1158.4394801971,-12.0559367186499,0.173828517255007,-69.355344617959,0,0
"Grpel2",1.35790704460566,-0.551095442924156,0.193209589380325,-2.85231931133266,0.00434014789971161,0.00660512304270979
"1500015A07Rik",36.6692971663069,-6.99753502756351,0.269136400825675,-25.9999576649461,4.95758853841371e-149,6.73045830182563e-148
"Afap1l1",1.2445602015122,0.307340939525215,0.211467288164377,1.45337343753287,0.14612009739817,0.183714983016129
"Adrb2",1.57095839780772,0.745026540021974,0.204447454271538,3.64409790611754,0.000268331270217199,0.000433886933135458
"Htr4",2.43886659983896,-2.5324754439889,0.240492791223738,-10.5303590644131,6.2595253846187e-26,1.44354859764566e-25
"Fbxo38",1.23638448616553,0.215971200132179,0.213177064749974,1.01310711068042,0.311009002227788,0.351037806053935
"2700046A07Rik",9.50746105268781,-4.98991007560122,0.285136509978226,-17.5000741784427,1.4308271201962e-68,4.90730457780827e-68
"Napg",1.53705460296489,-0.773129608392218,0.202111654237019,-3.82525991047284,0.000130634191611175,0.000213463916171649
"Txnl1",1.4937437247341,0.528207725624898,0.208295456508066,2.53585812422386,0.0112172168862531,0.0165313021305029
"1700091E21Rik",39.3727802634953,-7.14594149810559,0.247650053288132,-28.8549968119391,4.3858327775423e-183,9.19439642520915e-182
"Onecut2",20.3181476262959,-6.16071775070818,0.255529232575269,-24.1096397802294,1.98062135890186e-128,2.03520541209994e-127
"Fech",1.20076696909235,0.177741068914313,0.213890962653529,0.830989148439278,0.405979759644739,NA
"Nars",1.43105108362785,0.338096988105976,0.203374600679224,1.66243467461921,0.0964256512854433,0.126189807180763
"Malt1",1.28809991385832,0.177758589886911,0.214187902230714,0.829918907816918,0.406584633824467,0.436795720715753
"Sec11c",1.92007501092228,1.00195861104513,0.204339981120542,4.90338995604615,9.41967225190299e-07,1.64011638275296e-06
"Lman1",1.29892572982471,0.31814779001477,0.208492815380143,1.52594126293846,0.127024493209668,0.162040042657494
"Pmaip1",1.22833264683586,0.225346966627223,0.213011463682188,1.05791004264183,0.290096456260611,0.331827717078859
"Chmp1b",1.24042828570373,0.206496093705882,0.213401889127625,0.967639483183711,0.333224451235902,0.371194373059014
"Tubb6",1.23941612171126,0.259660317129264,0.210828361824301,1.2316194789089,0.218091261103186,0.260485368543052
"Afg3l2",1.2400272360502,0.253168785824519,0.21238544610248,1.19202511504654,0.233251397659566,0.276695742225986
"Slmo1",48.3455096021495,-7.44808174864792,0.300062932240835,-24.8217322047296,5.22393199402192e-136,6.00637114731155e-135
"Psmg2",2.09619325710575,-1.89796516931499,0.227722682516402,-8.33454598523925,7.77961337566172e-17,1.60195589037295e-16
"Ptpn2",1.2722627056123,0.196978881221091,0.213714083802266,0.921693496827945,0.356688473651778,0.392000127749348
"Seh1l",1.42128988127979,-0.421724233654929,0.200567066408439,-2.10265943061719,0.0354955508041569,0.0498031754614406
"4930549G23Rik",22.6222440295391,-6.2895147108698,0.297773312888936,-21.1218213272714,5.01247097742205e-99,3.06382886441957e-98
"Cep192",46.3531682495078,-7.32331521251657,0.278531442094508,-26.2925979108373,2.33045033670411e-152,3.30569314065095e-151
"Rnmt",1.22857106689341,0.206512950065716,0.213360002078701,0.9679084554449,0.333090091113553,0.371194373059014
"Tcf4",1.59093851832638,0.0373462311165086,0.196550154738441,0.190008657923506,0.849302346083734,0.85726737823786
"2310002L13Rik",83.008547838501,-8.23899351021471,0.281094266038985,-29.3104289401337,7.63745832253913e-189,1.69288885111058e-187
"Stard6",11.9903659181954,-5.34317246613884,0.282209526823017,-18.9333525564844,6.05812952652147e-80,2.49790174790222e-79
"Mbd2",1.28709830253492,0.30726238533558,0.211448984908389,1.45312773891396,0.146188290654048,0.183714983016129
"Mex3c",13.5675964652572,-5.50071054921619,0.293126417661812,-18.765659516784,1.44196815772845e-78,5.77450999872842e-78
"Smad4",1.45325353937116,-0.678596982150834,0.197123629391321,-3.44249435872406,0.000576375886133743,0.000918821843218243
"Me2",1.32209050118121,0.359342937825067,0.210541226326571,1.70675807344111,0.0878670282074974,0.116106666202622
"Cxxc1",1.23295266179314,0.187413957613242,0.213804966210277,0.876565034644333,0.380722937850205,0.414225210457603
"Mbd1",1.23194854160024,0.187383696993307,0.213826235792685,0.876336321867371,0.380847224764575,0.414225210457603
"Acaa2",1.31064783316952,0.342223035335154,0.210859773395234,1.62298872764931,0.104591814577176,0.135948916404084
"Rpl17",72.3980510501911,-3.31245726794841,0.259250118313778,-12.7770713837795,2.20206133736274e-37,5.70742809385973e-37
"BC031181",2.02024989080322,-0.570274329459507,0.191715695495561,-2.97458342148472,0.00293386670838786,0.00450633638893177
"Dym",1.22079835924853,0.177755190334599,0.214007436072091,0.830602868746672,0.406198013605157,0.436795720715753
"Smad7",1.47157435465076,0.558367421451592,0.207754959428105,2.68762499335097,0.00719621637421042,0.0107850271241396
"Ctif",1.59122362113296,-1.37351126646611,0.187673972530445,-7.31860282993315,2.50565980962662e-13,4.8959551586191e-13
"Gm10532",40.0435958580358,-7.17084047273832,0.251111317697159,-28.5564208674432,2.33789172995777e-179,4.70281110997286e-178
"Zbtb7c",17.2113208716025,-5.89874203634717,0.271108361181655,-21.757875746203,5.81818180284182e-105,3.94940299230615e-104
"2900057B20Rik",9.92066064579501,-5.05697227461536,0.280794078102484,-18.0095403321493,1.63984623703272e-72,5.97348036099846e-72
"Smad2",1.29138927415616,0.307283825612143,0.211420175744543,1.45342716006173,0.146105190040735,0.183714983016129
"Skor2",179.872865939148,-9.36288029798106,0.201870832429824,-46.3805503018168,0,0
"Ier3ip1",31.1880084863101,-5.74656960188762,0.287870589715508,-19.9623365748017,1.17106647456658e-88,5.72911621109421e-88
"Hdhd2",1.22067022372058,0.20651155010562,0.213374201635298,0.967837482333465,0.333125541022997,0.371194373059014
"Pias2",1.1852970094328,0.0875894908997999,0.214438791238925,0.408459171000496,0.682936599842741,NA
"8030462N17Rik",34.3567533394788,-6.9443445782122,0.293919768696462,-23.6266672670929,2.05096929899349e-123,1.95010195642004e-122
"Atp5a1",2.48584002821102,1.44343421438826,0.197597984630059,7.30490352465206,2.77465753106307e-13,5.41953688013068e-13
"Slc14a1",38.5707831367716,-7.04092411121716,0.270857060221854,-25.9949809152106,5.64343661534569e-149,7.65162055379338e-148
"Setbp1",55.5372787461318,-7.59851551894287,0.250691868880503,-30.3101793962246,8.41773480565146e-202,2.11252767718753e-200
"Pard6g",1.19319436137723,0.177781894149498,0.213955930865776,0.830927628087246,0.406014514899378,NA
"Rbfa",1.30753602573727,0.257196746849271,0.209645801707797,1.22681563262474,0.219891893878943,0.262358911401661
"Txnl4a",1.72964594169969,0.749739937160994,0.20222861386184,3.70738800431678,0.000209407976359722,0.000339950128004276
"Pqlc1",1.25945063435626,0.295361906043047,0.210128953458874,1.40562212480088,0.159836362619483,0.198535589024081
"Ctdp1",1.21266594682442,0.168008934511477,0.214225883866246,0.784260666728653,0.432887174060219,0.461156984598221
"Nfatc1",1.49326825767851,-0.498738831936726,0.192131143953464,-2.59582502698013,0.00943641057590694,0.0139937679563165
"Atp9b",20.2662344755073,-6.08071999296058,0.292966200419978,-20.7557048705401,1.08873999011915e-95,6.1573377556034e-95
"Mir5127",7.96538981338418,-4.70634458331771,0.270894003337743,-17.3733804563033,1.31260063876393e-67,4.43767832535475e-67
"Galr1",19.2954465457896,-6.08278090523263,0.293318414489728,-20.7378078045817,1.57962235617567e-95,8.91419318836435e-95
"Mbp",1.27129215487146,0.18099699997421,0.208464299484031,0.868239791763841,0.385263074825577,0.417755141377131
"Zfp236",2.41658304034406,-2.40537671158371,0.236945535009732,-10.1516017657176,3.25968793400559e-24,7.34379413703461e-24
"2210420H20Rik",10.4480767265741,-5.13903195949799,0.280923930386296,-18.293322154618,9.35368682072036e-75,3.53557170196671e-74
"Zfp516",1.22275278806301,-0.112766365807186,0.205130750661024,-0.549729211460507,0.582505117937134,0.600094082421915
"Tshz1",1.20473232414989,0.14840904889586,0.214604038280571,0.691548258294336,0.489221064780616,NA
"Zadh2",4.78136572960951,-3.72313129768765,0.253900471176399,-14.6637431606063,1.10035805452706e-48,3.1208199101501e-48
"Zfp407",1.30725812573605,-0.602929719037758,0.202117980209435,-2.98305830294267,0.00285383625018745,0.00438793084712179
"Cndp2",1.4922053085164,-0.0751540379844883,0.195735129712914,-0.383957841879059,0.701009694270381,0.714701289861599
"Fam69c",4.28433900517673,-3.65089893100379,0.2654182920268,-13.7552649560233,4.73542677538661e-43,1.28510152157619e-42
"Cyb5",3.81704090905989,-1.85040814490719,0.236807788188503,-7.8139665889461,5.54157902206193e-15,1.11001697986045e-14
"Fbxo15",3.11887493129618,-3.04796886040311,0.246231561849488,-12.3784653661346,3.41816243390884e-35,8.67418955031802e-35
"1700034H14Rik",1.23218909473008,0.076739590420347,0.209348113358097,0.366564518730968,0.713943878489154,0.727319876212604
"Socs6",1.95878351082991,-1.87225914178084,0.221929594788469,-8.43627522307412,3.27610822418494e-17,6.78084255759136e-17
"Rttn",1.47817889129491,-1.09813530399045,0.206780629957217,-5.3106294541111,1.09247251154332e-07,1.93936626772865e-07
"Cd226",16.7019457523503,-5.74384334740667,0.290690888897832,-19.7592823400304,6.67469814680671e-87,3.15311532364987e-86
"Tmx3",2.07227792845377,-1.72596058072052,0.222154503969239,-7.76919013516606,7.89895238061025e-15,1.57827871490088e-14
"Ighmbp2",2.24195128484682,-2.31463221199828,0.232923680269544,-9.93729881530178,2.86490301881722e-23,6.39366984105425e-23
"Mrpl21",1.3887613211771,0.21145842032455,0.204224288743414,1.03542248390555,0.300471649976645,0.342048198206976
"Cpt1a",1.22725214226999,0.271340118539163,0.212053658773709,1.2795823477336,0.200692061329512,0.242915550177492
"Gal",1.24516053608872,0.31573676910171,0.212316217992623,1.48710622338177,0.136986758119652,0.173077787095385
"Ppp6r3",1.23578915575633,0.225323979107066,0.213022607190678,1.0577467907215,0.290170896950478,0.331827717078859
"1810055G02Rik",1.48752328943649,-1.02949203352252,0.207352310787289,-4.96494121340476,6.87218830441967e-07,1.20016135660993e-06
"Suv420h1",1.28316540237017,0.243948090336886,0.212759363273889,1.14659156045155,0.251550466116828,0.294845275205982
"Chka",1.22436544280193,0.126813703526349,0.212249650659363,0.597474262654361,0.550190785454619,0.569195319323794
"Tcirg1",1.26614230952069,0.342111671578696,0.210808417899812,1.6228558374803,0.104620226056672,0.135948916404084
"Ndufs8",1.57459495325566,0.651935070559467,0.206209727259209,3.16151463475811,0.00156950931443646,0.00245074442756755
"Aldh3b1",1.30122981694826,0.409555723658088,0.20957535679698,1.95421699343608,0.05067556046285,0.0700214362318945
"Unc93b1",2.14297392345159,1.10191583541033,0.207421616656109,5.31244454254367,1.08164349139493e-07,1.92079572208932e-07
"Ndufv1",1.4733860671584,0.163884230606381,0.196162310954591,0.835452181455581,0.403463160010693,0.436795720715753
"Gstp1",9.39993705364973,-3.7303143384448,0.264741121839117,-14.0904227969228,4.34949755848632e-45,1.20192574141337e-44
"Cabp2",31.992208894975,-6.83890825732711,0.289980210215528,-23.5840516573324,5.61851959225721e-123,5.31798227952541e-122
"Cdk2ap2",3.0916575356968,2.00559457962094,0.209133396514834,9.59002537635678,8.80633509061646e-22,1.93025694616913e-21
"Pitpnm1",6.74177869054592,-4.16681098494111,0.266290979571225,-15.6475859289353,3.45062753850406e-55,1.02956706207438e-54
"Aip",1.42129288147472,0.442297561049795,0.209145566752621,2.11478334404739,0.0344484170949337,0.0484626700540504
"Tmem134",56.7716963154529,-6.84155995941621,0.287515493440062,-23.7954479515465,3.7225950062065e-125,3.63553712486397e-124
"Cabp4",8.36032197974345,-4.78416876386094,0.278199841626931,-17.1968780998681,2.80228573820287e-66,9.33499141890171e-66
"Coro1b",1.55516956312132,0.726148284463447,0.205333060901513,3.53644114238253,0.000405556858612952,0.000650986101463595
"Ptprcap",3.32876685331302,1.44263978927436,0.214728101728503,6.71844894851443,1.83669068298585e-11,3.48383915886124e-11
"Rps6kb2",1.21686451812046,0.126834359174228,0.212224279982242,0.597643017965902,0.550078154083083,0.569195319323794
"Carns1",1.26276788048943,-0.373831489662466,0.200774015520065,-1.86195155132067,0.0626099196323759,0.0851436187263259
"Tbc1d10c",1.5720050051724,0.565854362924716,0.208480284575322,2.71418644730542,0.00664387616956696,0.00998877696000563
"Ppp1ca",3.87748964673535,-0.0781466841301817,0.1992591951931,-0.392186087344429,0.694920723095688,0.70863179811672
"Rad9",1.22451839965007,0.137508223022537,0.213429675538058,0.644278836463944,0.519394636730347,0.540189398685829
"Pold4",1.76843607422218,0.65879487083869,0.208130427634907,3.16529821384078,0.0015492407810254,0.00242090611493866
"Adrbk1",1.58913506152882,0.759184134331308,0.204711063511424,3.70856426276609,0.000208437763944787,0.000338480363288782
"Kdm2a",1.26862713176145,0.225411991108567,0.213094216385381,1.05780435964958,0.290144644822731,0.331827717078859
"2010003K11Rik",32.8797108216518,-6.87945819853434,0.289486358018362,-23.7643605924186,7.80666724685215e-125,7.56746574346671e-124
"Lrfn4",23.6245275323186,-6.37626045359531,0.288141623884295,-22.1289113583802,1.66549601468343e-108,1.21848482083356e-107
"Rce1",1.25613853376662,0.26236946456312,0.21224496276649,1.23616344596963,0.216397815183436,0.259521314600617
"Rbm4b",60.3655959037694,-7.64009443089164,0.332101851750067,-23.0052750101538,4.12770348059877e-117,3.53512914991396e-116
"Rbm4",64.1076436276975,-7.71857200661601,0.32202009440044,-23.9692247186841,5.82491777640328e-127,5.84732130631253e-126
"Rbm14",1.26996736133441,-0.103783517159237,0.200659577061579,-0.517211880334961,0.605008259613971,0.622600909844244
"Ccs",2296.35022940867,-12.8444478975184,0.171762277428798,-74.780377215497,0,0
"Ccdc87",35.8482460552277,-7.00749770448595,0.310183068191538,-22.5914900685644,5.25452321797798e-113,4.21007079015273e-112
"Ctsf",7.6485921064762,-4.60621374960968,0.286332808974741,-16.0869226481692,3.15115703701079e-58,9.6447022768668e-58
"Bbs1",18.0579595228616,-5.98263311510101,0.317652960900351,-18.8338654176052,3.98577406448671e-79,1.6184940191848e-78
"Dpp3",1.24810223082649,0.234682199639157,0.212847914390321,1.10258162646967,0.270208892869555,0.313589896068377
"Peli3",804.219351855084,-11.5289138282303,0.194563298857926,-59.2553369309848,0,0
"Mrpl11",1.67875347827306,-0.923227520183999,0.196846530386854,-4.69008784848592,2.7308777742901e-06,4.7031283344752e-06
"Npas4",6.77083775561331,-4.4399979270172,0.259797650087451,-17.0902158873364,1.75522854665096e-65,5.78792988851421e-65
"Slc29a2",14.4042085956052,-5.63755376508096,0.294022547525441,-19.1738824540086,6.11687419351273e-82,2.61079994195719e-81
"B3gnt1",1.20519360396792,0.177771576646641,0.213936447296384,0.830955075178748,0.405999008743654,0.436795720715753
"Brms1",1.30371460406476,0.316116625664452,0.211322582891637,1.49589609089035,0.134680735162315,0.170882100887308
"Yif1a",1.31067462326858,0.359389208639622,0.210491259236427,1.70738305211976,0.0877508783467465,0.116060506021613
"Rab1b",1.34561680860861,0.376275803786409,0.210232119626911,1.78981120703234,0.0734842669248072,0.0985833650340512
"Pacs1",12.2622035968182,-5.22811359154288,0.288632060990483,-18.1134194642198,2.49742453688658e-73,9.20011014999856e-73
"Sf3b2",1.95839862348722,0.935345200952586,0.202901079418036,4.60985818131356,4.02943748111607e-06,6.90987636380614e-06
"Banf1",1.67496774218203,0.486598809043002,0.198599039109673,2.45015691528238,0.0142793970989691,0.0208761946104519
"Eif1ad",1.41291024189021,-0.366735624166328,0.199858096461615,-1.83498007165681,0.0665086422673575,0.0903043601601264
"Sart1",1.34580264685128,0.380667489347627,0.2087186582292,1.82383066553449,0.0681776762988252,0.0919724693836071
"D330050I16Rik",1.46105549662734,-1.04335480139556,0.186383607876372,-5.59788928481102,2.16977239176579e-08,3.90222631697414e-08
"4930481A15Rik",8.25115711147222,-4.71588604660176,0.281295092031413,-16.7649069613882,4.40703503890042e-63,1.4213606983664e-62
"Drap1",1.52091051691158,0.0201944933774845,0.194071650162939,0.104056895278262,0.91712419767898,0.922070167928404
"AI837181",2.92039500922494,-2.64635161047616,0.247241144045873,-10.7035243696541,9.79792113188791e-27,2.28072010294113e-26
"Ccdc85b",1.75617593788777,-0.0476541908951763,0.194229763730027,-0.245349579693739,0.80618576555568,0.816351056488972
"Fibp",1.73115634602752,-0.97208856746499,0.196734501355228,-4.94111892305949,7.76755106084308e-07,1.35448860990816e-06
"Ctsw",64.409946780461,-7.12753651952426,0.244929043373171,-29.1004138233816,3.54686388557821e-186,7.61918908753838e-185
"Efemp2",15.9425238413179,-5.68665617827872,0.29227766187933,-19.456348944746,2.57487618312662e-84,1.15026561197441e-83
"Mus81",1.17319487014318,0.118440917261017,0.215156218945147,0.550488002818143,0.581984703369559,NA
"Cfl1",6.23410834117257,2.92987418934687,0.210691453843634,13.9059944572849,5.82515592910612e-44,1.59409247443953e-43
"Snx32",1.17356630483777,0.0878916117641435,0.215881822910807,0.407128356519652,0.683913717561041,NA
"Ovol1",30.8908606434654,-6.78694678362088,0.238904042028235,-28.4086728964542,1.58010688702621e-177,3.13023072116767e-176
"Gm962",17.8196214621458,-5.96228431627698,0.267290952787519,-22.3063454041285,3.20648490257638e-110,2.41701822259187e-109
"Rnaseh2c",3.71248593118139,-2.49152039426083,0.239688401873321,-10.3948308503373,2.61750953682648e-25,5.99666437666632e-25
"Kat5",96.2209243633719,-8.30147974167409,0.246139649999932,-33.7267065329636,2.34752789787925e-249,8.33611947410183e-248
"Rela",1.36536963400329,0.42152475639706,0.207996403101944,2.02659637431547,0.0427037076637708,0.0594832165456661
"Sipa1",1.61109116563385,0.659005343087403,0.206123718607122,3.19713494177489,0.00138799977562558,0.00217480379071455
"Pcnxl3",49.0694492934032,-7.37541548126441,0.252645072512943,-29.192793700287,2.3939079382081e-187,5.21761980686692e-186
"Map3k11",195.115727360731,-9.24465285514253,0.182253645445846,-50.7241039405682,0,0
"Kcnk7",388.992406980975,-10.4688206441843,0.190947286161375,-54.8257105646254,0,0
"Ehbp1l1",15.0613390974798,-5.22083270856314,0.267657234939336,-19.5056663039444,9.82682899473582e-85,4.42971047949231e-84
"Fam89b",3.16011009532279,-2.18703414294545,0.233897293945376,-9.35040378644228,8.73137482195174e-21,1.88806033846678e-20
"Sssca1",1.26765125399809,0.225340947606771,0.213133019405836,1.05727844627251,0.290384527091462,0.331827717078859
"Ltbp3",1.30724131470964,-0.524219219839706,0.200897232612639,-2.60938995038564,0.00907038155558047,0.0134643514062648
"Scyl1",19.061739712749,-5.81125904220597,0.293650181005442,-19.7897342419764,3.64961037043101e-87,1.73348190479071e-86
"Malat1",115.163640874789,7.14121227279233,0.220306912724498,32.4148352154646,1.69628971458079e-230,5.35023100308867e-229
"Neat1",2.04290480526501,0.441520511565652,0.190961592600301,2.31209064374422,0.0207726886558727,0.029900299126887
"Frmd8",1.37558366476366,-0.0673789483742395,0.198423518050905,-0.339571382647059,0.734179332161781,0.746841296674363
"Slc25a45",1.21673064659979,0.196987264376017,0.21353025159404,0.922526259888111,0.356254139362555,0.392000127749348
"Dpf2",6.81516330343416,-4.02994928318909,0.263681236895322,-15.2834131492979,9.86364168860297e-53,2.89097190423961e-52
"Cdc42ep2",9.99201981881068,-4.70465142368689,0.279007607837348,-16.8620901062653,8.55108923924784e-64,2.77418805648687e-63
"Pola2",4.26291449943735,-3.51988607305217,0.265766879524781,-13.2442615849879,4.87048572829204e-40,1.29713956641247e-39
"Capn1",1.29473167122845,0.359368120846151,0.210406291189815,1.70797231781416,0.0876414790662431,0.116060506021613
"Syvn1",1.21672038148736,0.128489363481911,0.215078840695347,0.597405877149544,0.550236430826214,0.569195319323794
"Mrpl49",1.27965973420545,0.196973678832406,0.213838448384299,0.921133127932238,0.356980926282834,0.392096882734644
"Fau",26.5339444376674,4.81520440890282,0.213431822964129,22.5608549935504,1.05072311589339e-112,8.35456917740058e-112
"Znhit2-ps",1.25183971694575,0.243924113120546,0.212658721465907,1.14702144092243,0.251372759624446,0.294845275205982
"1110014N23Rik",1.20466144001871,0.177748375407063,0.213918908595947,0.830914745095286,0.406021793230736,NA
"Zfpl1",1.24007847158906,0.262325100885398,0.212172140391029,1.23637863294369,0.216317854672151,0.259521314600617
"Sac3d1",1.22734551752155,-0.0197263836920079,0.207800496611228,-0.0949294347881845,0.9243708765081,0.928998069960008
"Snx15",2.02122481141833,-1.67844995647518,0.223798512000812,-7.4998262565262,6.39024780561391e-14,1.26113775218543e-13
"Arl2",1.25858724937308,-0.132723284139601,0.201478329659297,-0.658747193130093,0.510058122357696,0.532234562460204
"Atg2a",4.04092524680846,-3.2839994119906,0.259690623865997,-12.6458143274559,1.17995620918405e-36,3.04166489478555e-36
"Ehd1",1.46436023638726,0.533854148059333,0.203793392411836,2.61958516780806,0.00880367864851034,0.0130907855135234
"Cdc42bpg",1.49928506866417,-1.13084291571347,0.209429638517665,-5.3996317031225,6.67778452177207e-08,1.19233915524714e-07
"Men1",1.20808268095216,0.166620160025654,0.212716903946797,0.783295341997491,0.433453697924851,0.461337201176006
"Map4k2",1.29545117049888,-0.534691156247334,0.203496956916768,-2.62751426040257,0.00860112366192243,0.0127987073874672
"Sf1",1.44704530301661,0.496977832317683,0.204257024123276,2.43310032764279,0.0149701522402056,0.0218707513836757
"Pygm",1.73393362026109,-1.61869271519916,0.225239598635003,-7.18653702549978,6.64552747031731e-13,1.29029768997792e-12
"Rasgrp2",1.76366521592013,0.877196239559387,0.204040377914965,4.29913063543219,1.71469385952514e-05,2.88313800828514e-05
"Nrxn2",28.3808133050941,-6.61819670152366,0.285049450051783,-23.2177143310446,3.01603559105411e-119,2.67522613174213e-118
"Slc22a12",7.12911147910382,-4.52548699584018,0.270563642995492,-16.7261460029779,8.45343845154918e-63,2.72052704790917e-62
"Rps6ka4",1.2551058665955,0.259683287703012,0.210887851945371,1.23138097006308,0.218180410951795,0.260485368543052
"Ccdc88b",1.18917101671848,0.118451678594982,0.215216628276859,0.550383488224725,0.58205637145984,NA
"Prdx5",2.45510474482919,1.54387263950247,0.208980205208226,7.38765012678673,1.49446355381417e-13,2.93164214615181e-13
"Trmt112",1.9718455060576,0.941082806194856,0.20292974697794,4.63748080411868,3.52681352939465e-06,6.0588996621491e-06
"Esrra",1.19662098101918,0.148388157485296,0.21457377867146,0.691548419401689,0.489220963574416,NA
"Gpr137",1.20768975310526,0.0769522457907434,0.210543078377726,0.365494066029978,0.714742635519697,0.728040209337135
"Bad",32.6139145942489,-6.60058370565955,0.282439373705896,-23.3699134049658,8.64781334075669e-121,7.90570676685638e-120
"Ppp1r14b",1.37193523817689,0.442152395875128,0.209347138786974,2.11205368478931,0.0346818449089262,0.0487254018098761
"Fkbp2",3.00455594829392,-2.07716247209548,0.232370967793109,-8.93899307569644,3.92732451997046e-19,8.31162943208829e-19
"Vegfb",36.3343078780096,-6.92343942491298,0.272648564002226,-25.3932730225437,2.99248845115262e-142,3.75951617689932e-141
"Dnajc4",1.2126535412553,0.196973568373824,0.213528864109567,0.922468113129435,0.35628445544224,0.392000127749348
"Nudt22",1.26273414385018,-0.21257253743552,0.200386193138762,-1.06081429117384,0.288774306172703,0.331827717078859
"Trpt1",10.6730345258733,-5.13919664417257,0.279094207130877,-18.4138420392317,1.01742082350466e-75,3.91661998428784e-75
"Fermt3",12.3080652195175,-4.76413087352068,0.262843155603728,-18.1253754261848,2.00966753999227e-73,7.4111370955561e-73
"Stip1",1.59751091490625,-0.341077480767973,0.190438438567067,-1.79101174812381,0.0732914097681376,0.0985525911874493
"Macrod1",167.858309828351,-9.19970415845677,0.256345747716379,-35.8878750297638,4.7220516067378e-282,1.95627852279138e-280
"Flrt1",79.4487010873602,-8.17508656677214,0.244562207756011,-33.4274319887072,5.47768148394068e-245,1.89360909577287e-243
"Otub1",1.3546964043904,0.324887855058972,0.211324994150089,1.5373849002841,0.124199081818597,0.158746132980675
"Cox8a",4.3306155880241,2.41424386556298,0.2080810459954,11.6024208452718,4.00583741171212e-31,9.80331518478072e-31
"Naa40",1.18495350801158,0.128476961457232,0.214978950976406,0.597625771610228,0.550089664196406,NA
"Mark2",1.40156831530828,0.450361168974844,0.209019264965659,2.15463952114097,0.0311900538498523,0.0440986135146882
"2700081O15Rik",17.9876388700636,-5.92197406233307,0.277455025557587,-21.3439062797006,4.44236081832347e-101,2.81250739498466e-100
"Rtn3",7.79078761435377,-3.79021939532428,0.263594543565352,-14.378975164122,7.01252643643706e-47,1.96117803365665e-46
"Atl3",1.23009425699494,-0.112681692009122,0.205770372794283,-0.547608921920817,0.583960461937052,0.601415332210991
"Pla2g16",2.07484297121065,-1.30006432940431,0.205619525684256,-6.32266962526045,2.57082566927408e-10,4.78165330255147e-10
"Lgals12",1.88430127460098,-1.90085418528486,0.226885934544259,-8.37801686165809,5.38269353059364e-17,1.11101859350331e-16
"Hrasls5",1.46849530789852,-1.14752502131577,0.195372193479123,-5.87353297765167,4.26604118542792e-09,7.75643851895985e-09
"Slc22a19",8.68489962862023,-4.84569502317454,0.281079082362145,-17.2396144972869,1.33926911502294e-66,4.47423025946863e-66
"9830166K06Rik",13.4604798259864,-5.53343447279304,0.278804900928391,-19.8469770594681,1.17033267609202e-87,5.62018083643088e-87
"Slc3a2",1.87217035543524,0.842360138830562,0.195229394559916,4.31471982346409,1.59805448063143e-05,2.69135163377837e-05
"Snhg1",4.41678639845747,-3.36767496774105,0.245052566546835,-13.7426635239807,5.63634372701044e-43,1.5284007405192e-42
"Wdr74",1.77916768672708,-1.26793999409834,0.219016930628959,-5.78923277966299,7.07086493348174e-09,1.28159426919356e-08
"Stx5a",11.5682279005344,-4.91472101076698,0.276177885369391,-17.7954907728889,7.65934147065421e-71,2.71523004935925e-70
"Nxf1",1.24439662516948,0.243995137063181,0.212574463868801,1.14781019611919,0.25104692722804,0.294845275205982
"Tmem223",1.681986698635,-1.20305137537252,0.20238695204438,-5.94431292739028,2.77618811523031e-09,5.07146175380655e-09
"Tmem179b",1.44800484429187,0.377029267384381,0.205116933519064,1.83811868145611,0.0660449189586828,0.0896863883882217
"Taf6l",1.23150215138671,-0.0482829778202549,0.207169309350331,-0.233060475857486,0.815714445525883,0.825039605821567
"Gm2518",8.20342997422257,-4.75265516743781,0.277657622068815,-17.1169627256258,1.10913322925517e-65,3.67365193953808e-65
"Polr2g",1.52130257403933,0.296905535699781,0.197836087782535,1.50076530034371,0.133416276577259,0.169986078528995
"Zbtb3",8.76631268225604,-4.84909894162971,0.279364732323445,-17.3575916376426,1.72822379730836e-67,5.83904739284766e-67
"Ttc9c",1.54273444643179,-0.826042564441445,0.198016889616996,-4.17157630361317,3.02499724870394e-05,5.05214706070535e-05
"Hnrnpul2",1.55460912986827,0.0440629331585256,0.196237607962274,0.224538678472867,0.822338174071806,0.83101447462101
"Bscl2",1.30181608748099,0.316010689069326,0.211373379630485,1.49503541847022,0.134905198803946,0.170882100887308
"Ubxn1",1.77647251036602,0.870941891516236,0.203411287451197,4.28167926386679,1.85488207606338e-05,3.11434044292405e-05
"AI462493",2.62282610347061,-1.70722832765693,0.219727819574672,-7.76974135984064,7.86465482804142e-15,1.57202750152695e-14
"5730408K05Rik",19.877658125062,-6.06331513455275,0.282190280817667,-21.4866193016423,2.07694657327655e-102,1.3442853208312e-101
"1810009A15Rik",11.7559743699044,-4.78897042465446,0.283140045872708,-16.9137869914998,3.56072713590777e-64,1.15987492352191e-63
"Ganab",1.39156944293344,-0.353680711057272,0.19807942027073,-1.78555001107066,0.0741721469706045,0.0993020280037331
"B3gat3",12.4057071417094,-5.15526579833546,0.263080219171797,-19.5957940683065,1.6794503284689e-85,7.69686629904097e-85
"Rom1",1.83535011951695,-1.6706161013011,0.217604123727154,-7.67731820834345,1.62453544152044e-14,3.22927456387535e-14
"Eml3",1.35164924522247,-0.601396826151342,0.198681751904373,-3.02693538982281,0.00247046756949952,0.00381590197153055
"Mta2",1.35803325078136,0.306532172077193,0.20756356777346,1.47681105776593,0.139726291621865,0.176389659556502
"Tut1",1.20885684915416,0.128503721320318,0.215051933844521,0.597547387847367,0.550141978539844,0.569195319323794
"Eef1g",7.6885385171834,-1.42753300897319,0.233881577822603,-6.1036573391683,1.03668416848396e-09,1.90847870198775e-09
"Ahnak",1.96970577701003,1.29674102612548,0.204457947869648,6.34233611183566,2.26306903660757e-10,4.21298872007543e-10
"Scgb1a1",2.89619839674798,2.1499438331133,0.199273039334837,10.7889348217386,3.88263467913605e-27,9.09665755165626e-27
"Asrgl1",1.19709895327523,0.0981455596193224,0.215749495906541,0.45490516307782,0.649177468302224,NA
"Fth1",16.7646306180804,4.5505076027092,0.239129473697843,19.0294719105144,9.72275440656298e-81,4.06999021670078e-80
"Fads3",10.2419620980877,-5.03098943087475,0.274855811770166,-18.3041042445981,7.67437185419163e-75,2.90712779962847e-74
"Fads2",7.85070819180695,-4.67112320068455,0.274918031027329,-16.9909670283511,9.57967023775767e-65,3.14304705475142e-64
"Fen1",21.9382534773093,-6.11840542076253,0.261091775006299,-23.4339263296016,1.92813977389344e-121,1.78139639287146e-120
"1810006K21Rik",2.62963021784198,-0.816332948321574,0.19966345453522,-4.08854464740104,4.34088005957301e-05,7.21407001304397e-05
"Gm98",43.0599883595528,-7.27783111183902,0.278789817817879,-26.1050822042335,3.19223748145467e-150,4.40832795058026e-149
"Dagla",12.7783407768516,-5.44183032824169,0.288641982343088,-18.8532183851668,2.76497544197118e-79,1.12671130422245e-78
"Syt7",14.2464143233982,-5.59859674775666,0.274703552944123,-20.3805035928875,2.49079494611004e-92,1.31200298876836e-91
"Sdhaf2",1.27571748998778,0.206489043058264,0.213602899331909,0.966695881488993,0.333696086586931,0.371194373059014
"Cpsf7",3.9108766975984,-3.29608752229154,0.256702212220092,-12.8401212197795,9.77213409167867e-38,2.5422646378551e-37
"Cybasc3",82.7091734740075,-7.54161951062186,0.270285086495468,-27.9024625753753,2.49067901540947e-171,4.62681297524463e-170
"Dak",48.3998674815937,-7.42832270912914,0.295497203106357,-25.1383858494779,1.893340633108e-139,2.30110316759575e-138
"Ddb1",1.35673763528556,0.372762775657755,0.206273575307518,1.80712810694259,0.0707423071506918,0.0952844389953842
"Vwce",8.45030056420068,-4.80179325383417,0.277775629063259,-17.2865894320075,5.9362218386385e-67,1.99145745486459e-66
"Vps37c",1.18101851016182,0.0570583872747932,0.21226000118918,0.268813657566783,0.788073082852448,NA
"Cd5",1.23307545013791,0.0870384001807421,0.211909448124133,0.410733928813578,0.681267645326807,0.695394242455318
"A430093F15Rik",173.7100570229,-9.28061122066502,0.267249704012735,-34.7263666949572,3.15211767903465e-264,1.16695420457878e-262
"Cd6",1.22533997466856,0.168087979352858,0.21438718054513,0.784039320473617,0.43301703851885,0.461156984598221
"Slc15a3",1.23543061587212,0.193474261780684,0.210857454889887,0.917559504271354,0.358849526965241,0.393564190526606
"Tmem109",5.70099168280959,-3.3712358317096,0.256833612851408,-13.1261472915542,2.33223636859483e-39,6.17513256102713e-39
"Prpf19",1.40880658025035,0.505330328979467,0.208032702270293,2.42909082785888,0.0151367397661545,0.0220955765042859
"Zp1",11.9671297436273,-5.35140416986696,0.281821480954647,-18.9886312134175,2.11776975948287e-80,8.79455699642051e-80
"Gpr44",26.3271863230719,-6.53833514716942,0.301461979052246,-21.6887554700099,2.6197864194207e-104,1.75324168068924e-103
"Ccdc86",1.22410276367557,0.206465116674239,0.213469812988238,0.967186478425476,0.33345082044579,0.371194373059014
"Ms4a15",15.3390300974222,-5.72291055926504,0.287264327987685,-19.9221065816093,2.61744224081406e-88,1.27157268469515e-87
"AW112010",4.5774613369733,2.54259292461846,0.277735301959104,9.15473440604556,5.44916853743597e-20,1.16719982623782e-19
"Ms4a8a",1.20007635086985,0.206430699803246,0.213320193599986,0.967703508606131,0.333192465347594,NA
"1700025F22Rik",15.0064695736766,-5.70046089961621,0.290129739751636,-19.647971643638,6.01697029774967e-86,2.78568380968987e-85
"Ms4a13",32.5595479346856,-6.86499443825864,0.294506079673823,-23.3101959927683,3.49410877721208e-120,3.16104814853502e-119
"4930526L06Rik",4.36007127210639,-3.68341436976431,0.268466956958042,-13.7201777511114,7.6876704193929e-43,2.08249297297514e-42
"Ms4a1",2.9260645244833,-0.947661968161503,0.231889501332459,-4.0866963045595,4.37559274682305e-05,7.26944434704529e-05
"Ms4a4c",20.7161744089027,-5.49998438437099,0.286112272819235,-19.2231683393948,2.3685583146575e-82,1.01593051787281e-81
"Ms4a4b",2.75793078707443,0.54146434073478,0.227864205087668,2.37625887982914,0.0174891876590749,0.0253840009955153
"Ms4a6c",1.80945925534017,1.12910400187665,0.226105654755471,4.9937008567864,5.92331215645264e-07,1.03600902853687e-06
"Gm8369",8.06797526394882,-4.65191556268628,0.262120970326867,-17.7472086910304,1.81136117299241e-70,6.38009805871822e-70
"Ms4a6b",1.99917289164483,1.06106152540352,0.215611916482367,4.92116364769798,8.60311550405158e-07,1.49969153218064e-06
"Ms4a4d",1.23280411088176,0.280547718179829,0.212239368034424,1.32184580447076,0.186219502205569,0.22706512532424
"Ms4a6d",16.2228133506351,-5.60414402986834,0.249679511553545,-22.4453500209067,1.42080915671928e-111,1.09632280828893e-110
"Oosp1",23.6958565808829,-6.39166130096812,0.239513488189279,-26.6860181833142,6.83971406299764e-157,1.03638047630908e-155
"Gm97",5.60184368506265,-4.12169411570372,0.267198707833799,-15.4255765273665,1.10166944199128e-53,3.25450734985538e-53
"Mrpl16",58.9563973087778,-7.55675658805642,0.253903100027776,-29.7623644107919,1.19982848230336e-194,2.8148785067971e-193
"Stx3",1.5059957506195,-0.892921402259505,0.210840485917081,-4.23505665136188,2.28494093781974e-05,3.8296329091087e-05
"Olfr1417",18.0868674121473,-5.98493913326752,0.26830816696852,-22.3062130418479,3.21598507820546e-110,2.42243031864827e-109
"Olfr1419",3.65306669376395,-3.35617759815219,0.250322115943516,-13.4074353977956,5.4697799341285e-41,1.46647412717775e-40
"Patl1",1.2244678275488,0.0280502619030446,0.209178798971932,0.134097059744608,0.893325824629346,0.899009216226178
"Osbp",1.35155714371867,-0.537873159536245,0.196349252860296,-2.73936952497062,0.0061557142664419,0.00927488193702604
"Mir466f-1",42.1048822228353,-7.24479639986155,0.277220737660736,-26.1336740569811,1.5110868914859e-150,2.10343295294837e-149
"Olfr1425",2.95972626348764,-2.9444831620948,0.239110028938258,-12.3143440497643,7.58292002225456e-35,1.91684467390648e-34
"Olfr1426",17.0187153240908,-5.89234127721344,0.263797912444234,-22.3365728053631,1.6308588645678e-110,1.23288678827573e-109
"Pfpl",1.33780512875318,-0.78673938085663,0.185935879332665,-4.23124027315377,2.32406248086254e-05,3.89270211779319e-05
"Mpeg1",1.79767860136473,1.18354816981819,0.215576536708456,5.49015300036484,4.01585717449554e-08,7.18764767730729e-08
"Fam111a",1.53786691043092,0.535728496523418,0.208386699524687,2.57083824325339,0.0101452701014583,0.0150002294093223
"A330040F15Rik",1.85498502902995,-1.8138768971055,0.221999404111558,-8.17063858511081,3.06761334259918e-16,6.26361887282133e-16
"Zfp91",1.25914518440733,0.20641168502124,0.213564582097414,0.966507100541083,0.333790495620501,0.371194373059014
"Lpxn",1.3777283960026,0.367874059273278,0.21067421912025,1.74617502231396,0.0807805436694621,0.10744537226377
"Olfr1465",9.3202285067184,-4.95810877091618,0.252268084628689,-19.6541261975884,5.32988055720067e-86,2.47196592701799e-85
"Olfr1477",2.34661172055354,-2.44523956784281,0.225279497627349,-10.8542481388504,1.90366957937347e-27,4.47317362337587e-27
"Olfr1502",2.691000708204,-2.74272933006178,0.237835167077906,-11.5320596350806,9.09416308500112e-31,2.21622461735321e-30
"Olfr1504",2.55888914360695,-2.63563237087565,0.230032287479677,-11.4576627470546,2.15245134164736e-30,5.22230815867964e-30
"Rnu6",1.2943988197894,-0.650058077896398,0.1925384888019,-3.37625002637905,0.000734811104151422,0.0011658705056749
"Tle4",2.38422295048478,-2.21051569581495,0.234743040720729,-9.41674645189917,4.65282009803048e-21,1.00862628370927e-20
"Psat1",16.6730516914328,-5.80533551463403,0.278025423555615,-20.8805922868156,8.03892073449313e-97,4.65223572439624e-96
"Cep78",6.37148067449328,-4.27026535051295,0.277829285633469,-15.3701052096667,2.59747027807767e-53,7.64521841080655e-53
"Gnaq",2.39641477319643,-2.05550766259908,0.228956631204582,-8.97771622418049,2.7644500024028e-19,5.86007269544878e-19
"E030024N20Rik",1.18906630591835,0.107762773402354,0.213991319781499,0.503584787982931,0.614553184538583,NA
"Gna14",10.9267191336269,-5.19831478658427,0.276907924488501,-18.772719474123,1.26253958883135e-78,5.06763295171062e-78
"Vps13a",3.52430699877782,-3.12543789697579,0.242637230570039,-12.881114285854,5.74993562654843e-38,1.50110847564805e-37
"Prune2",3.88964620515271,-3.40055661027245,0.26156626303957,-13.0007462382793,1.21155253744595e-38,3.18364170423752e-38
"Gcnt1",1.18528605551784,0.0772494545360496,0.21322009771715,0.362299123596341,0.717128513022856,NA
"Rfk",1.29954689487065,0.20099339311283,0.209444166514697,0.959651426236912,0.337230677515951,0.374063777440133
"Pcsk5",1.53179926265214,-1.17461634412503,0.19917641870944,-5.89736652429003,3.69348823288616e-09,6.72480243308887e-09
"Ostf1",3.50518805643806,-0.446986599719564,0.202766874314015,-2.20443601170937,0.0274936954168725,0.0391161324818955
"2410127L17Rik",1.22428452776794,0.148384831510013,0.214699674997274,0.691127415595281,0.489485472887388,0.512050895553324
"D030056L22Rik",1.18904684254761,0.0671687733594498,0.213488473581516,0.314624823685401,0.753046529097247,NA
"Trpm6",32.7358110286912,-6.87303705853644,0.231532249213223,-29.6850096774506,1.19896419298433e-193,2.76928897671603e-192
"Anxa1",34.5549410480704,-6.07364955262853,0.230613398460329,-26.3369326898555,7.24496944707471e-153,1.03612987708849e-151
"C730002L08Rik",27.1095218741989,-6.59276539038408,0.308371360325773,-21.3793050801451,2.08206626242042e-101,1.32460522728027e-100
"Aldh1a1",1.34223545300511,0.513091568944803,0.208869908853015,2.45651262914024,0.0140292870917753,0.0205162848071347
"Aldh1a7",1.51903237450516,-1.24796942645608,0.203005249434513,-6.1474736733774,7.87267617921659e-10,1.45110768557594e-09
"Zfand5",1.65269806160402,0.651845638626216,0.199643132290514,3.26505415511951,0.00109443149745661,0.00172309830092702
"Gda",1.52610425923008,0.392136779144774,0.191084541491269,2.0521638018672,0.0401537460766646,0.0560884545143669
"1110059E24Rik",13.9176370821094,-5.23293316592371,0.278921230068825,-18.7613297296605,1.5643655732448e-78,6.25986070704322e-78
"Fam108b",1.31453795268652,0.123643822986593,0.207268251253473,0.596540098345244,0.550814474662344,0.569356744106423
"Tmem2",2.2961699414947,-1.97324775539839,0.218187663444937,-9.0438099214366,1.51304248547893e-19,3.22239158474094e-19
"Trpm3",3.59598549349338,-3.32712514963095,0.254347446536599,-13.081024381946,4.22704897936694e-39,1.11581267622227e-38
"Mir204",1.82577599758946,-1.82271953811593,0.226479613786194,-8.04805124684049,8.41227257509007e-16,1.70731193009215e-15
"Klf9",52.8052525398156,-6.9613007960807,0.238977312364079,-29.1295467641516,1.51719090190723e-186,3.27939399915352e-185
"Smc5",117.620203283619,-8.65233047532172,0.321142856878595,-26.9423102211258,7.01964515425449e-160,1.10702561042926e-158
"Mamdc2",24.731467579743,-6.18727339882045,0.28660121128419,-21.5884412040576,2.30662200742799e-103,1.52123397078637e-102
"Fam189a2",143.580859722454,-8.92310003972884,0.25160474948078,-35.4647519895504,1.71851334331187e-275,6.6945072030507e-274
"Tjp2",1.29621828063743,-0.333034585047588,0.197747125362623,-1.68414374892621,0.0921538911963671,0.121230673398447
"Fxn",1.17326797894119,0.0981205130729609,0.215636385241129,0.455027628863471,0.649089362082731,NA
"Fam122a",1.3187668073049,0.367963367775179,0.210342103651149,1.74935669743725,0.0802293810675275,0.107069142974425
"Pgm5",1.16559185538286,0.11846759948187,0.215140051705976,0.550653393184898,0.581871299769358,NA
"Foxd4",10.5969535536877,-5.14984554746513,0.271204620616361,-18.9887824763501,2.11167891385091e-80,8.77275282952784e-80
"Cbwd1",1.19359513921314,0.148454674714165,0.214537542073767,0.69197527518573,0.488952856178679,NA
"Snora19",88.126638781726,-8.3262303486766,0.227340953723129,-36.624419016104,1.16899852721522e-293,5.32940813280652e-292
"Dock8",9.57487712966813,-4.54153259710378,0.2417422781363,-18.7866707971667,9.70819135755002e-79,3.90421871235833e-78
"Kank1",46.877817003074,-7.4028182639251,0.260263012120332,-28.4436048119755,5.84666997124858e-178,1.16265208571115e-176
"Dmrt1",30.0998839324422,-6.7484384304991,0.274456633834781,-24.5883596843994,1.68268317490866e-133,1.87084263536171e-132
"Dmrt3",18.1594388098402,-5.99094180515806,0.26749632624587,-22.3963517153184,4.27159383842646e-111,3.26467347534204e-110
"2610016A17Rik",77.510964262602,-8.13905171937399,0.258067161198795,-31.5385021541128,2.57793303994801e-218,7.41422064381741e-217
"Dmrt2",8.22640432867455,-4.75829828145757,0.265527587850022,-17.9201653582798,8.20837825056926e-72,2.95501617020493e-71
"Smarca2",17.1417721579316,-5.52870250457257,0.278265379908701,-19.8684525771281,7.63194235963223e-88,3.68706516587508e-87
"Gm815",79.679190453647,-8.17929949402177,0.265805222888751,-30.771778692419,6.25308378407287e-208,1.63205486764302e-206
"Vldlr",7.84881542364394,-4.67083597419556,0.238928979027805,-19.5490559295111,4.2022534734829e-85,1.90994890131308e-84
"Kcnv2",38.8846508163909,-7.12748652561344,0.268949025967203,-26.5012542803654,9.37501297273195e-155,1.37272279712933e-153
"D19Bwg1357e",15.4146113821891,-5.49055181832015,0.286823628806727,-19.142606350678,1.11548031676591e-81,4.73976984413355e-81
"C030016D13Rik",44.1105287912463,-7.31333560827766,0.271218557458236,-26.9647316054463,3.83261691891697e-160,6.07170267579562e-159
"Rfx3",4.58851765427744,-3.74213372504129,0.250984550870129,-14.9098170069346,2.84531271733407e-50,8.18998201515515e-50
"Glis3",6.96865656758927,-4.4882474226669,0.258273286070998,-17.377900327768,1.21314516473022e-67,4.10542480381961e-67
"D930032P07Rik",12.8947072279973,-5.46713474523809,0.273954772842878,-19.9563405612709,1.32034126372983e-88,6.4503335485912e-88
"Ppapdc2",1.35922547255993,-0.631610709895164,0.200354861972414,-3.15246010841567,0.00161900941518125,0.00252577081507654
"Cdc37l1",1.23275649711169,0.158272100357171,0.214462760595192,0.737993392969124,0.460518464074352,0.485759357622077
"Ak3",1.33013921142366,-0.337092100186858,0.200065930557023,-1.6849050672862,0.0920068887739544,0.121052541751743
"Rcl1",1.24336847850239,0.0964339372062457,0.210253581979022,0.458655383173769,0.646481658600425,0.66188766458649
"Mir101b",15.055236461907,-5.70532215068267,0.283801646688493,-20.1032031253327,6.91809630414237e-90,3.48744207702783e-89
"Jak2",2.01628726909559,-1.81471120690407,0.223922075935889,-8.10420857041199,5.30899631356696e-16,1.08042731995398e-15
"5033414D02Rik",1.39666493515899,0.42594345850336,0.209759365990169,2.03062903290489,0.0422926402829473,0.0589578267531005
"Cd274",1.19692927081237,0.128484368316415,0.215023548756865,0.597536265489213,0.550149401944947,NA
"Pdcd1lg2",1.19754762045328,0.0878998116088641,0.216047408867371,0.406854273650766,0.684115021959227,NA
"Ermp1",1.18453312841063,0.128466325466413,0.214975953367945,0.597584629600569,0.550117122603536,NA
"9930021J03Rik",1.20100780920984,0.118444235284138,0.215286436518408,0.550170448262359,0.582202470688616,NA
"Uhrf2",1.23255227776374,0.187391990376713,0.213802209914224,0.87647358954752,0.380772627882344,0.414225210457603
"Cstf2t",1.21677027541189,0.177742154374367,0.214006192580052,0.830546781060456,0.406229709832699,0.436795720715753
"Sgms1",1.27219209381385,0.271467013118946,0.212150896601109,1.27959399403041,0.200687963227419,0.242915550177492
"Minpp1",1.27533286866254,0.289452376275197,0.21177271958607,1.36680672015243,0.171685895844206,0.211829792717247
"Atad1",1.32213130514023,0.324797757904943,0.211236801157465,1.53760024827694,0.124146386731196,0.158746132980675
"Pten",1.47100709999903,0.594984497454863,0.206830902432837,2.87667118625114,0.00401894137983397,0.00612969291533479
"Stambpl1",1.20102769301856,0.128513473922436,0.21502459876543,0.597668707023753,0.550061009581427,NA
"Acta2",1.18155391085559,0.158287008832115,0.214290681100269,0.738655586978376,0.460116161011961,NA
"Fas",1.33441768881106,0.450413730709531,0.208930078537842,2.1558108524233,0.0310984377258939,0.0439929119049231
"Lipa",1.46886498024519,0.685964656282114,0.205910556327231,3.33137197294531,0.000864190412348109,0.00136782108928354
"Ifit3",87.4427047096428,-8.06844649424518,0.311658003335457,-25.8887832428311,8.90806650875503e-148,1.20000276582455e-146
"Gm14446",11.9173008812195,-5.32175469697252,0.275034202546715,-19.3494287172106,2.06114014067619e-83,9.05652486054692e-83
"2010002M12Rik",29.7124548373894,-6.7075135337887,0.284721591621136,-23.5581484902418,1.03576913785727e-122,9.76822926759703e-122
"Ifit1",1.20503822028341,0.177764329932335,0.214115674182932,0.830225674092688,0.406411201964733,0.436795720715753
"Mir107",80.758547296773,-8.19890741562092,0.277763446016892,-29.5175896367671,1.71220434517448e-191,3.90292868201345e-190
"Kif20b",1.19570104707664,-0.061853899350183,0.209771698271647,-0.294862938422153,0.768098584684749,NA
"Rpp30",41.7576585824413,-7.07827859975214,0.290341094984775,-24.379182699312,2.84389951694562e-131,3.06718088397854e-130
"Ankrd1",4.56213852665872,-3.76473406181758,0.266091051516727,-14.1482926252442,1.91346747873398e-45,5.30305295407029e-45
"Pcgf5",16.614383059203,-5.7578962533712,0.275405463331104,-20.906979054547,4.62611853840199e-97,2.69062270422935e-96
"1500017E21Rik",1.76545005605665,-1.72330472881845,0.214665247683835,-8.02787012528726,9.917939037047e-16,2.00937868322862e-15
"Tnks2",20.5599979667043,-5.81417956150238,0.289746191694897,-20.0664572241375,1.44977924319087e-89,7.23503599374411e-89
"Btaf1",1.19344583096926,0.128540657131509,0.214997950108085,0.597869221854854,0.549927197960961,NA
"March5",1.38570111282466,0.497704078283971,0.207980135033129,2.39303661479349,0.0167095734754285,0.0242997558272006
"Ide",1.21704539203136,0.168044136016911,0.214215228028263,0.78446400642787,0.432767893963084,0.461156984598221
"Hhex",1.51110204393226,0.573084882548962,0.20748115938794,2.76210564968664,0.00574298915823959,0.00866427844104354
"Exoc6",1.19686560727805,0.128500860123348,0.215022676587325,0.597615387189924,0.550096594752845,NA
"Myof",1.24293379823879,0.283316188583345,0.213356181132154,1.32790241688783,0.184210346204568,0.226067475534935
"5730455O13Rik",1.23129925999236,0.0090924890123885,0.208383714501806,0.0436333954125274,0.965196631348634,0.96714203198769
"Noc3l",1.17362922651335,0.0878891656129733,0.215882367365407,0.407115998798598,0.683922793396775,NA
"Cyp2c65",4.65883997772994,-3.80168602323381,0.258413160566185,-14.711657931447,5.42615208955865e-49,1.54357024019053e-48
"Cyp2c29",28.4291384675668,-6.65273843872097,0.263656489143878,-25.2325989029253,1.75838660167981e-140,2.16736199782022e-139
"Cyp2c67",13.6919585957988,-5.55961777177759,0.286956066714517,-19.374456290233,1.26793685391852e-83,5.58769976990688e-83
"Cyp2c69",3.10798273017151,-3.04316203859465,0.247454338278912,-12.297873053107,9.29906211290368e-35,2.35008977145278e-34
"Cyp2c37",4.0050152082719,-3.52753669062357,0.244207213269222,-14.4448505160848,2.70142739168451e-47,7.5773514156868e-47
"Cyp2c54",20.2940988368864,-6.1589396699327,0.285197079296794,-21.5953812890325,1.98499096942336e-103,1.31077202534977e-102
"Pdlim1",1.56411619935712,0.718753107618503,0.204372393514639,3.51687962966985,0.00043665174966505,0.000700145026340519
"Sorbs1",1.18495947620908,0.158236296121211,0.214289678746621,0.73842238714778,0.46025781458589,NA
"Aldh18a1",3.8040695002473,-3.2705392625024,0.258663778935513,-12.6439785112618,1.20784098177878e-36,3.11200884742609e-36
"Entpd1",1.21632962861544,0.234667529742969,0.212799761517342,1.10276218389392,0.270130454371812,0.313589896068377
"Zfp518a",1.19699037959704,0.108322745609172,0.215509044274765,0.502636657193213,0.615219751683006,NA
"Blnk",1.35596481496343,0.148440608883277,0.215380952775433,0.689200261074379,0.490697252554066,0.512844779497317
"Tm9sf3",1.68919479769487,0.418613044094816,0.192074075271406,2.17943542616724,0.0292993368124792,0.04149282098783
"Lcor",6.9040721437387,-4.46649890811574,0.275909784074274,-16.1882585030525,6.10315633464415e-59,1.87789425681358e-58
"Slit1",3.01163754685354,-2.97901184603857,0.23297328919224,-12.7869244425716,1.94000475061419e-37,5.03071276612322e-37
"Frat1",1.18885301405323,0.168010963808502,0.214106666761574,0.78470683024362,0.43262547720868,NA
"Frat2",1.2403459816677,0.262358355012204,0.212275830805013,1.23593135411254,0.216484081161356,0.259521314600617
"Pgam1",1.68065710357087,0.900432675975694,0.203649194526901,4.42148901235526,9.80230498653243e-06,1.6599523772814e-05
"Exosc1",72.7930609780436,-7.87468674701805,0.245988848533933,-32.0123728939353,7.33567550831517e-225,2.22629221822123e-223
"Zdhhc16",310.424799797013,-10.0109290408672,0.201586502816001,-49.6607109157736,0,0
"Mms19",50.5462034304207,-7.43966954352189,0.243228605830614,-30.5871487365386,1.81425121533779e-205,4.6652174108686e-204
"Ubtd1",1.19697219847468,0.177747900531825,0.213890582522378,0.831022565068889,0.405960882027466,NA
"4933411K16Rik",5.35663561029242,-4.04552782162756,0.27476338729993,-14.7236786581448,4.54261934273714e-49,1.29364282428193e-48
"Pi4k2a",1.31398271673542,-0.486342409020582,0.198609400682893,-2.44873811284036,0.0143357639336927,0.0209556672455548
"Avpi1",1.26312974091263,0.22315379455006,0.211801310706709,1.05359968644892,0.292066232816964,0.33302440701279
"Marveld1",1.20056742333105,0.106590769748946,0.211211042946729,0.504664757400159,0.613794318154214,NA
"Zfyve27",21.5607571874486,-6.06395769511505,0.280686563564663,-21.6040184400137,1.64650740176304e-103,1.09001504593571e-102
"Golga7b",82.6650492904887,-8.23296138997935,0.274628426981608,-29.978547670634,1.86865715736872e-197,4.53692574951848e-196
"Mir3085",262.844060434966,-9.91233511731505,0.191037058051476,-51.8869753251963,0,0
"Crtac1",4.45353612085716,-3.72122254790423,0.264306520490771,-14.0791931314996,5.09886243208678e-45,1.40751252752475e-44
"D19Ertd386e",1.21544708040813,-0.000882235308173131,0.208338300957504,-0.004234628506225,0.996621265392106,0.996907733131512
"Hps1",1.21303658242258,0.187418339996198,0.213775541391051,0.876706188073036,0.38064624479992,0.414225210457603
"Got1",1.2717855205538,0.253195742711125,0.212541035067577,1.19127933403835,0.23354394401884,0.276695742225986
"Slc25a28",1.21861218695471,-0.10493845588266,0.206529359443001,-0.508104301323906,0.611380198912594,0.628910166188539
"BC037704",20.5890792821775,-6.16912061194893,0.306103985592174,-20.1536762091302,2.49852581861597e-90,1.27428478487302e-89
"Entpd7",8.56112364694471,-4.74391765428747,0.272651841688934,-17.3991770050091,8.36967809471623e-68,2.83976078351763e-67
"Cox15",5.74325919023733,-4.13914807764604,0.251856879287558,-16.4345245972819,1.08270421770365e-60,3.39340499334316e-60
"Cutc",1.20500817386625,0.0977142272231798,0.214285478643881,0.456000228487578,0.64838981391078,0.663543757251007
"Gm10768",11.1587620170285,-5.24213067119247,0.290428173169384,-18.0496630681044,7.93734413903851e-73,2.90553551232686e-72
"Dnmbp",3.14063046937378,-3.05067560446874,0.247048913161088,-12.3484680237373,4.96478396624795e-35,1.25684637748857e-34
"Erlin1",1.19705144401886,0.128522828169773,0.215023599391048,0.597714988186193,0.550030122874509,NA
"Chuk",1.28760570652819,0.32487458506349,0.211129462331302,1.53874585515545,0.123866352918917,0.158746132980675
"Bloc1s2",1.38028203175189,0.188088145217421,0.200456792126126,0.93829769110082,0.34809144598534,0.385782876442352
"Scd2",1.26338453936605,0.298355345546865,0.211674980768947,1.40949744964207,0.158688127053913,0.197436157265757
"Scd1",1.42672867788,0.243995541890434,0.213651768128468,1.14202444486076,0.253443858927589,0.29643220784271
"Ndufb8",1.8240149952429,0.809213948858047,0.196764041289026,4.11261094027539,3.91209368688681e-05,6.50976380157766e-05
"Hif1an",20.8699693829279,-6.14643363153022,0.290861310590318,-21.1318364035963,4.05467385615881e-99,2.47983568004089e-98
"Fam178a",1.8533981014944,-1.56075985538771,0.214345657903543,-7.28150908515285,3.30106415941883e-13,6.43689014275917e-13
"Mrpl43",1.4744564417517,0.587668152459734,0.206775931910528,2.84205297507264,0.00448240427447754,0.00681764286502703
"Peo1",4.17945252204639,-3.55170210111319,0.240798004440638,-14.749715677103,3.08963581029796e-49,8.82028926975956e-49
"Lzts2",1.86271754329414,-1.63277496676034,0.228257967675965,-7.15320031710011,8.47777477896783e-13,1.64329685652477e-12
"Sfxn3",1.33194918192476,0.154584991002351,0.200628222091415,0.770504714595511,0.441000559463152,0.468176310839466
"Kazald1",1.21155679476179,0.234591448764573,0.212780353788888,1.10250521059536,0.270242094470832,0.313589896068377
"Btrc",1.18102400652491,0.128487510031869,0.214977281163027,0.597679481928283,0.550053818646022,NA
"Dpcd",1.39641058802828,0.228633045937567,0.204193140129562,1.11969014136566,0.262845827627826,0.307153619927749
"Fbxw4",1.21158301791183,0.0281915297966324,0.209114181864322,0.134814050129435,0.892758896857883,0.898611924720045
"Npm3",1.68128712285329,-0.130623559404216,0.19680655971484,-0.66371547571118,0.506872432526733,0.529016114723493
"Mgea5",1.34573938487388,0.340086037452661,0.206821478522277,1.64434583817188,0.100104785991955,0.130620418167231
"Kcnip2",5.378349959242,-4.05192449677067,0.262816165164603,-15.4173336112447,1.25166488199217e-53,3.6934373566982e-53
"9130011E15Rik",3.43928751610633,-3.24312074378083,0.257645523047478,-12.5875299730444,2.47290916189319e-36,6.34640404379668e-36
"Hps6",1.32320017607747,-0.595257952777116,0.189049132443158,-3.14869444299669,0.00164001577412895,0.00255777781325161
"Ldb1",1.7554359226378,-1.22350036439423,0.206134155471265,-5.9354567494992,2.93028566636549e-09,5.34828362882093e-09
"Pprc1",1.48745009554654,-0.9414520880954,0.199904617050497,-4.70950647356775,2.48317327698728e-06,4.28076767036778e-06
"Nolc1",1.27607927492601,0.168078884526674,0.21446099099391,0.783727071985074,0.433200273892568,0.461161408580673
"Elovl3",7.78018317980836,-4.66832036854948,0.272247502597765,-17.1473395495081,6.57965546409379e-66,2.18554257222842e-65
"Gbf1",1.42911382947333,-0.475392238085879,0.195537228785126,-2.43121088009426,0.0150484531091659,0.0219820694640677
"Nfkb2",15.0835385340969,-5.47399137190703,0.292013425023114,-18.7456839406398,2.09955071458927e-78,8.39177238143643e-78
"Psd",21.5960859452138,-6.25212015379775,0.305850321737416,-20.4417641880574,7.11212946347357e-93,3.79216708879796e-92
"Cuedc2",1.34918850770833,0.3930772314573,0.209937257020872,1.87235575540658,0.0611574018650103,0.0834339453467411
"Actr1a",1.40748495287856,-0.0889773946200132,0.1959192338614,-0.454153443060925,0.649718389777888,0.664159403630779
"Sufu",9.77563121727063,-5.03395718169569,0.284887053354293,-17.6700103512087,7.13837994689255e-70,2.49747609402005e-69
"Trim8",3.48721742530916,-2.62299423956579,0.247094047038661,-10.6153679985475,2.52796336130106e-26,5.86357198222241e-26
"Arl3",120.180734197894,-8.53230249781016,0.243104566154201,-35.0972531400258,7.4235823055164e-270,2.79791333103217e-268
"Sfxn2",1.58462488927941,-1.22801206026353,0.20758051608354,-5.9158348935279,3.30196315663493e-09,6.01614229585841e-09
"D19Wsu162e",1.27934636778341,0.239282138479931,0.209997493114454,1.13945235693607,0.254514528982361,0.297633408787056
"Cyp17a1",2.22461553306937,-2.32267866010517,0.231517506845087,-10.0324104719187,1.09802700022634e-23,2.45995748548563e-23
"2010012O05Rik",27.5411796370805,-6.28303040605456,0.294429169128867,-21.3397009020685,4.86045710180834e-101,3.07162058976266e-100
"As3mt",3.00681930871847,-2.77733921543517,0.245929071570559,-11.2932529598817,1.41693616075012e-29,3.41084010104479e-29
"Cnnm2",4.76919551315952,-3.80621347126745,0.272491186210424,-13.9682076481116,2.43682314373682e-44,6.68781115158054e-44
"Nt5c2",30.8170936999587,-6.65785584546806,0.300924067052411,-22.1247037855184,1.82834745553717e-108,1.33669099690533e-107
"Ina",55.9993530860601,-7.66371660235107,0.30660389629959,-24.9954964527348,6.8430951216235e-138,8.13689214917419e-137
"Pcgf6",1.22925404867254,-0.304354126185128,0.20401888319986,-1.49179390364066,0.13575318261983,0.171602279519436
"Usmg5",2.06995848342433,1.275041380778,0.199694374193671,6.3849639526721,1.71437848280803e-10,3.19894751751847e-10
"Pdcd11",1.22134373329902,0.168074159039339,0.214202989868293,0.784648987125172,0.432659399875496,0.461156984598221
"Calhm2",10.3091140839072,-4.97323817950085,0.276832349828745,-17.9648013773586,3.67591408224689e-72,1.32974854534503e-71
"Neurl1a",215.331011802835,-9.61313380365982,0.254660580560502,-37.7488097392284,0,0
"Sh3pxd2a",1.30525811009374,-0.244639807661228,0.199661908073907,-1.22527030829873,0.220473391628426,0.26290602039986
"Obfc1",12.6719599405264,-5.37429681808422,0.254854539162847,-21.087702952978,1.03149945467343e-98,6.25006053789356e-98
"Gm19557",50.7816939156649,-7.52037525989574,0.253244019848985,-29.6961612928918,8.60695300869151e-194,1.9923855745175e-192
"Slk",1.27892269779524,0.253137171726941,0.212605148655628,1.19064459787362,0.233793135817612,0.276695742225986
"Sfr1",1.67688548399095,0.815896355070779,0.205140782046925,3.97725087586021,6.97166007996328e-05,0.000115000997368963
"Gsto1",2.14303513099538,-1.58027727223791,0.21283132241236,-7.42502209884375,1.12761086797065e-13,2.21741523104419e-13
"Gsto2",19.1593978496757,-6.06090615589817,0.29214954786725,-20.7459029122037,1.33494456506828e-95,7.54156994551559e-95
"Itprip",1.23118866118094,-0.0107648837106093,0.208792615889936,-0.0515577797841471,0.958881061419805,0.961090464787132
"Ccdc147",4.07714430768678,-3.56214729555838,0.258303525761732,-13.7905484838183,2.90542486869357e-43,7.90529987728978e-43
"Sorcs3",65.0088619396356,-7.88215100119975,0.272813502674439,-28.8920853400936,1.50113415944454e-183,3.17243737340102e-182
"Ins1",50.4824925085659,-7.5116629075244,0.276686282396075,-27.1486639759448,2.62566933467775e-162,4.28312310219308e-161
"AA387883",9.15375298922031,-4.92950904734213,0.27973311227696,-17.6221864019498,1.66445861023131e-69,5.77691086795706e-69
"Xpnpep1",1.25972101534752,0.280479999940367,0.211895711815958,1.32367001453988,0.185612661188312,0.227031556315038
"Add3",3.82743674368277,-2.73861012594418,0.241752269445481,-11.3281671862931,9.51754511674871e-30,2.29423160976349e-29
"Mxi1",1.20427672257278,0.206457645734405,0.213350923199471,0.96769042588758,0.333199001064881,NA
"Smndc1",1.2792832253833,0.24823757569222,0.209727811263319,1.1836178244408,0.23656438132953,0.279539574542195
"5830416P10Rik",6.51170693426134,-4.2545858888534,0.2833125765074,-15.0172856471914,5.6577498814084e-51,1.63710944462039e-50
"Dusp5",204.545067399574,-9.52790915448681,0.197237214189991,-48.3068532153822,0,0
"Smc3",510.098682189515,-10.480274880318,0.182524714405993,-57.4183880491192,0,0
"Pdcd4",86.797425047412,-7.47753779487519,0.231881360532856,-32.2472568631306,3.8436787939893e-228,1.19785094355965e-226
"Bbip1",1.46281370402072,0.543302195535045,0.207645327003881,2.61649131899266,0.00888386233038987,0.0131987366912296
"Shoc2",1.28311786839673,0.280461257562237,0.211989147864844,1.32299818357234,0.185835981890578,0.227031556315038
"Acsl5",1.42018504780853,0.520658592783284,0.207753679477279,2.50613415893905,0.0122059297089718,0.0179554609217509
"Zdhhc6",1.23625569284575,0.243957934584807,0.212601924222718,1.14748695467705,0.251180421632836,0.294845275205982
"Tcf7l2",1.40076022798132,0.615952017351985,0.208406807183584,2.95552734421673,0.00312135026954885,0.00478726264346849
"Casp7",1.18899124657471,0.168020432018731,0.214094763863161,0.784794681508988,0.432573958913486,NA
"9930023K05Rik",23.1485556683573,-6.35670648806895,0.29116465832789,-21.8319988578781,1.1526832337285e-105,7.94848940563112e-105
"Dclre1a",28.7034372167253,-6.65629239508976,0.271981269930547,-24.4733484654642,2.8399912411434e-132,3.08849047474345e-131
"Nhlrc2",1.24789158530881,0.262320944687271,0.212460342373032,1.23468192584711,0.216948905130153,0.259521314600617
"Adrb1",1.22029911187533,0.253172141290197,0.212424036792208,1.19182435807794,0.233330122711313,0.276695742225986
"A630007B06Rik",1.19337679398934,0.138513658098078,0.214779237323846,0.644911769982805,0.518984363859794,NA
"Tdrd1",293.780231984385,-10.073324182756,0.2283965596055,-44.1045355506022,0,0
"Vwa2",40.6475531943943,-7.1929385639984,0.257706102073944,-27.9114018104799,1.94015765765319e-171,3.62347870230757e-170
"Ablim1",1.57709513627068,0.543632609057818,0.208250910332805,2.61046930449927,0.00904180859896362,0.0134257547679107
"4930449E18Rik",14.6748334554867,-5.66580250574358,0.2802801065055,-20.2147864733753,7.25585932415468e-91,3.73342392036347e-90
"Fam160b1",1.22065401313045,0.0474270520661459,0.20998977740662,0.225854099432226,0.821314898724247,0.830141111693401
"Atrnl1",3.51652335348802,-3.20906239921742,0.253037571590918,-12.682157748516,7.42590630014423e-37,1.91849695059406e-36
"1700019N19Rik",16.3233207483865,-5.82896396563911,0.299521367194182,-19.460928681793,2.35479074814272e-84,1.05329971767824e-83
"4930506M07Rik",1.31589446634563,0.400762152353241,0.207756623828221,1.92899819494854,0.0537310863148015,0.0738970545549371
"Vax1",1.84799096578227,-1.8541889746914,0.226953577705437,-8.16990414267871,3.08634585920651e-16,6.30063566095346e-16
"Pdzd8",1.27542203548741,0.243944937871598,0.212719221756174,1.14679310998616,0.251467137488081,0.294845275205982
"Rab11fip2",1.18905408366785,0.118451780852085,0.215229122057864,0.550352014260595,0.582077954697627,NA
"D19Ertd737e",1.31491079136412,0.316084368081246,0.211320923927553,1.49575518697623,0.134717463172172,0.170882100887308
"2700078E11Rik",1.78634291996139,-1.49029349978562,0.217817023722725,-6.84195144307326,7.8121571174251e-12,1.49211343406363e-11
"Eif3a",1.77643167215408,0.495041611268327,0.195593666441176,2.53096953636385,0.0113747727340161,0.016751675461014
"Fam45a",1.78160089218374,-1.51865558606678,0.217370316923792,-6.98649018669467,2.81848108445952e-12,5.42095477556326e-12
"Prdx3",1.41358442411315,0.409749606441272,0.209763060487072,1.95339258251586,0.0507730944835676,0.0700966816197362
"Grk5",1.21652910958029,0.215948443898431,0.213147192556962,1.01314233280704,0.310992180484739,0.351037806053935
"Csf2ra",1.47282580129954,0.699537487211074,0.205774942548006,3.39952706850046,0.000675024979382207,0.00107313244780725
"Fam171a1",1.17351480859446,0.138509453619327,0.21468951717373,0.645161698823159,0.518822403973317,NA
"Dclre1c",1.18139849161475,0.0878806372466079,0.215910561245465,0.40702333753233,0.683990847725316,NA
"Suv39h2",101.599774146478,-8.52247764080679,0.28697265065156,-29.6978740707759,8.17964233933744e-194,1.89767702272629e-192
"Hspa14",1.42339816421665,-0.351191601414317,0.195513530571937,-1.79625215905505,0.0724544227268488,0.0975024714189612
"Fam107b",2.02155207055233,-0.430622718313025,0.194013404711506,-2.21955137044964,0.0264492364424533,0.0376455389855776
"Frmd4a",1.18100740935607,0.117753160042076,0.213726617454981,0.55095224658613,0.581666410449985,NA
"Prpf18",12.2608937240604,-5.20706550986039,0.274071878474679,-18.9989047356475,1.74140577884877e-80,7.24891400764798e-80
"Sephs1",1.21557916737764,-0.0970561376455502,0.207097408250727,-0.468649697093492,0.639320048254049,0.655455298416211
"Phyh",35.9705855170447,-6.7623901800557,0.253245545542497,-26.7028988232328,4.35574552009966e-157,6.61921153272787e-156
"Optn",55.8608733695889,-7.63865556921283,0.265252664337886,-28.7976582187408,2.29478657465125e-182,4.75348647606331e-181
"Camk1d",2.84249991306616,-2.63052444023659,0.23608506217697,-11.1422739582937,7.80993676936484e-29,1.86580640439746e-28
"Cdc123",2.47573491020512,-2.1156600616661,0.233385271997191,-9.06509671137934,1.24493762915903e-19,2.6535624435321e-19
"Nudt5",1.21255593900587,0.158252208560126,0.214391988255264,0.73814422753384,0.460426810176706,0.485759357622077
"Sec61a2",64.1492170245463,-7.85214233261349,0.267524556467323,-29.3511086843821,2.31292502576417e-189,5.15960198055085e-188
"Dhtkd1",45.6857482889411,-7.36493414205436,0.296946840265228,-24.802197374709,8.48867282780896e-136,9.71729652657078e-135
"Upf2",1.26420694328107,0.23471476706979,0.21285921765835,1.10267607694828,0.270167859356825,0.313589896068377
"Celf2",1.98038569364205,0.421236749794375,0.189528323360571,2.22255303231373,0.0262459542646586,0.0373612984078315
"1700061F12Rik",28.0985692425247,-6.64608831871641,0.30336398339021,-21.9079675986708,2.18099936505346e-106,1.52101759326374e-105
"Gata3",1.25650477542026,0.289534550113888,0.211798520669353,1.3670281983031,0.171616467102945,0.211829792717247
"Taf3",50.5929368845162,-7.28499408012083,0.292039689402423,-24.9452192440949,2.40632815837487e-137,2.83225095529128e-136
"Atp5c1",2.26170604317863,1.33197443878635,0.201716727189923,6.60319279090948,4.02395681840941e-11,7.59127379548144e-11
"Kin",1.23582938212644,0.215964716477235,0.213200603702381,1.01296484497161,0.311076953047169,0.351037806053935
"Mir297a-3",103.130925899353,-8.55511574891488,0.246294814240727,-34.7352654390571,2.31349198317464e-264,8.59532252823604e-263
"Mir467a-8",72.7411147726141,-8.04631430574917,0.290194386166847,-27.7273258522753,3.27093202292284e-169,5.88767764126112e-168
"Prkcq",1.33876119585968,0.130503280813406,0.204129782193883,0.639315240582842,0.522617875807102,0.542520694384622
"Rbm17",1.41352779130107,0.367937976268459,0.210717296898991,1.74612137533652,0.08078986324431,0.10744537226377
"Il15ra",1.50320575230309,-1.11131006780072,0.211374517253548,-5.25754041802343,1.45994814475246e-07,2.58292808527634e-07
"Fbxo18",1.18891012290009,0.128500334471494,0.215006767908337,0.597657160849359,0.550068715296855,NA
"Fam188a",1.22425164390728,0.22533229527559,0.212938632282769,1.05820298017301,0.289962912897926,0.331827717078859
"Pter",1.28597926956386,-0.539554010508589,0.199805177581067,-2.70040054537464,0.00692560400432706,0.0104048504540473
"Rsu1",1.52059328690322,0.713112540069007,0.205035887185106,3.47798890164634,0.000505190841395005,0.00080781013695265
"Vim",4.33281918791698,2.74135803380986,0.241736964084216,11.3402517657781,8.29056049713155e-30,1.99938673111696e-29
"Mrc1",1.43164306169161,0.677976220288275,0.213868368483077,3.17006308645367,0.00152405844178972,0.00238548277845348
"Gm13315",109.988986551466,-8.63799320903322,0.290663244116276,-29.7182164717658,4.46662127288779e-194,1.03856405543315e-192
"Nsun6",1.20895784525756,0.168042404514117,0.214157043167975,0.78466905420576,0.432647631163917,0.461156984598221
"Plxdc2",2.96526224644625,-2.50532215557263,0.242179036128737,-10.3449175272168,4.41296092274743e-25,1.00834563435069e-24
"2810030E01Rik",8.94428455704045,-4.89171998091376,0.283464606315366,-17.2568986460043,9.93031535187027e-67,3.32177162042697e-66
"Mllt10",1.39329954910261,0.458320943987582,0.208930307714456,2.19365466409003,0.0282602453752581,0.0401247057959601
"Dnajc1",1.37326820129757,0.393132721390307,0.210304050837842,1.86935401303058,0.0615735780857592,0.0837989410689612
"Commd3",3.38973913869414,-2.55518465057761,0.251187488593565,-10.1724200710969,2.632844601971e-24,5.93669495563223e-24
"Bmi1",59.4269234015864,-7.62700349252963,0.240297437037235,-31.7398453623448,4.38442881144581e-221,1.28577069639029e-219
"BC061194",1.53546748972349,-1.30122270839635,0.203957110161462,-6.37988402250966,1.77222144771541e-10,3.30451721988727e-10
"Pip4k2a",1.36518621075969,0.417871271134368,0.209675365476395,1.9929440455961,0.0462675745227197,0.0641478722466392
"Armc3",1.20104211669818,0.158266167768698,0.214432082772594,0.73807130781143,0.460471118221203,NA
"Msrb2",1.17356733231937,0.108342387815834,0.215396830852573,0.502989702248627,0.614971512238814,NA
"Gm3230",3.73301029066847,-3.39548853472105,0.263236334655667,-12.8990116017327,4.55907113254753e-38,1.19200357184564e-37
"Otud1",1.53724261711881,-1.05090418124748,0.200608940281975,-5.23857102166202,1.61824700311204e-07,2.8591129992367e-07
"Etl4",36.9872530343461,-7.00065225542372,0.290244179650779,-24.1198712885368,1.54690700120475e-128,1.59267348053033e-127
"Arhgap21",5.69879127702108,-4.13691551294569,0.271341672945785,-15.2461487689444,1.74634255841428e-52,5.10695134729555e-52
"Myo3a",10.8332304545552,-5.19605956249562,0.283502329290742,-18.3281018378049,4.93840084333969e-75,1.8802664042475e-74
"Gad2",3.32133592108348,-3.17518853113438,0.252377639491194,-12.5811008357781,2.68265285109668e-36,6.88299232377717e-36
"Mir3967",5.12760630156855,-3.96985071692176,0.266051613691509,-14.9213555288744,2.393609254586e-50,6.89359465320768e-50
"Apbb1ip",2.94070791529971,-1.5252847344103,0.220080237349425,-6.93058473936748,4.19104626441658e-12,8.040154906378e-12
"Pdss1",2.13479612768793,-2.15542110009154,0.232696390002899,-9.26280420622205,1.99132305051969e-20,4.29001499121452e-20
"Abi1",10.9741153201394,-4.67363257887847,0.273501634058595,-17.088134025105,1.81901907397318e-65,5.99638747467004e-65
"Acbd5",2.54940088149211,-2.33604265578752,0.236398955592953,-9.88178077998732,4.99374676108656e-23,1.11114058366888e-22
"Yme1l1",12.2657367121064,-5.02039708564999,0.28142192787798,-17.8393955421511,3.49455631129375e-71,1.24814122100263e-70
"Il1f9",1.66401700280161,-1.25888229078418,0.215351555567525,-5.84570790522778,5.04418490494471e-09,9.16326612278106e-09
"Il1f6",5.32142048031224,-4.03442609916918,0.263937591206582,-15.2855304950156,9.54822774876521e-53,2.79931192634397e-52
"Il1f10",15.0531775865657,-5.70514371520128,0.293252777365346,-19.4546962741757,2.65923774966675e-84,1.18693638762381e-83
"Il1rn",5.47025011310531,-3.74514728855439,0.260047989660908,-14.4017544355483,5.04464857512778e-47,1.41233926318944e-46
"Psd4",1.77933039057228,-1.32924079300913,0.209663401004743,-6.33987995348346,2.29944260530011e-10,4.27993952564328e-10
"Ehmt1",1.25194931462165,0.234661508617634,0.212846226889394,1.10249315690044,0.270247331883799,0.313589896068377
"Arrdc1",1.2679305824378,0.234721298689458,0.212869856028553,1.10265165330865,0.270178469668718,0.313589896068377
"Wdr85",1.31844565540826,-0.628795976352741,0.195276623855162,-3.22002687233635,0.00128178580805993,0.00201170232052701
"Mrpl41",1.91699755826705,-1.32610577913166,0.203941931523074,-6.50236942068787,7.90646442404841e-11,1.48486218001557e-10
"Pnpla7",2.68829946736119,-2.47491534886611,0.236401482255265,-10.4691194202992,1.19751762138076e-25,2.75255041109977e-25
"Nelf",2.87171118144335,-2.82644180779131,0.244938094797949,-11.539412887664,8.34931427284126e-31,2.03613270283725e-30
"Entpd8",11.168413047295,-5.2433316636637,0.277968381835605,-18.8630506428055,2.29583182226704e-79,9.37000947008126e-79
"Noxa1",4.48372904492169,-3.73297571424387,0.254766902508894,-14.6525144258625,1.29821071382062e-48,3.67896847239068e-48
"Nrarp",2.20995031371084,-2.03250714349712,0.230158586433132,-8.83089862079782,1.03838072924278e-18,2.18166528744105e-18
"A830007P12Rik",34.7366798801556,-6.83574662450664,0.280121093403239,-24.4028271539925,1.59599602511323e-131,1.72486526937703e-130
"Cobra1",1.45037269867474,0.155455032241144,0.195935860844124,0.793397551481482,0.427546236864511,0.457944261092182
"Fam166a",2.03101918373043,-2.10008909092379,0.231320498364509,-9.07869862710793,1.09880727825181e-19,2.34400244890661e-19
"Tubb4b",31.6821712450025,-6.01962496332328,0.250834908368002,-23.9983541465123,2.89301861469873e-127,2.92382520207694e-126
"Slc34a3",2.45452630919506,-2.54494201743079,0.242235180705762,-10.5060792987047,8.09909766763949e-26,1.86531170637892e-25
"Gm757",8.1037642882787,-4.73431095054859,0.268770035976673,-17.6147275247583,1.89901340238491e-69,6.58223768954132e-69
"Rnf208",18.7815818437247,-6.04200170678979,0.297936508644554,-20.2794942260603,1.95127280701508e-91,1.01400139896652e-90
"Tmem203",1.53960746616751,-0.778916679807388,0.175649163163521,-4.43450265164232,9.22850840815977e-06,1.5645603731924e-05
"Tprn",1.7143537012087,-1.5894018211084,0.172365470409184,-9.22111497932428,2.94026691711301e-20,6.31872923315354e-20
"Ssna1",1.41634506941698,0.458244512733726,0.20910308503172,2.19147657560486,0.0284173230349472,0.0403148325159463
"Anapc2",4.40995871595919,-3.40212841110581,0.24733207148759,-13.7553063403527,4.73271779305349e-43,1.28470030575867e-42
"Man1b1",1.21268473047264,0.234702989585994,0.212674145955793,1.10358026139567,0.269775257445493,0.313589896068377
"Dpp7",6.04498702111972,-4.09002556498837,0.263265590288875,-15.5357392528985,1.98766848199719e-54,5.89859549518212e-54
"Uap1l1",1.22434672929888,0.147276278351896,0.213218155094145,0.690730478775914,0.489734931834681,0.512050895553324
"Npdc1",14.9456265368975,-5.41163543779575,0.290363309716461,-18.6374629875937,1.59634292245328e-77,6.2961163998535e-77
"Fut7",1.30776866360139,-0.500796113839939,0.196258305569445,-2.55171933940261,0.0107192828807956,0.0158242807233464
"Abca2",1.52842694094843,-1.15524409290269,0.207831272515125,-5.55856719213716,2.71998246661197e-08,4.88249947583028e-08
"BC029214",1.35848983631302,-0.265381945507183,0.197046971513435,-1.34679535274709,0.178046151882016,0.218708298111336
"Fbxw5",1.21265005429113,0.196966855394427,0.213501081981617,0.922556708220272,0.356238265109817,0.392000127749348
"Traf2",1.24402120833388,0.096463347913467,0.210238091914194,0.458829068677227,0.64635691846661,0.661824855707278
"Edf1",13.6945750970423,-3.93915338916637,0.26785095627497,-14.7065123229298,5.85481325180513e-49,1.66460376767009e-48
"Phpt1",3.49192900876302,-2.80791038375765,0.246031393519556,-11.4128133958419,3.60865303243759e-30,8.73304071827734e-30
"B230208H17Rik",2.5833976038056,-2.42167947650377,0.236402795716918,-10.2438698711652,1.26089770676965e-24,2.85734144967986e-24
"Lcn5",2.11468181645308,-2.19910782225293,0.229902145417584,-9.56540800547369,1.11759777644578e-21,2.44401357061038e-21
"Lcn6",1.45003594712135,-1.09488102557599,0.195354846032786,-5.60457571342888,2.08765719414636e-08,3.75584027345994e-08
"Bmyc",1.43358200948456,0.351939667271564,0.208433654761773,1.68849731908127,0.0913158031649091,0.120158430179185
"Camsap1",1.18515125836435,0.128492145514743,0.214993593889616,0.59765569378181,0.550069694395959,NA
"Ubac1",1.21716160667399,0.18743636308038,0.213734644258668,0.876958266314277,0.38050930645467,0.414225210457603
"C330006A16Rik",1.31056960143777,-0.246189259788305,0.199526150256261,-1.23386964301227,0.217251483072221,0.259743699840829
"Dnlz",232.227222833852,-9.51440166249009,0.180666887939848,-52.6626753301793,0,0
"Card9",3.20796358244378,-3.04236659981086,0.245014766685253,-12.417074452166,2.11142189978136e-35,5.37247005452532e-35
"Sdccag3",2.54541429868115,-2.16444921255049,0.222317473066937,-9.73584839145239,2.12040844340402e-22,4.68113008017296e-22
"Pmpca",2.20985755984138,-2.08923430933882,0.232877268115998,-8.97139650529631,2.92778471286148e-19,6.20378981170567e-19
"Sec16a",1.19733578492848,0.128513457444181,0.215026050082515,0.597664596428501,0.550063752914915,NA
"Notch1",17.3117583122054,-5.68229103679858,0.288391563514643,-19.7033885719409,2.01660610302862e-86,9.44944691006231e-86
"Egfl7",1.93137973967051,1.35818447821726,0.226352428282543,6.00030884812032,1.96942571536041e-09,3.60779162455916e-09
"Mir126",1.50673661589571,-1.23074585580364,0.199618256978329,-6.16549745716524,7.02618992134587e-10,1.29668415730689e-09
"Fam69b",26.7959951952951,-6.55367149480799,0.285293439418729,-22.9716866541367,8.94703408510029e-117,7.61884468584396e-116
"Snhg7",1.21264084981179,0.0275726280510839,0.210305881842937,0.131107260574272,0.895690457636079,0.901215148199756
"Snora43",27.043529869541,-6.58906975730648,0.290478038901371,-22.6835384259247,6.51350613119468e-114,5.28779191366037e-113
"Snora17",11.376252648352,-5.27245540597746,0.245109414289103,-21.5106197420825,1.23838844367345e-102,8.03528611059717e-102
"Lcn4",1.72320835774699,-1.57689152795588,0.220364566173251,-7.15583070064053,8.31677340326875e-13,1.61268785902908e-12
"Abo",1.96884995657027,-2.01918009825238,0.221643735793535,-9.1100255598168,8.23625649659376e-20,1.75949494218209e-19
"Surf6",4.52313455816727,-3.66013581212385,0.262917013756252,-13.9212588787317,4.70542582821008e-44,1.28902245202081e-43
"Med22",1.65031775442149,-1.34923708912745,0.217198392329547,-6.21200311225277,5.23133908021144e-10,9.67667965935638e-10
"Rpl7a",167.318271500548,-6.50517139675663,0.229216541310621,-28.3800259770135,3.56765866133811e-177,7.05423417128218e-176
"Surf1",1.33883344529902,0.330126474469338,0.209750420138436,1.57390137407807,0.115510252217065,0.148696304950205
"Surf2",19.9640815420146,-5.93738601525885,0.286296757562285,-20.7385723324762,1.55471800572261e-95,8.77839696038079e-95
"Surf4",34.1285870043341,-6.40352679066762,0.284219058867798,-22.5302511948932,2.09763455621422e-112,1.65277771825483e-111
"Gm711",19.8256179397856,-6.12375164401631,0.296608606850263,-20.6459000264539,1.06264837942987e-94,5.90108993683393e-94
"Rexo4",1.29751846162238,-0.244841900093742,0.201944561501438,-1.21242136095851,0.225351128186827,0.268477208521109
"5930434B04Rik",1.77994064640664,-1.41971494332218,0.218240080344526,-6.505289684099,7.75438031093494e-11,1.45682437369373e-10
"Slc2a6",1.65320785478728,-1.24014213619821,0.204229870033635,-6.07228578265249,1.26102256502635e-09,2.31820313063482e-09
"Fam163b",12.0026266102497,-5.35596602941214,0.284727994587112,-18.8108163975197,6.15820778283334e-79,2.48806846953483e-78
"Brd3",1.2522516315371,0.234678684532458,0.212879397529882,1.10240205137519,0.270286920109379,0.313589896068377
"Wdr5",1.20894864456126,0.158280106729405,0.214379950887794,0.738315808329709,0.460322562337261,0.485759357622077
"Rxra",1.21918210233329,0.243851728068536,0.212804554016168,1.14589525208192,0.251838496019227,0.294884914585097
"Olfm1",24.2950614745217,-6.14334743617607,0.296310641224816,-20.7327938368403,1.75311223629726e-95,9.8825549389543e-95
"Ppp1r26",31.113211065609,-6.79758273626478,0.279727376483469,-24.3007417497675,1.92524411377805e-130,2.04679720446465e-129
"Mrps2",1.85801207842842,-1.76241667846813,0.228140534396927,-7.72513610142515,1.11733895854791e-14,2.22784926035908e-14
"Ralgds",1.19277127953924,0.137483571589548,0.213312537504911,0.644517069637237,0.519240192324512,NA
"Gtf3c5",1.19597989213439,-0.107328707324751,0.207084801397314,-0.518283846040587,0.604260241991245,NA
"Tsc1",1.16960707906404,0.118470420055932,0.215142993366726,0.55065897430362,0.581867473130729,NA
"1700026L06Rik",17.4751043270669,-5.90991009910108,0.293490069816318,-20.1366611919777,3.52299607261231e-90,1.79240151062731e-89
"Barhl1",15.0696051627205,-5.70687371780981,0.291445372205215,-19.5812809605755,2.23333100526694e-85,1.01950046764262e-84
"Ttf1",28.267599020043,-6.56708980356622,0.282460239065227,-23.2496078927757,1.43558345365226e-119,1.27988823707341e-118
"Setx",1.7549501801564,-1.23751542363846,0.204562418390428,-6.04957368697383,1.45229627014475e-09,2.66748294516382e-09
"6530402F18Rik",51.8732205854178,-7.50882006170873,0.302401475853992,-24.830632987169,4.1867323203995e-136,4.81912738974319e-135
"Med27",1.61355929373826,-1.21981046017088,0.212967545526125,-5.72768239009098,1.01811951155624e-08,1.84150514564226e-08
"Rapgef1",1.2010971429975,0.12851130939808,0.215038811520063,0.597619139027329,0.550094090773647,NA
"Trub2",1.18467351157054,0.13845060003517,0.214731362951886,0.644761892868872,0.519081500349043,NA
"Coq4",1.27210634069149,-0.404815131337217,0.201779301338044,-2.00622724260019,0.0448320085614471,0.0623728903760006
"Urm1",104.394323981043,-8.32657996279609,0.213235826588411,-39.0486912823899,0,0
"Odf2",1.24433458033892,0.234703417581823,0.21283604493189,1.10274280682547,0.270138871489417,0.313589896068377
"Gle1",1.27541038862066,0.286543491875332,0.2103443773543,1.36225886082367,0.173116205791402,0.213003322152297
"Spna2",1.36460653310484,0.377094523371346,0.204720324918108,1.84199846069114,0.0654753750364889,0.0889361066069404
"Set",2.18428851888961,1.15243315003587,0.204373152016655,5.6388676235808,1.71172057419962e-08,3.08588547654015e-08
"Pkn3",233.172649235717,-9.6357919094222,0.21469536688221,-44.8812289214828,0,0
"Zdhhc12",82.4185601088488,-8.06566352745471,0.246938997347505,-32.6625750249738,5.31244239676431e-234,1.72241921187017e-232
"Zer1",15.9638937472319,-5.74004790717137,0.273490206554317,-20.9881296280763,8.41941794886282e-98,4.99424564693908e-97
"Tbc1d13",20.6710665418846,-6.04024140383165,0.279208399265986,-21.6334516429696,8.70221066026342e-104,5.77198724861183e-103
"Endog",107.231434469915,-8.50835133973279,0.223663489794989,-38.0408592727028,0,0
"D2Wsu81e",3.39308199007732,-3.05466919478038,0.255751272242903,-11.9439061553491,6.98634381059236e-33,1.7366054614901e-32
"Lrrc8a",432.758753545397,-10.2509300014475,0.210581400788552,-48.6791804169858,0,0
"Dolk",1.25788139415837,-0.383909399166146,0.200287181783367,-1.91679465329632,0.0552640244843079,0.0759853043087283
"Sh3glb2",1.28348688659757,0.367947712981735,0.21015817007065,1.75081327011004,0.0799780800295088,0.106883148426533
"Fam73b",37.5573956263338,-7.0546960224222,0.287093458317552,-24.5728205155377,2.46694781586782e-133,2.73406955389173e-132
"Crat",64.8112638281234,-7.7640073685632,0.3082283704285,-25.1891393312356,5.26862132222187e-140,6.44079702622908e-139
"Ppp2r4",1.38130352312832,0.401398810044644,0.210044290263516,1.91101985938803,0.0560020288222878,0.0767473327519932
"Mettl11a",1.21656874553353,0.187383015281105,0.213759134567968,0.876608223830187,0.380699470813935,0.414225210457603
"Asb6",1.22821786356434,0.0964231438391578,0.210126019339186,0.458882456072761,0.646318577880627,0.661824855707278
"Tor1b",1.27008641504041,0.141059605929519,0.205370456961909,0.686854419161571,0.492174472753956,0.51413863273477
"Tor1a",422.212662552217,-10.2916029160737,0.197831135106314,-52.0221597603584,0,0
"BC005624",32.6222907732258,-6.39475979600425,0.282428703238392,-22.6420322108924,1.67157056467037e-113,1.34862416500454e-112
"Fnbp1",2.36867049450077,-2.06342088221599,0.231990192557622,-8.89443152517526,5.87191027961588e-19,1.23944082731884e-18
"Gpr107",1.84970952412147,-1.65605306160962,0.222273951462903,-7.4505044370258,9.29840132808443e-14,1.83126409857011e-13
"Ass1",2.64483248554104,-2.5660278724158,0.234320027863022,-10.9509541109983,6.57513504325608e-28,1.55409576299736e-27
"Gm5424",3.45649050556979,-3.25036798257683,0.252519275177287,-12.8717618894432,6.49045102157049e-38,1.69231540122867e-37
"Fubp3",1.3750252764247,-0.624264694191995,0.198540092863152,-3.14427522013038,0.00166498768504197,0.0025955609126233
"Prdm12",12.5494936625489,-5.42508453598508,0.280645157352064,-19.3307612615578,2.96017914575802e-83,1.29632006215242e-82
"Exosc2",1.89862224909757,-1.72572597544077,0.222537854825778,-7.7547524523044,8.85159711024232e-15,1.767272400668e-14
"Abl1",2.35795005131027,-2.25987254840618,0.231701062894361,-9.75339741724239,1.7839593974735e-22,3.94420502109769e-22
"Fibcd1",12.7099355544844,-5.44487318775147,0.279486278588006,-19.4817191572321,1.56920888696442e-84,7.05535778635166e-84
"Nup214",4.24996260591797,-3.53323904964606,0.25930087175945,-13.6260207135894,2.8046136040378e-42,7.560073851318e-42
"Fam78a",3.78849854852996,-3.20960114368049,0.255513794096466,-12.5613615305197,3.44355535476196e-36,8.8222620622613e-36
"Prrc2b",1.27439633170261,0.280414536675266,0.212019209939746,1.32259023488936,0.185971683412489,0.227031556315038
"Uck1",1.2361077434873,0.215963461883315,0.213203895674213,1.01294331982244,0.311087235025035,0.351037806053935
"Swi5",2.2850113345848,-0.39171399404603,0.200434994411733,-1.95431938018454,0.0506634583038044,0.0700214362318945
"Golga2",2.27316634825426,-2.19786042607851,0.226384140461672,-9.70854416566612,2.77268929295983e-22,6.11338462903921e-22
"Mir199b",1.60172892383757,-1.42831795676429,0.212244904251839,-6.72957478908195,1.70159608383115e-11,3.2305261166025e-11
"Ciz1",55.3260475804618,-7.46324332193624,0.277529614198081,-26.8917007055308,2.74631286467044e-159,4.29857665774504e-158
"1110008P14Rik",29.1005224012955,-6.29590700658414,0.284939981685328,-22.0955548931599,3.48759128024213e-108,2.53026080373369e-107
"Lcn2",1.26140297607896,-0.198837687097123,0.199128529460195,-0.998539423939601,0.318017857349725,0.357308053242696
"Ptges2",1.17344432243101,0.0875902448219005,0.21439344884268,0.408549073186344,0.682870610510676,NA
"Slc25a25",1.1851069619621,0.138470272149856,0.214761037298249,0.644764403691883,0.519079872988373,NA
"Fam102a",1.21702739292008,0.136553547062817,0.211958814026508,0.644245664847601,0.519416143468842,0.540189398685829
"Dpm2",1.43941721498343,-0.371914460849135,0.198548278211696,-1.87316890480709,0.0610450647617808,0.0833735790716314
"Pip5kl1",19.6340196610917,-6.1090339073712,0.272338303955416,-22.4317836258953,1.92752967622536e-111,1.48512249592566e-110
"St6galnac4",1.30878738604804,-0.21192008376785,0.199296068857139,-1.06334302017648,0.287626422511838,0.331656709854604
"St6galnac6",1.7039249049789,-1.47705813386557,0.21604655771882,-6.83675847216196,8.10051404472292e-12,1.54662338381323e-11
"Ak1",26.1660268486368,-6.49689717531287,0.266671685594153,-24.362905873706,4.23136680573263e-131,4.5494819208907e-130
"Eng",15.0924238292149,-4.64978666331781,0.285028610432224,-16.3134032624541,7.92514985107265e-60,2.46245727515472e-59
"Fpgs",3.98598699387846,-3.47713876058573,0.253759939667545,-13.7024731529381,9.8124222849415e-43,2.65530556388775e-42
"Cdk9",1.38158282049651,0.37235479189877,0.208998849556408,1.78161168202159,0.0748125780761498,0.100146597655469
"Mir3960",6.75738632340832,-4.43721787538665,0.274758037954187,-16.1495471012444,1.1439853465862e-58,3.51477546155383e-58
"Sh2d3c",1.32328838674263,0.401540422757198,0.209664118434819,1.91516042780601,0.0554720473992236,0.0762211338309942
"6330409D20Rik",1.50305798059131,-1.22214403507198,0.199239252285227,-6.13405250749681,8.56682224645e-10,1.5782181798648e-09
"Tor2a",1.67032730704834,-1.04410395321872,0.210021531113086,-4.97141387211637,6.64663905309466e-07,1.16154857238548e-06
"Ptrh1",7.90838240886635,-4.65971300340018,0.280029353826529,-16.6400876898311,3.57094789224645e-62,1.13868955391121e-61
"Rpl12",12.7415334813098,0.400640087953514,0.23228735788381,1.72476062237495,0.0845706208985309,0.112216228035163
"Slc2a8",18.8843319038138,-5.99560109740154,0.292550167939061,-20.4942664693682,2.42209099478202e-93,1.30209217227211e-92
"Ralgps1",115.731176398661,-8.72270973712155,0.303732143072258,-28.7184281811307,2.24634405539614e-181,4.61650235006608e-180
"Angptl2",362.036977291986,-10.2335727803395,0.226102538500653,-45.2607602205665,0,0
"Zbtb34",46.7853001965755,-7.34720465222108,0.236354311810639,-31.085553700867,3.77593682800118e-212,1.02126374311742e-210
"Zbtb43",9.83733015864057,-5.01917752467477,0.268863668901089,-18.6681136398583,8.99749671465597e-78,3.56350021627498e-77
"Mapkap1",1.26372293596345,0.250657711846564,0.211072216389423,1.18754479454608,0.235012798562065,0.27776900452711
"Gapvd1",19.5544649067367,-5.89724432277575,0.293366642566888,-20.1019593474441,7.09368779981037e-90,3.5725084722634e-89
"Hspa5",3.01068102668345,-0.223584467055657,0.211405313247317,-1.05761044328196,0.290233079409426,0.331827717078859
"Rabepk",6.28336112870716,-4.21315444709396,0.269030537011937,-15.6605064015726,2.81645685782255e-55,8.41551505313894e-55
"Fbxw2",2.0291976434917,-1.28051374042608,0.208725514897087,-6.13491714732356,8.52035877584414e-10,1.56993550335003e-09
"Psmd5",2.36842848748418,-2.14967763835927,0.230825401078496,-9.31300293778431,1.24268223878519e-20,2.68382345323075e-20
"Traf1",1.25127781542679,0.158274272169583,0.214807263175628,0.736819927919183,0.461231862853666,0.485801114627953
"Cep110",1.32612065382545,0.271384791040294,0.212380324219359,1.27782454442433,0.201311298076461,0.243223001032086
"Rab14",2.07685793063459,-0.00355913367008588,0.191236452416338,-0.0186111676153527,0.985151293910958,0.985932088476083
"Gsn",4.08615432653169,2.71035314816115,0.284402531563266,9.52998953020299,1.57299092911447e-21,3.42982984543756e-21
"Stom",1.20425191742145,0.21591390186539,0.213084055276757,1.01328042393861,0.310926235301519,NA
"4930568D16Rik",10.5883638922164,-5.15982313240504,0.282600608161741,-18.258358203716,1.77550146861081e-74,6.66531295659722e-74
"Ggta1",1.74812449542298,-1.36164176555553,0.220075097669203,-6.18716874365414,6.12543855577178e-10,1.13185094729659e-09
"Dab2ip",1.27057049315309,-0.331645020135195,0.201270569767112,-1.64775714859325,0.0994025156017779,0.12972028286032
"9030204H09Rik",14.7973514947678,-5.67895114530306,0.286063372244249,-19.8520736882533,1.05745693573553e-87,5.08748866777829e-87
"Ndufa8",1.7068552553026,0.877135825190814,0.203475672738865,4.31076508254874,1.62690670062188e-05,2.73905917666383e-05
"Rbm18",1.20440126579208,0.137482921592373,0.213356521074109,0.64438115554302,0.519328301294482,NA
"Mrrf",1.22456619380751,0.158255272172927,0.214476300310501,0.737868342300843,0.460594458247313,0.485759357622077
"Olfr341",9.76417287370522,-5.03203262321749,0.275298400351278,-18.2784666267463,1.22831058153869e-74,4.63111681880243e-74
"Pdcl",1.2162577436453,0.19696811246854,0.213540941724724,0.92239038976634,0.356324980750768,0.392000127749348
"Rc3h2",1.22055240507043,0.206511265785986,0.213330437927987,0.968034696744482,0.333027041665212,0.371194373059014
"Rabgap1",1.20845832193439,0.118438990684543,0.215337568355551,0.550015455217662,0.582308773077897,0.600036908991535
"Strbp",1.28050668362988,0.108363086799996,0.215831574398424,0.502072447472205,0.615616560508747,0.631711902075027
"Psmb7",1.58853465935846,0.746231999439361,0.20449556678718,3.64913533903632,0.000263124461468669,0.000425960517558212
"Rpl35",18.3792417749254,4.24904382401183,0.223367371773815,19.0226700984532,1.106997251464e-80,4.62652173950525e-80
"Arpc5l",1.86278309819874,0.651888432917863,0.205873509249958,3.16645126074177,0.00154311203038869,0.00241205114497049
"Golga1",1.17377078833802,0.0981610046283614,0.215639237094555,0.455209385596736,0.648958608908332,NA
"Ppp6c",1.2640221450204,0.243979916380351,0.21267060631212,1.14721973389346,0.251290817646105,0.294845275205982
"Kynu",1.19314350725744,0.0878562157671259,0.215965770285088,0.406806206609272,0.684150327854657,NA
"Arhgap15",1.55143926699193,0.56579330433365,0.207464175576535,2.72718556233303,0.0063877105688872,0.00961333405494917
"Zeb2",1.2783368768383,0.359336311734887,0.210356568310314,1.70822482331429,0.0875946342048653,0.116060506021613
"Gm13476",1.20403956249507,0.206440998003569,0.213280322550997,0.9679326978428,0.333077982989876,NA
"Orc4",1.2164100505681,0.14838979579477,0.214645150225804,0.691326105615082,0.489360629837182,0.512050895553324
"Epc2",1.22105508962251,0.127655463217932,0.213644312140101,0.597513979844313,0.550164276220619,0.569195319323794
"Mmadhc",1.24411193466486,0.225352501978322,0.21299582163668,1.05801372180305,0.290049186625868,0.331827717078859
"Rnd3",1.18468179161459,0.158219689844137,0.214314089790878,0.738260792832256,0.460355986823668,NA
"Gm13490",1.80115032080208,-1.7807577576807,0.222512966661378,-8.00293926416737,1.21483870087878e-15,2.4579294645687e-15
"Rbm43",1.22449031073658,0.17773318312505,0.21401982998635,0.830451940534603,0.406283309392689,0.436795720715753
"Nmi",1.47838312387274,0.176026768207857,0.19885223159115,0.885213944039492,0.376041253100635,0.411516843015789
"Rif1",1.25202692149496,0.187401715390299,0.213894126415567,0.876142409942584,0.3809526197432,0.414225210457603
"Arl5a",1.21993243237076,0.206446309449917,0.213340983830632,0.967682372805648,0.333203024174057,0.371194373059014
"Stam2",1.22826551277191,0.215940991471952,0.213133518958035,1.01317236503973,0.310977837858368,0.351037806053935
"Prpf40a",1.44796547548838,0.384733238525656,0.210713494565008,1.82585951279433,0.0678714261322711,0.0915948408506865
"Arl6ip6",1.33045613954755,0.376356738794362,0.210206517645994,1.79041422220875,0.0733873456276336,0.098570756945393
"Nr4a2",2.55120525060075,-2.508184428731,0.24592155702836,-10.1991238955996,2.00069050550729e-24,4.52104088257491e-24
"4930555B11Rik",14.4419125386498,-5.64174930538876,0.284158684135338,-19.8542209700751,1.01321555336643e-87,4.87913762783466e-87
"Gpd2",1.25891999000516,0.0574961448141108,0.207401655912749,0.277221242815432,0.78161022920267,0.79254184079991
"Cytip",2.02363386303101,1.18639503142121,0.202525274137977,5.85800975444151,4.68447142990831e-09,8.51425517552973e-09
"Ccdc148",3.39118436175683,-3.21469852777926,0.255320520765395,-12.5908349166072,2.37151598999769e-36,6.08768796055468e-36
"Pkp4",1.23137833323781,-0.213058206624019,0.203535266884709,-1.04678766429556,0.295197521010548,0.33622759320861
"Dapl1",1.44267525166838,0.376590861843526,0.214911780864106,1.75230441220741,0.0797214777679878,0.106553863512712
"Tanc1",1.23789400199019,-0.252661129541079,0.202738202715405,-1.24624331357891,0.212675081909777,0.256448123716571
"Baz2b",1.27555410414737,0.19517263185765,0.212416221434825,0.918821691391086,0.358188844754077,0.393010146004474
"March7",1.20499504943315,0.128517104239,0.21503854676931,0.59764682271998,0.550075614829228,0.569195319323794
"Cd302",2.32167099365883,-1.06774458745162,0.226031069566392,-4.7238841522979,2.31382256522015e-06,3.99079920384906e-06
"Pla2r1",14.377150954226,-5.62387263739148,0.269874543174464,-20.838840785942,1.92442391789282e-96,1.10390031334071e-95
"Itgb6",14.3114874038744,-5.62776611555179,0.26240368440559,-21.4469782629009,4.87297053010822e-102,3.12877074626875e-101
"Rbms1",1.55713089560625,0.645377235746441,0.199662877613327,3.23233464057498,0.00122783175593489,0.0019284735266978
"Gm13582",6.69877860857641,-4.42252382537798,0.260751085871882,-16.9607110574065,1.60391690896822e-64,5.24096792789615e-64
"Tank",1.30628327108616,0.029711564504977,0.205496707406158,0.144584138986972,0.885039220889526,0.891185326590147
"Psmd14",7.36659675548714,-3.99007818258724,0.259476007599638,-15.3774455661573,2.31918424935719e-53,6.82805515039172e-53
"Dpp4",18.318591757693,-5.72771838765716,0.287865621832772,-19.897194917511,4.30348487115627e-88,2.08484371484322e-87
"Ifih1",2.16180052889924,-2.01170026027736,0.229989740732129,-8.7469130313095,2.19268561602569e-18,4.59026224810672e-18
"Kcnh7",10.495640055361,-5.14631964516508,0.267158764035951,-19.263151121902,1.09507154667142e-82,4.73593494086565e-82
"Fign",8.02970509571456,-4.71898570685871,0.278168625874127,-16.9644786216619,1.50428912933259e-64,4.91850250868533e-64
"Grb14",2.75670466517521,-2.75717011680526,0.235789963614917,-11.6933311093265,1.3787086281003e-31,3.38994773371812e-31
"Cobll1",1.25315029056925,-0.315835848698594,0.201738245115651,-1.56557249973863,0.117448732229636,0.151079936480704
"Slc38a11",2.43185886313068,-2.52414555158268,0.238777658491272,-10.571112756242,4.05652523377358e-26,9.38402912488283e-26
"Scn3a",43.8365056827342,-7.24045194614965,0.240318543774457,-30.128561168983,2.04821947605862e-199,5.09128841191715e-198
"Csrnp3",1.4697952220796,-1.14803656342478,0.20516047919477,-5.59579782583215,2.19609499280623e-08,3.94888593263815e-08
"Galnt3",1.22240292195738,-0.165309116837804,0.202991541758962,-0.814364556303024,0.415436137099105,0.445266663648827
"Scn7a",1.29166901521589,0.409804853423049,0.209715086053087,1.95410287898559,0.0506890516951764,0.0700214362318945
"Xirp2",22.914020785486,-6.34142207443989,0.286932136100054,-22.1007732372948,3.10700832274752e-108,2.25571397006148e-107
"4933409G03Rik",3.14952452784912,-3.06835076324084,0.251857259830663,-12.182895840699,3.83421864287612e-34,9.64560063412691e-34
"Lass6",3.68008781377746,-3.34911055758596,0.239517008305517,-13.9827671582887,1.98612909307996e-44,5.45519277341615e-44
"Nostrin",2.01466258211734,-1.64158970377044,0.220821852630087,-7.43400023239719,1.05361784430114e-13,2.07308147276742e-13
"Ppig",1.56166940301518,0.55826871485191,0.208020413616465,2.68372081925195,0.00728078764793963,0.0109086428020221
"Phospho2",1.19338714818387,0.158279024557312,0.214323290698163,0.738505946048677,0.460207055239429,NA
"Ssb",2.681004398656,-1.36157525318849,0.210743869175096,-6.46080599411047,1.0414676973611e-10,1.95170036985278e-10
"Mettl5",1.540075792566,-1.01243361329658,0.204346299337515,-4.95449937962599,7.25167479994187e-07,1.26558817972907e-06
"Ubr3",1.20781270658793,0.0380259918464828,0.208880950188531,0.182046241230526,0.855546436915102,0.863069359493059
"1500002O10Rik",14.2253206562138,-5.61841080199662,0.289895970387936,-19.380782680346,1.12128563088195e-83,4.94977673843872e-83
"Gad1",2.79297851157967,-2.8221949558335,0.246600343970542,-11.4444080263352,2.50810659371129e-30,6.07955255127604e-30
"Gorasp2",1.40094002943499,0.484578271801916,0.206905899963442,2.34202249374008,0.0191795589569001,0.0276987958929363
"Tlk1",1.23225230866725,0.215940752140533,0.213176574755351,1.0129666094333,0.311076110221785,0.351037806053935
"Dcaf17",1.29544365603996,0.307264862396888,0.21144723016106,1.4531515128519,0.146181691171809,0.183714983016129
"Cybrd1",1.91965952889261,-1.93705060746213,0.222243359579237,-8.7158986937988,2.8846117511679e-18,6.02668534764717e-18
"Dync1i2",1.45873761843054,0.672562814542053,0.205340473319505,3.27535435985657,0.00105529511196244,0.00166298580662458
"Slc25a12",1.18893813431113,0.137505959632197,0.213284780603558,0.644705914988777,0.519117782443656,NA
"Hat1",1.71399679917642,-1.21685487479855,0.212614055684429,-5.72330399738323,1.04472081766589e-08,1.88896524704397e-08
"Metap1d",1.42119859757244,-0.837485209281806,0.195434092944927,-4.28525645992488,1.82528504159129e-05,3.0656331779622e-05
"Itga6",38.9255370589168,-7.06476001448899,0.257101041935165,-27.4785351366665,3.16978027726873e-166,5.46080958658178e-165
"Pdk1",1.29139890571345,0.268758006280208,0.210904700200607,1.27431017907412,0.202553510458728,0.244497473602627
"Rapgef4",1.2609130353533,0.206573526568444,0.213560737197011,0.967282325767018,0.333402916676768,0.371194373059014
"B230120H23Rik",1.18076912612194,0.158214273860682,0.21428618980485,0.738331639592673,0.460312944356521,NA
"Cdca7",1.49638178587871,-1.10114768663511,0.206734517974205,-5.32638524724982,1.00186524500491e-07,1.78063894413538e-07
"Sp3",1.38899790848771,0.336614592872421,0.205671641691921,1.63666021286805,0.101701486730567,0.132654113126827
"1700011J10Rik",1.22437369031313,0.137489388445878,0.213442575646315,0.644151655449028,0.519477096735632,0.540189398685829
"Ola1",1.53847026649508,-0.582420355879685,0.1956506364071,-2.97683854535395,0.00291237338031624,0.00447398147299905
"Cir1",1.96578622908608,-1.5688360526524,0.218027449486058,-7.19558962117163,6.2191420508369e-13,1.20885948632912e-12
"Wipf1",1.47225799462366,0.464177763904471,0.206184825956931,2.25127024624708,0.0243684261034347,0.0348311019331679
"Atf2",1.21600864706416,0.177740284044774,0.214028958647107,0.830449697873985,0.406284576893762,0.436795720715753
"Atp5g3",1.91115817624299,1.12227237109304,0.203038239943496,5.52739410765853,3.25022281814266e-08,5.8272928424196e-08
"Lnp",1.17706870025291,0.118432223695216,0.21518410736286,0.550376257552825,0.582061329852408,NA
"Hoxd12",10.3333897019305,-5.12165876690416,0.285518601716406,-17.9380913751857,5.94626809491798e-72,2.14657810895379e-71
"1700109F18Rik",20.6161367449587,-6.18246575351704,0.283847195614358,-21.7809647198935,3.5159088366606e-105,2.40065979429278e-104
"Hoxd3",3.12469807818501,-3.05371675530602,0.252013793193555,-12.1172603951906,8.55719720958917e-34,2.14701126815936e-33
"Mir10b",263.713704950187,-9.91709367394446,0.203682626689086,-48.6889521956261,0,0
"Mtx2",1.27569311932783,0.193491387516679,0.210908906471041,0.91741686377406,0.358924239196953,0.393564190526606
"Hnrnpa3",2.32170234215865,1.31914147726819,0.202365954384302,6.51859390717018,7.09695014178478e-11,1.33475336840629e-10
"Gm6793",99.2319145509494,-8.49904668487398,0.227736717450719,-37.3196152996854,7.88989768219852e-305,3.83118752568151e-303
"Nfe2l2",70.0197252179011,-7.44163205278132,0.251882119890167,-29.5441060128692,7.8179297590357e-192,1.78989444483186e-190
"Agps",39.0781083838886,-7.05051539907093,0.238733211988275,-29.5330312039583,1.08474264488873e-191,2.4780554075795e-190
"Ttc30a2",79.0498157146407,-8.16773038161231,0.26429505622716,-30.9038333830664,1.06089153235682e-209,2.78284110497618e-208
"Ttc30a1",2.34904237203739,-2.410860340754,0.238941135311318,-10.0897668273522,6.13149909200342e-24,1.37869589749118e-23
"Cyct",9.36701651798239,-4.96605162888571,0.268768383900545,-18.4770677146436,3.15889321050609e-76,1.22689155943763e-75
"Osbpl6",1.5693748049459,-1.36875385769331,0.203571731691332,-6.72369314895206,1.77175352163963e-11,3.36127689731377e-11
"Prkra",7.78945940934163,-4.47464379869973,0.278014047531807,-16.095027709662,2.76447701063265e-58,8.47361714357159e-58
"Dfnb59",13.2964392252425,-5.5145848456042,0.292382394512522,-18.860864912193,2.39273634216066e-79,9.76169105594268e-79
"Fkbp7",1.3538459460948,-0.384061506790202,0.194058576366959,-1.97910091880687,0.0478046450579232,0.0661734943522565
"Plekha3",1.22453214536709,0.0964344299011386,0.210125785216007,0.458936678342475,0.646279638684486,0.661824855707278
"Cwc22",1.22828966239865,0.206484906301049,0.213358360084651,0.967784464687132,0.33315202406,0.371194373059014
"Ube2e3",1.46409026946814,0.0588729961217372,0.195238633847983,0.301543782403113,0.762999869135408,0.774649288512463
"Itga4",2.72660034699338,-1.54862934648775,0.22637175294154,-6.84108916578334,7.85933158317885e-12,1.50084912618232e-11
"Pde1a",7.35056489818082,-4.57529708668191,0.273764777249425,-16.712511860185,1.06263496556009e-62,3.41456110817094e-62
"Dnajc10",1.30871274816452,-0.0996946260967811,0.199234954365406,-0.500387225797419,0.616802446298293,0.632742216699831
"Dusp19",13.4254615752695,-5.43059693426076,0.281839749253949,-19.2683854872706,9.89758190464465e-83,4.28402798857754e-82
"Nup35",1.20452775530547,0.177712210675201,0.213959543622675,0.830587912398068,0.406206465580322,NA
"Zc3h15",2.49693071085618,-1.73926116735934,0.227714193092016,-7.63791287553398,2.2077116264965e-14,4.38434646768566e-14
"Itgav",1.22383398434355,0.0867772533254726,0.210421128570932,0.412398003540887,0.680047726246546,0.694414931730628
"Calcrl",1.65719273917771,1.00808917651542,0.211949498354066,4.75627064156286,1.97202054051165e-06,3.40689962650035e-06
"Tfpi",1.18935006895527,0.177775951118184,0.2138478897517,0.831319641847302,0.405793081395003,NA
"Ctnnd1",1.2475757822379,0.316069532214409,0.211194762241394,1.49657846084811,0.13450297812671,0.170882100887308
"2700094K13Rik",2.0039678569113,-0.866024766900805,0.213329657338482,-4.05956104606083,4.91650533631604e-05,8.1499389823975e-05
"Tmx2",1.33504646842785,0.32491264811301,0.211243217566554,1.5380974208587,0.124024796533496,0.158746132980675
"Med19",1.23276716729479,0.118462062768367,0.215364137939944,0.550054730102748,0.582281835436848,0.600036908991535
"Zdhhc5",20.4296019941089,-6.12492513208056,0.28227852562334,-21.6981618369843,2.13529408458319e-104,1.43175788330433e-103
"Clp1",1.31623386747393,-0.183083878951037,0.196385556690584,-0.932267535537224,0.351198280860361,0.389060913856343
"Serping1",12.5033905101017,-4.65114008641214,0.287869752621226,-16.1570989798711,1.0121392428793e-58,3.11152346750879e-58
"Ube2l6",1.31702142315001,0.199412970710929,0.201815087264525,0.988097438173947,0.323104930298143,0.362867413114524
"Timm10",1.23579602867473,0.215941600403998,0.213231205326583,1.01271106202895,0.311198192511338,0.351037806053935
"Slc43a3",1.40145701285809,0.616749361432943,0.207180184802457,2.97687427019628,0.002912034050277,0.00447398147299905
"Ssrp1",1.51845770815778,0.426068043910675,0.210225886081926,2.02671541479261,0.0426915251068139,0.0594741822945205
"Tnks1bp1",1.1853460094486,0.148426409518605,0.214532378788213,0.691860176804041,0.489025141481852,NA
"Olfr1020",39.6031071474571,-7.15456180828987,0.269473763670104,-26.5501238816283,2.55975347895605e-155,3.77989056864232e-154
"Olfr1036",2.24527159004492,-2.3441760847824,0.229324812862422,-10.2220778271767,1.57919003915048e-24,3.57242557068928e-24
"Olfr1061",15.3494473994679,-5.73499196226335,0.280017735792644,-20.4808168526517,3.19259537685828e-93,1.71366044906943e-92
"Olfr1065",23.5309436152264,-6.38119307670248,0.241810931316456,-26.3891836566788,1.82364230225298e-153,2.64061381907367e-152
"Olfr1076",4.86960563575014,-3.88016561727094,0.254262890262224,-15.2604480082378,1.40281861465664e-52,4.10811397952744e-52
"Olfr1080",39.6887419968281,-7.15772963276597,0.263246399249992,-27.1902280645009,8.47501130813906e-163,1.38682003224094e-161
"Olfr1084",9.43773140782201,-4.97808746602662,0.278499893610873,-17.8746476398376,1.85845780963669e-71,6.66974889398662e-71
"Olfr1087",2.33505025101948,-2.43149218943831,0.22877900397769,-10.6281264764813,2.20497439407917e-26,5.11667763373784e-26
"Olfr1090",1.84156289046768,-1.83898750900373,0.222307141504466,-8.27228264714468,1.31418297473793e-16,2.69761507201416e-16
"Olfr1097",1.20323338907178,-0.298955543429564,0.202426072359836,-1.47686283661195,0.139712408599915,NA
"Olfr1098",1.19972142156903,-0.282340063311422,0.203113962823922,-1.39005738151138,0.164511453488616,NA
"Olfr1102",1.18025745729136,-0.195879155760175,0.206652835569047,-0.947865802183622,0.343197776431777,NA
"Olfr1140",1.23289228982748,-0.425555970552281,0.199319770333513,-2.13504144541315,0.0327576248669814,0.0461836061595254
"Olfr1141",29.5165928766286,-6.71932558684131,0.269678113349092,-24.9160953530675,4.9795733425348e-137,5.82811050404297e-136
"Olfr1221",9.16710107724282,-4.93190530661558,0.260661911224534,-18.9206980162408,7.70276080967347e-80,3.16726360192954e-79
"Olfr1229",1.85173596265821,-1.8547240559763,0.213929599445626,-8.66978698030853,4.32929559805188e-18,9.03234333406506e-18
"Olfr1232",36.8062984466214,-7.04634139430272,0.292654075551673,-24.0773731957085,4.31527228818676e-128,4.42114256022274e-127
"Olfr1242",45.903837399224,-7.37196514892005,0.254227957553074,-28.9974604676633,7.08301776398354e-185,1.51220256556213e-183
"Ptprj",1.26375065660455,0.225316087508398,0.213199446016454,1.05683242484133,0.290588073199478,0.331827717078859
"Fnbp4",1.27598285453366,0.262359540953071,0.212435404867792,1.2350085482048,0.216827322768834,0.259521314600617
"Mtch2",1.51821465405061,0.679459623576467,0.205282481020656,3.30987632358213,0.000933372027056944,0.00147508385747419
"Ndufs3",1.5113407326655,0.609489897895487,0.20653182553816,2.95107011380614,0.0031667502291886,0.00485332830192734
"Ptpmt1",1.26686714277515,0.298323947115985,0.211536339025118,1.41027280934725,0.158459144071015,0.197436157265757
"Celf1",1.40511935009982,0.48981593310769,0.208378516266723,2.35060668385185,0.018742833900186,0.0271281278133844
"Psmc3",1.56898856501828,0.719811929849172,0.205031857721797,3.51073212644772,0.000446874461940198,0.000716426502250564
"Sfpi1",2.20003072143301,1.50188998310771,0.214663243869991,6.99649346591124,2.62448007325845e-12,5.05154350383817e-12
"Madd",1.41490718917534,-0.590983684880934,0.198946002355887,-2.97057331076071,0.00297244450749949,0.00456290555187395
"Acp2",1.18115853906834,0.138488511789614,0.214718759974335,0.644976302052823,0.518942543029313,NA
"Arfgap2",1.29063970272248,0.298343793051451,0.211631179366149,1.40973458610878,0.158618068191866,0.197436157265757
"Lrp4",1.25993314698275,0.342273735087417,0.211013814089668,1.6220442086411,0.104793882658169,0.135991067116381
"Ckap5",1.21672925059741,0.148400719021937,0.21464743220898,0.691369645071992,0.489333274947701,0.512050895553324
"Arhgap1",1.22425540128389,0.196947355608041,0.213571030944373,0.922163248157651,0.356443430052015,0.392000127749348
"Atg13",1.19698698411078,0.158247113129991,0.214336211178307,0.738312542990439,0.460324546145608,NA
"Ambra1",18.5792109089708,-5.95970650084923,0.296684353163301,-20.0877007408911,9.45397904594681e-90,4.74061197116641e-89
"Dgkz",1.33158821688398,0.393250841129065,0.209943216950601,1.87312953874378,0.0610504992684741,0.0833735790716314
"Phf21a",1.58623882403602,-0.899860819437378,0.203856120666211,-4.41419574009646,1.01386195522713e-05,1.71523558784171e-05
"Mir1955",62.3441268108471,-7.82091744368392,0.269744167284885,-28.9938333881527,7.86949872728442e-185,1.67668503495611e-183
"Pex16",1.24451658161931,0.206524583312128,0.213415829098793,0.967709771970688,0.333189336395712,0.371194373059014
"Slc35c1",1.22439335160619,0.0571546538668948,0.21111099903635,0.270732714675154,0.786596613455661,0.797288217910398
"Chst1",1.18092509197189,0.0972840235822527,0.212757558804566,0.457252960265517,0.647489236126081,NA
"Trp53i11",1.26473242199445,0.166674299141651,0.212930901941377,0.782762377945214,0.43376666422665,0.461388076874806
"Tspan18",1.20458572500564,0.215943999434863,0.213184270853141,1.01294527298228,0.311086302044495,NA
"Gm13807",168.998785667642,-9.27244153707462,0.233544336244055,-39.7031316888151,0,0
"Cd82",43.5154108439113,-6.49515054485972,0.261017643308256,-24.8839521441433,1.11005831026791e-136,1.29486131387675e-135
"Alx4",22.0990432380048,-6.28701942778788,0.261663900715565,-24.0270798172577,1.44965689343218e-127,1.47078891811778e-126
"Ext2",15.9035613511193,-5.5706898859713,0.288243541282357,-19.3263303010643,3.22560924221268e-83,1.41137302970245e-82
"Gm13889",1.34101297857331,0.512742769450728,0.213176966954024,2.40524469776002,0.0161616400540842,0.0235291482589094
"Alkbh3",1.38397903136231,-0.342265065091477,0.194642016914149,-1.75843361324415,0.0786737580298655,0.105166969760793
"Hsd17b12",118.296639493276,-8.37883159489725,0.231243314937544,-36.2338327365713,1.78614456796769e-287,7.70551623536475e-286
"Mir670",504.457095550523,-10.8551507383227,0.178268981735723,-60.8919770149077,0,0
"2810002D19Rik",1.86996238329505,-1.79457096204732,0.203660719019964,-8.81157137558473,1.23403670522098e-18,2.59170050342125e-18
"Api5",1.76924993673674,-0.672926817188921,0.194247014043665,-3.46428397111758,0.000531644963015714,0.000848940564986855
"Lrrc4c",4.34535388313397,-3.67695570127932,0.261035710554033,-14.0860255996208,4.62889457084891e-45,1.27845659575827e-44
"B230118H07Rik",15.2105802391744,-5.656925798043,0.287747888118874,-19.6593130014772,4.8119901828401e-86,2.23375622538242e-85
"Rag1",2.53134072739887,-2.60971002613229,0.237685281111238,-10.979687147354,4.78578315751218e-28,1.13347495835815e-27
"Traf6",1.68771380898333,-1.54175525874391,0.21278400880305,-7.2456349864662,4.30417854391439e-13,8.37726025325619e-13
"Prr5l",224.579125272569,-9.56175248582991,0.208040875190179,-45.9609318461533,0,0
"Commd9",2.30538289554217,-2.21352971912244,0.235487839929439,-9.39976229679502,5.46864756921962e-21,1.18449544860276e-20
"Ldlrad3",22.7861371158006,-6.22805700471108,0.287368867714949,-21.6726921542834,3.71394587897982e-104,2.47754600489133e-103
"Trim44",1.22048335802446,0.118467676536127,0.215350841836446,0.550114759366024,0.582240664022105,0.600036908991535
"Fjx1",60.2880802493235,-7.77181123109283,0.288179447136093,-26.9686520268137,3.44761283853646e-160,5.47007264959281e-159
"Cd44",41.5190459931413,-5.63789820370109,0.299613349427858,-18.8172463425519,5.45467339207834e-79,2.20809578182621e-78
"Pdhx",3.91549752610947,-3.48375534257707,0.254896441629344,-13.6673361162215,1.59114189065533e-42,4.2990479654352e-42
"Apip",1.19319048520961,0.17934468187887,0.21538252274476,0.832679827468656,0.405025324377137,NA
"Ehf",29.9064546991527,-6.73887372379797,0.282653053996215,-23.8415033148314,1.24051376158041e-125,1.22294274512743e-124
"A930006I01Rik",2.12371749490189,-2.21113785183939,0.231135531786319,-9.56641254916855,1.10679597314756e-21,2.42191363648302e-21
"Elf5",15.78765975414,-5.77810902098971,0.265482418715899,-21.7645637286929,5.02860747052546e-105,3.42457025389992e-104
"Cat",1.29482079952203,0.289411773317249,0.211835712080962,1.36620860795482,0.171873496478958,0.211829792717247
"Nat10",6.37563898840133,-4.21593005454385,0.255174003775116,-16.5217851041728,2.55716067682039e-61,8.06548563927639e-61
"Caprin1",1.53484836127209,0.508608776480335,0.201612125936,2.52270925728837,0.0116454640023612,0.0171420360580214
"4930547E08Rik",29.4240078764925,-6.71464678991112,0.285048681020559,-23.5561405366644,1.08603219308417e-122,1.02237836752017e-121
"Lmo2",1.44460699421385,0.481984885030891,0.208905961378654,2.30718588330404,0.0210444597289254,0.0302414534852004
"Fbxo3",1.27573459089751,0.289493754064877,0.211773705375226,1.36699574459419,0.171626639343695,0.211829792717247
"Hipk3",1.25574577596368,0.253152529710992,0.212530404245003,1.19113559591766,0.233600357833711,0.276695742225986
"Cstf3",1.27567796161107,0.215935722968277,0.213407228397671,1.01184821427836,0.311610632977934,0.351037806053935
"Eif3m",2.1293035319759,1.10800229617546,0.200747442013036,5.51938438201122,3.40189331789103e-08,6.09608071383151e-08
"Rcn1",1.26749718620127,0.316134727720406,0.211361950398853,1.49570311555055,0.134731038067393,0.170882100887308
"Immp1l",1.45603580385659,0.445472373434863,0.208170215673782,2.13994289237299,0.0323593821853865,0.0456283022711285
"Dnajc24",1.84724794674338,-1.41908833667947,0.222037446200297,-6.39121175713456,1.64576279341148e-10,3.07201207995992e-10
"2700007P21Rik",1.18132661896413,0.118473018434228,0.215187284616539,0.550557709045616,0.581936906478329,NA
"Kif18a",1.27590912751577,-0.545658497747603,0.1944916484,-2.80556261534365,0.00502288212922606,0.00761316291905101
"Lin7c",1.27564892999852,0.298416515227344,0.211523126358078,1.41079852763791,0.158304028769224,0.197436157265757
"Ccdc34",1.23782980306632,0.252963874100099,0.212904621681443,1.18815586107188,0.234772009741399,0.277547251919399
"Fibin",2.12632141078571,-2.07751218057579,0.227525536856711,-9.1308967304367,6.79342218750418e-20,1.45364475584226e-19
"Slc5a12",254.063624436553,-9.85247518362743,0.208885261731445,-47.1669236113669,0,0
"Ano3",52.0766000196175,-7.55729118542934,0.257774867417869,-29.3174088736064,6.22278841706549e-189,1.38225342710987e-187
"Olfr1275",11.0260518033091,-5.22350721966523,0.278996760658423,-18.7224654771544,3.24765180204738e-78,1.29459659463057e-77
"Olfr1278",204.315320071955,-9.54748503656809,0.251915156500025,-37.8996054434189,0,0
"Olfr1283",12.802275079571,-5.45602703926741,0.282957108422188,-19.282169900912,7.58278645925061e-83,3.29165449624018e-82
"Olfr1287",29.160280292335,-6.70125870739145,0.286145909695251,-23.419026728456,2.73528207378516e-121,2.51819619491332e-120
"Olfr1288",25.1817582175307,-6.48261706681399,0.290509537032222,-22.3146445828902,2.66351318982981e-110,2.00918191487162e-109
"Olfr1305",12.3866725608473,-5.40483216585469,0.291063344590267,-18.5692642729132,5.69783273768037e-77,2.23545185198734e-76
"Olfr1309",14.1237238508421,-5.60744911884662,0.251171954304816,-22.3251402982737,2.10626110968795e-110,1.59112633756456e-109
"Olfr1310",35.7413581902247,-7.00293156350167,0.310285370395459,-22.5693256326472,8.67589975840734e-113,6.93009896539959e-112
"Lpcat4",23.0424669042788,-6.1939286604892,0.293845884067778,-21.0788341655333,1.24410368118184e-98,7.52516942731076e-98
"BC125332",20.3484519888716,-6.16284230188745,0.287442070553385,-21.4402933085707,5.62580385890995e-102,3.60770222893243e-101
"Nop10",2.81647031247317,-0.224393405124586,0.191605777033826,-1.17112024803392,0.241550446097374,0.285269983852555
"Slc12a6",1.90826497279688,-1.53010985515485,0.212682861323101,-7.19432607609296,6.27700228441468e-13,1.21942508093207e-12
"Tmem85",1.60895094252562,-0.739896638629341,0.20482852132536,-3.61227349512547,0.000303524194582545,0.000489842725528176
"2410042D21Rik",3.45631030219386,-3.15410423526351,0.238075722366932,-13.2483237009873,4.61394127874654e-40,1.2291285264127e-39
"2900064A13Rik",8.84953596121242,-4.20931849307695,0.252948955032893,-16.6409799658179,3.51813101754774e-62,1.12219027874117e-61
"Aven",1.19270547519212,0.128481713141796,0.215007059776478,0.597569741548794,0.550127059138829,NA
"Ryr3",173.519257399403,-9.31071646162692,0.224636782935855,-41.4478712699763,0,0
"Mir1954",20.0110976638168,-6.13773469554968,0.288581425033838,-21.2686408864673,2.2160870986229e-100,1.38538618620498e-99
"Grem1",3.8230665867944,-3.44319195751244,0.261105309039566,-13.1869856272845,1.04271905288411e-39,2.76785835548185e-39
"Scg5",36.02707068299,-7.00388037721103,0.30404554614243,-23.035628924918,2.04960424711284e-117,1.76404520526447e-116
"Arhgap11a",1.18906514115523,0.138488610388013,0.214775701778182,0.644805763600961,0.519053066424528,NA
"C130080G10Rik",59.5717532829441,-7.75433401569133,0.28096568689864,-27.5988648339423,1.14816601235033e-167,2.01459717124999e-166
"Aqr",1.26748495928178,0.298390975932919,0.211582523411759,1.41028177148744,0.158456498791626,0.197436157265757
"Atpbd4",1.18918845280448,0.1184740314023,0.215243145315475,0.550419532425327,0.582031654646456,NA
"Fam98b",1.18495567233021,0.118441196932376,0.215200272184315,0.550376613050626,0.58206108607133,NA
"Rasgrp1",1.25653803823911,0.138526516612091,0.215075870007148,0.644082093483972,0.519522201293922,0.540189398685829
"Thbs1",1.20895461543765,0.225384612452333,0.213077832136462,1.05775720633383,0.290166147186782,0.331827717078859
"Srp14",2.2332958136121,0.89854046342799,0.182676599932194,4.91874965792835,8.70987772044179e-07,1.51779541648159e-06
"Bub1b",18.8657400677797,-5.97561304411853,0.301427692469371,-19.8243664845948,1.83476821722e-87,8.77059532407364e-87
"Gm1337",1.72702967528168,-1.64070728739377,0.212699593754467,-7.7137302353654,1.22192614938496e-14,2.43359576489489e-14
"Plcb2",1.24705993010733,-0.142868213878548,0.202760473408549,-0.704615704810858,0.481049422420712,0.505399614579071
"5430417L22Rik",12.3241794401982,-5.28843727756488,0.288877007577866,-18.306881956119,7.29280480127624e-75,2.76358918785205e-74
"A430105I19Rik",1.22287837694542,-0.165229814738109,0.202902050885505,-0.814332896178293,0.415454269214868,0.445266663648827
"Phgr1",48.2143048506493,-7.44416036510008,0.267060163201082,-27.8744694673725,5.44251570196173e-171,1.00566130846868e-169
"Disp2",66.636316990001,-7.89699682722863,0.287855608339903,-27.4338821215663,1.08188157847383e-165,1.85465413452656e-164
"D2Ertd750e",1.18496970537544,0.128479734805103,0.215032537471611,0.597489739533325,0.550180455338675,NA
"Ivd",2.45360793027108,-2.39587210595583,0.23249699096865,-10.3049596296878,6.69197693908041e-25,1.5227602276373e-24
"Bahd1",1.19920052267045,-0.107228820176188,0.207200148135732,-0.517513240897611,0.604797928280569,NA
"Chst14",29.8836687088841,-6.69463125286627,0.296666286600062,-22.5662016725593,9.31091827273107e-113,7.42597301507352e-112
"Ccdc32",121.642602663817,-8.6622117733009,0.244729819313874,-35.3949992591272,2.03841120436477e-274,7.82390182851771e-273
"Rpusd2",1.32310083540873,-0.642135181205443,0.198579139109367,-3.23364873110759,0.00122219678605524,0.00191991189383339
"Casc5",1.93449974121705,-1.95792961354911,0.221222029640458,-8.85051826317314,8.71138061067298e-19,1.83286605351523e-18
"Fam82a2",38.5929939287368,-6.97089526518079,0.277693148446599,-25.1028709356915,4.62700171548538e-139,5.57804825746737e-138
"Dnajc17",1.20126682370095,0.128540234685258,0.215025806862051,0.597789802819911,0.549980195562503,NA
"Zfyve19",1.56029885626848,-1.07703205727897,0.209361033126364,-5.1443768747019,2.68410220326748e-07,4.72307888119206e-07
"Gm14207",3.66266117335271,-3.32365255191738,0.253884804991559,-13.0911834287518,3.69800785201258e-39,9.77397518354717e-39
"Dll4",1.22464027502201,0.144166739959169,0.209314951116971,0.688755099384206,0.490977395805881,0.513042139146572
"Ino80",1.21272689941165,0.158252190512195,0.214393380603126,0.738139349577884,0.460429774083521,0.485759357622077
"1500003O03Rik",1.43471109034569,0.602104889726099,0.206640068289694,2.91378576628224,0.00357074858156275,0.00545744602750594
"1700020I14Rik",1.31818824772738,0.199112864893147,0.208220353088017,0.956260336418603,0.338940723433774,0.375800887069733
"Oip5",20.3557060125524,-6.12125717560888,0.273331524004221,-22.3949915689723,4.40398100434427e-111,3.36339149124756e-110
"Ndufaf1",10.8785607803162,-5.12225442781218,0.284920917115694,-17.9778111051505,2.90746197681054e-72,1.05432105029184e-71
"Rtf1",1.64020134126577,0.560359066282265,0.198932299435289,2.81683300234784,0.00484997362693611,0.00736169303070849
"Mga",1.25607899935555,0.271444838805219,0.212048445443393,1.28010765765167,0.200507275874812,0.242915550177492
"Jmjd7",1.33557194043351,-0.613941700566168,0.198431928374669,-3.09396630670722,0.0019749991448817,0.00306602097733307
"Ehd4",1.81173289365451,1.1907149809339,0.216114025651076,5.5096608253291,3.59525780463112e-08,6.43816320417648e-08
"Pla2g4e",68.6244963661924,-7.96125744057247,0.26749716165635,-29.7620258520732,1.21199312566463e-194,2.83704220447057e-193
"Vps39",1.29900023115164,-0.410831931522249,0.19678413494601,-2.08772893015469,0.0368222936328032,0.0516214241340762
"Ganc",5.6712918133167,-4.07533057103305,0.244940993246416,-16.6380094937118,3.69704663865758e-62,1.17853944755985e-61
"4931402G19Rik",6.8328633606793,-4.45562690558351,0.272844811627385,-16.3302607039067,6.012686765099e-60,1.86989722453481e-59
"Zfp106",61.2441581485323,-7.51866436940555,0.260354767168311,-28.8785354352469,2.22127667950298e-183,4.68487445131538e-182
"Snap23",1.38478005757917,0.294936128725681,0.202547805658608,1.45613095025474,0.145356423095489,0.183341918221204
"Lrrc57",1.17358113530462,0.077545684117405,0.216129131457023,0.358793299147759,0.719749725871733,NA
"Haus2",2.38536966554235,-2.41963566669208,0.238694409845366,-10.1369599240284,3.78701837098132e-24,8.52998312687054e-24
"Cdan1",8.74742454496069,-4.76799150160234,0.269978212933497,-17.6606528719295,8.42594127367864e-70,2.94301863155587e-69
"Ubr1",1.20465238435403,0.056924561159269,0.213786180375014,0.266268666475142,0.790032302803306,NA
"Tmem62",1.86111816257556,-1.76745002716859,0.22412803717806,-7.8858943727974,3.12290684548957e-15,6.27707883459974e-15
"Ccndbp1",1.31083625886408,0.309620743319608,0.208614277901793,1.48417810340558,0.13776167719848,0.173993698276329
"Epb4.2",1.23679209082491,-0.440738746458453,0.197599885601419,-2.23046053451403,0.0257168846802643,0.0366381381088919
"Adal",10.5183772896876,-5.102913800434,0.280564069781384,-18.1880516789274,6.41813963185604e-74,2.3862314015875e-73
"Zscan29",1.17367925595248,0.118481846790927,0.215158952714949,0.550671237686755,0.581859064905175,NA
"Tubgcp4",20.7487852393871,-6.16995312619901,0.248049564172099,-24.8738720698506,1.4270333297642e-136,1.66089497912355e-135
"Pdia3",2.19785254725595,1.36657521052138,0.203081157054472,6.72920732943638,1.7058983897144e-11,3.23810530702151e-11
"Ell3",1.237054830593,0.0981709009502012,0.215951701816222,0.454596560826116,0.649399509448305,0.663963458881628
"Serf2",7.15167053418785,1.80752356121889,0.197316900489323,9.16051061382195,5.16523276632391e-20,1.1068355927837e-19
"Serinc4",32.0106150729245,-6.83972572037323,0.294710035754538,-23.2083230652858,3.7522136013796e-119,3.3253913411208e-118
"2310003F16Rik",2.09034235982528,1.09056510729255,0.194937915821352,5.59442273042452,2.2135702391131e-08,3.97962343660078e-08
"Mfap1a",1.59118280105567,-0.514511373291271,0.198065845044654,-2.59767842949033,0.00938563435646084,0.0139204464670338
"Wdr76",3.06610474344406,-2.91870063457684,0.252272507450961,-11.5696342184421,5.8732525789012e-31,1.43464569311485e-30
"Frmd5",5.96543127485971,-4.22661795676067,0.27371982071115,-15.4414026203127,8.62049883666686e-54,2.54879659741722e-53
"Casc4",8.06380127050101,-4.5400560422849,0.277605966082648,-16.3543172589211,4.05224603180515e-60,1.26322629358154e-59
"Ctdspl2",1.21272164187451,0.148410806164693,0.214605109185143,0.691552995770745,0.489218088744945,0.512050895553324
"Gm9781",1.20455721585169,0.168020984310229,0.214153290526901,0.784582781319079,0.432698228812542,NA
"B2m",18.8530018335203,4.60261799633439,0.211776455764187,21.7333790941303,9.92249767587769e-105,6.69624277544687e-104
"Sord",1.19618257587335,0.116988241728017,0.212368386345242,0.550874090731338,0.581719989651369,NA
"Shf",16.9687242169964,-5.88801925618901,0.290400216683177,-20.2755332741806,2.11487251855944e-91,1.09737917961036e-90
"Slc28a2",1.26809805925255,-0.0668254333549253,0.206812155605769,-0.323121400476623,0.746603303612836,0.758814105307439
"Bambi-ps1",33.6907392974009,-6.78965379828192,0.284986165401266,-23.8245031604322,1.86153453397133e-125,1.82654328333278e-124
"Gatm",3.44520558605349,-3.18104684739597,0.254150890160464,-12.5163710636132,6.07497423840784e-36,1.55295619610621e-35
"Spata5l1",27.882125482221,-6.63458401578442,0.298766033609924,-22.2066207982889,2.96409571167243e-109,2.19313672784267e-108
"AA467197",1.5392581421972,-0.916528942352578,0.204768055196388,-4.47593713518232,7.60768692622282e-06,1.29460882656506e-05
"Pldn",1.28373387800331,0.289490543808128,0.211817599634549,1.36669731083531,0.171720201120285,0.211829792717247
"Sqrdl",1.31714046604012,0.2620438361321,0.203151675409581,1.28989256723472,0.197087961823203,0.23979228438632
"4930517E11Rik",11.3423293521514,-5.26777964618241,0.285231283587475,-18.4684498135244,3.7057362215104e-76,1.43607595221116e-75
"Sema6d",1.31445550622634,-0.621018606141763,0.197899203550152,-3.13805510583767,0.00170072899678573,0.0026504867482375
"Slc24a5",1.19303760474086,0.177750689410131,0.213888969965345,0.831041869241462,0.405949977013914,NA
"Myef2",2.12375500232794,-1.94254506631545,0.227983417622337,-8.52055419896086,1.58791635925442e-17,3.29841758667252e-17
"Ctxn2",15.4478144855481,-5.74470676957186,0.295895243146786,-19.4146641509951,5.80140481828944e-84,2.5718329640315e-83
"Dut",1.50999070081577,-0.448652989467548,0.198109562946283,-2.26467103755713,0.0235328740561123,0.0336598445192235
"Fbn1",5.99151761132637,-4.03617957737399,0.265488948648551,-15.2028157779065,3.38741879591988e-52,9.88667940436219e-52
"Eid1",1.27828971259599,0.280392136322693,0.212046133459243,1.32231666641819,0.186062725238487,0.227031556315038
"Secisbp2l",1.23614120882259,0.196958477406997,0.213640891701529,0.921913758355592,0.356573562034727,0.392000127749348
"Cops2",1.37995805122638,-0.148421416833266,0.198182008914561,-0.748914685274245,0.453908628510873,0.481439203662859
"Galk2",1.22811635474775,0.206472647317586,0.213371461288803,0.967667588113488,0.333210410301311,0.371194373059014
"Fgf7",1.18910296365401,0.147297627894501,0.21315333900647,0.691040677950766,0.489539978193114,NA
"Atp8b4",1.19682025623851,0.127652396211328,0.213542315369996,0.597785015069028,0.54998339058622,NA
"Hdc",1.35950769200257,0.39718830603654,0.204740802913945,1.93995676671973,0.0523849442564094,0.072102678712843
"Gabpb1",1.42681292761969,-0.666325284184002,0.198953241729004,-3.34915520045464,0.00081058376457293,0.00128394697347009
"Usp8",1.37198775799492,0.110426783817378,0.200499730325225,0.550757767296037,0.581799738643177,0.600036908991535
"Trpm7",1.25589731657098,0.177715681930958,0.214137828462221,0.829912599782952,0.406588200566637,0.436795720715753
"2010106G01Rik",1.34139840619564,0.417874777217741,0.209530094302544,1.99434252444121,0.046114635010005,0.064003827373631
"Ap4e1",18.1400858172858,-5.91338437472987,0.289831663549841,-20.4028238402357,1.57832721623726e-92,8.35161486949672e-92
"Blvra",50.8976179511071,-7.15405172365163,0.230202087618903,-31.0772669251162,4.88651446799137e-212,1.31822250764418e-210
"Ncaph",36.2134361366925,-6.97025535209244,0.273550395550933,-25.4806992256556,3.22652221695938e-143,4.10291010293008e-142
"Itpripl1",1.22396918857963,0.215914716710611,0.213173057372924,1.0128611906752,0.311126467942778,0.351037806053935
"Snrnp200",1.2993889673399,0.280476960394875,0.212090486978833,1.32244007918595,0.186021650186074,0.227031556315038
"Ciao1",1.24797823077177,0.262357252523466,0.212229785506777,1.2361943065484,0.216386346511463,0.259521314600617
"Tmem127",1.20845865831203,0.187373347209073,0.213728380893958,0.876689124885285,0.380655515256545,0.414225210457603
"Stard7",1.25201870639508,0.234670404204639,0.212862537101499,1.1024504706187,0.270265879925134,0.313589896068377
"Dusp2",2.18970478788548,-0.619548019110748,0.206886604348352,-2.99462607094446,0.00274781474440257,0.00423302138579944
"Astl",1.48992814830801,-1.19977889394012,0.200135821171959,-5.99482335003517,2.03706755162607e-09,3.73039558655957e-09
"Adra2b",1.8005630224767,-1.77824738058681,0.215319542450516,-8.25864368997292,1.47337025132075e-16,3.02378325610156e-16
"Fahd2a",21.4919272588985,-6.16992908684438,0.288735168132288,-21.3688174071596,2.60651351078419e-101,1.65523120757828e-100
"Kcnip3",2.36928518200518,-2.43588533070377,0.237375428249892,-10.2617417003223,1.04799216744075e-24,2.376936395412e-24
"Mrps5",1.2722786674962,0.25321050139009,0.212650910557625,1.19073321024635,0.233758336070867,0.276695742225986
"1500011K16Rik",1.3339474910119,0.376318605996879,0.210216097957976,1.79015122843783,0.0734296031711477,0.0985733646787684
"Bcl2l11",1.25951342864824,0.213883030250603,0.211961783629583,1.00906411801279,0.312943885073563,0.352137762466911
"Gm14005",1.18885613671068,0.147274799441965,0.213099370427336,0.691108561919393,0.489497320122451,NA
"Anapc1",1.20919508704557,0.13851785995472,0.214850318144602,0.644717965283593,0.519109971927661,0.540189398685829
"Tmem87b",1.18511226381559,0.0772533345346752,0.213219979601024,0.36231752145944,0.717114766175577,NA
"Zc3h6",27.207590177278,-6.52350843575097,0.280699424756817,-23.2401916797749,1.78756415098034e-119,1.59097781212573e-118
"Chchd5",1.22001547032969,0.196963639703021,0.21361063997328,0.92206848744828,0.356492852991364,0.392000127749348
"Slc20a1",1.20378288849541,-0.00278961238921295,0.211042406696054,-0.013218255197547,0.989453665371275,NA
"Gm14023",130.184716873834,-8.89374760979988,0.245611663505025,-36.2106077654489,4.14523569799631e-287,1.78091607765767e-285
"Il1b",1.84731370685074,1.25064967332839,0.228320231704741,5.47761214146677,4.31103792987554e-08,7.71332236296498e-08
"Sirpa",1.58079714203346,0.893698274471367,0.208177490710759,4.29296304523656,1.76304359475576e-05,2.96300307940279e-05
"Stk35",4.57915462459978,-3.63803550327411,0.259631417070878,-14.0123084652769,1.31074090176267e-44,3.60678308234114e-44
"Snrpb",2.53387500615985,1.55320970947899,0.199911381059525,7.76949116777156,7.8802037354641e-15,1.5748339777612e-14
"Nop56",1.48869697308788,0.437640389268153,0.208137889561064,2.10264642440201,0.0354966885640402,0.0498031754614406
"Idh3b",1.44111665190682,0.45034128455717,0.209060328872947,2.15412119068681,0.0312306691282239,0.0441424949575637
"Vps16",1.24356437083273,0.145068851986076,0.210509138055094,0.689133276238625,0.490739401070709,0.512844779497317
"Ptpra",8.73527225032737,-4.33637784803125,0.237631751886469,-18.2483098895934,2.13410076569329e-74,8.00000430658453e-74
"4930473A02Rik",16.7091711500639,-5.86457584174134,0.292607229047453,-20.0424844623038,2.34752565956784e-89,1.16428351001845e-88
"Mrps26",1.42564550470164,0.450384240954893,0.209054354089651,2.15438823513692,0.031209738425759,0.0441204697582836
"Oxt",7.22248553411535,-4.54650888489262,0.287359926635568,-15.821652441673,2.20625337809252e-56,6.65317309858055e-56
"Ddrgk1",4.554366743287,-3.03383463403843,0.245042052450364,-12.3808734202998,3.31713060878636e-35,8.42189775187976e-35
"Itpa",2.47262065875513,-2.24394404145676,0.223186562516675,-10.0541180264341,8.81068147639688e-24,1.97728965205467e-23
"Slc4a11",17.7581156568192,-5.95697292077237,0.287396202380445,-20.7273891284295,1.96146618560075e-95,1.10273058576585e-94
"4930402H24Rik",19.1861725030231,-5.99907929648068,0.278985618697742,-21.5031847321857,1.45362312636598e-102,9.42012752281863e-102
"Atrn",1.24195007091783,-0.337360514166342,0.199478993069571,-1.69120822686669,0.0907970403097108,0.119490873671169
"Gfra4",63.3010765394977,-7.8431903568796,0.258567138302434,-30.3332836816478,4.17459982735607e-202,1.05018848668909e-200
"Adam33",2.79965069507856,-2.82805915621792,0.242355555922301,-11.6690502326449,1.8345992366644e-31,4.50240151170107e-31
"Hspa12b",1.19329243769346,0.187426589115581,0.213685030290339,0.877116140802754,0.38042355853207,NA
"1700037H04Rik",7.66062117183588,-4.44619844091966,0.275037513654132,-16.1657891021764,8.79050933140729e-59,2.70317871634439e-58
"Spef1",3.58786516574133,-3.26019422689713,0.247520303658206,-13.1714214095302,1.2816182201981e-39,3.39855072869398e-39
"Cenpb",1.27816154245153,0.321404206463856,0.209794510788998,1.53199530938686,0.125523592256638,0.160242883731879
"Cdc25b",1.22439206817015,0.215940121129942,0.213162409189649,1.01303096521967,0.311045370606402,0.351037806053935
"2310035K24Rik",1.18500986500624,0.128489392009913,0.214965737786749,0.597720331308692,0.550026557084372,NA
"Mavs",1.20860881916746,0.196964789803227,0.213527430693887,0.92243319353941,0.356302662312942,0.392000127749348
"Pank2",1.37681400118735,0.426068229988634,0.209408099979909,2.03463108652201,0.0418880070051316,0.058440571045513
"Prnd",1.26015143335883,-0.528138569561913,0.197891803429072,-2.66882488516615,0.00761171239684444,0.0113946483256461
"Rassf2",1.24042787625829,0.196958889394956,0.213657243444359,0.921845130171067,0.356609363223397,0.392000127749348
"Slc23a2",1.74991762273467,-1.54713064744393,0.218747866753718,-7.07266621797873,1.51984761992773e-12,2.93565386716846e-12
"5730494N06Rik",1.98887813639614,-1.60073362051441,0.222490749139954,-7.19460753627782,6.26406809134082e-13,1.21713885861899e-12
"Pcna",13.3521123375308,-4.84783284619304,0.28357142399674,-17.0956324789933,1.59951254919968e-65,5.27945337137043e-65
"Cds2",1.55728042304495,-0.766137616294576,0.204603425197327,-3.7445004430189,0.000180753058109717,0.000294026476576105
"Prokr2",8.95234434338028,-4.89400264257963,0.274455904372122,-17.8316536996197,4.01371651041829e-71,1.43160916873136e-70
"4921508D12Rik",13.8098267088392,-5.57296181958145,0.286208104901542,-19.4717121008806,1.90786976163943e-84,8.55223714534807e-84
"1700026D11Rik",1.48789512337297,-1.18695991787116,0.192907496047462,-6.15300049086289,7.60305700089735e-10,1.40165839818768e-09
"Gpcpd1",2.76291186840078,-1.44505644383647,0.220610472384855,-6.55026222560991,5.74361389533332e-11,1.08139457289955e-10
"AU019990",6.83018064531016,-4.4424364187013,0.265839913441347,-16.7109459267916,1.09091210274033e-62,3.50326741083021e-62
"1110034G24Rik",14.2438497721954,-5.40136197186177,0.283612558847297,-19.0448617431289,7.24771418001243e-81,3.04246626615721e-80
"Chgb",3.14202940504879,-3.06387052332667,0.238913099657781,-12.8242048163762,1.20011500625784e-37,3.11904422836243e-37
"Trmt6",8.6054095953112,-4.65757252496673,0.270091567607914,-17.2444203505384,1.23242594299344e-66,4.11992534257174e-66
"Mcm8",4.77062875524834,-3.81719323302713,0.246359651242834,-15.4943929079708,3.7851928271069e-54,1.12169778924201e-53
"Crls1",4.29036427165932,-3.56727545118886,0.25182995494208,-14.1654135307665,1.49981428690315e-45,4.15995248545933e-45
"Lrrn4",536.634409317917,-10.9444836794403,0.197358028913885,-55.4549705409544,0,0
"Fermt1",2.91881959932904,-2.91701219987128,0.250731887130795,-11.6339897300322,2.76848577374602e-31,6.78633281941968e-31
"Hao1",104.458357688768,-8.57375962317187,0.186281344317413,-46.0258629471917,0,0
"Tmx4",1.18892287094025,0.107733866144698,0.213989755803394,0.503453381402427,0.61464554870529,NA
"Plcb1",19.0022879294798,-5.91349150672252,0.289872274410822,-20.4003350052776,1.6607397561971e-92,8.78324369538889e-92
"4930545L23Rik",18.9216334902685,-6.05311418801086,0.293881014326103,-20.5971597106782,2.91018519113385e-94,1.60159901926396e-93
"Mir3963",19.7274089320349,-6.11612150202699,0.300915248517254,-20.3250633929782,7.71892625312068e-92,4.029279504129e-91
"Snap25",15.3201339622465,-5.73205990569395,0.28560291284977,-20.0700330696875,1.34914767805723e-89,6.73928313823805e-89
"Mkks",1.5515128695614,-0.657407476305928,0.205738544864997,-3.19535397092126,0.00139659437882188,0.00218794197402468
"2210009G21Rik",1.19594695456692,-0.202981262532962,0.205706380561153,-0.986752389397173,0.323764040154311,NA
"Btbd3",2.08753581484152,-2.00245694468436,0.225432930776026,-8.88271708038014,6.5246754916801e-19,1.37611337642707e-18
"Mir1952",2.25404018953404,-2.35200805061811,0.2339736278235,-10.0524493828525,8.9611895812277e-24,2.01063441280931e-23
"Sptlc3",2.37147109617466,-2.46723412370301,0.234124701569239,-10.5381196736875,5.76398030946975e-26,1.32985534653844e-25
"Ism1",11.2674952359458,-5.10826945929376,0.262665008283025,-19.4478491546523,3.03914093381122e-84,1.35476649654095e-83
"Tasp1",5.18143903263837,-3.9377179538792,0.260813386181036,-15.097836853918,1.67333418366413e-51,4.85941832474367e-51
"Esf1",1.37966192892078,-0.0905134488703131,0.198464369472073,-0.45606901183867,0.648340352806651,0.663543757251007
"2310003L22Rik",1.67281154303386,-1.4020579852985,0.217829258383289,-6.43649983342209,1.22259969675649e-10,2.28744459393151e-10
"Kif16b",2.48237107264092,-2.51581609655378,0.233405329181176,-10.7787431648612,4.3377190314636e-27,1.0146938536518e-26
"Snrpb2",2.10223495180509,-1.15890759148491,0.20310040000092,-5.706082270048,1.15606137328043e-08,2.08883363396464e-08
"Otor",3.59763867034183,-3.32890198852953,0.259022084613505,-12.851807572689,8.40236638123734e-38,2.18700336624577e-37
"Pcsk2",429.563276136936,-10.6228512456513,0.181144994313152,-58.6428086844464,0,0
"Dstn",1.75288923741373,1.1067004881765,0.204553418439103,5.41032507117927,6.29104481655109e-08,1.12347772639058e-07
"Rrbp1",1.82049914110219,0.873839408229944,0.203402124804596,4.29611740324456,1.73815552738914e-05,2.92211653879914e-05
"Snx5",1.82182442941986,0.791000403607304,0.206206807956936,3.83595678263201,0.000125076402760852,0.000204533990297453
"8430406I07Rik",77.7064472010375,-8.10086666664362,0.312432993110678,-25.9283329394534,3.19235729118255e-148,4.31154076584034e-147
"Csrp2bp",57.4817263686785,-7.66015596006375,0.292640654608923,-26.1759801292837,4.98928914950221e-151,6.97298242581031e-150
"Zfp133-ps",13.7614032025881,-5.567355235514,0.289356370476108,-19.2404792275818,1.69632848151021e-82,7.29994614466884e-82
"LOC171588",3.78494597628213,-3.42338335577925,0.2529124949282,-13.5358411483431,9.60763679986107e-42,2.58315035257661e-41
"6330439K17Rik",3.33534282229238,-3.18150414918436,0.251503696523383,-12.6499299738466,1.11974580754835e-36,2.88788197401303e-36
"Sec23b",26.1555136869551,-6.28777216712653,0.26007464155708,-24.1767983586609,3.90320972789448e-129,4.05064707348095e-128
"Gm561",142.221682760056,-8.71475621749746,0.222145285922042,-39.2299849232711,0,0
"Dtd1",1.27193140704696,0.204619953787781,0.212076247570687,0.96484144797771,0.334624232193837,0.371681739538341
"Rin2",1.19694381609153,0.196985031951672,0.21346839212296,0.922783134274076,0.356120231764308,NA
"Naa20",1.39256025993736,0.505304490781734,0.207933807490452,2.43012185887539,0.0150937470830814,0.0220451482299062
"Crnkl1",1.27210540422863,0.223240496768492,0.211682037681622,1.05460292811549,0.291606964057326,0.332646056026932
"4930529M08Rik",12.7123107243518,-5.44501860775614,0.275672340232136,-19.7517770668288,7.74442023655819e-87,3.65019175032359e-86
"Insm1",15.6341609045662,-5.76308984399328,0.281570498493436,-20.4676621834642,4.18206649262046e-93,2.23901406066449e-92
"Ralgapa2",1.1929450544135,0.107729946764925,0.213991187065083,0.503431698484668,0.61466078996496,NA
"4933406D12Rik",3.6639613843501,-3.36204192848237,0.2429422845358,-13.8388503874752,1.48563553800439e-43,4.04961749785009e-43
"Plk1s1",1.25098743776163,-0.252890074959229,0.20222920023932,-1.2505121647119,0.21111251438568,0.254593352222075
"Xrn2",1.5615297044405,0.28430494065946,0.199907522807541,1.42218230042884,0.154973335613761,0.193670292531442
"A530006G24Rik",7.49351714155591,-4.60704901377422,0.272380813122637,-16.9139997819888,3.54789037281706e-64,1.15605416642354e-63
"Sstr4",1.48430487585729,-1.17804198295508,0.176461409352398,-6.67591847576432,2.45688525145773e-11,4.64840196180114e-11
"Thbd",4979.19006344708,-12.9498159756604,0.208823587413905,-62.0131860391462,0,0
"Cd93",1.44477089209053,0.699954875447701,0.207688493555739,3.37021499585314,0.000751095572675491,0.00119116478485981
"Nxt1",1.31450930249448,0.359376084028837,0.210499641485368,1.70725271308273,0.0877750911246247,0.116069911506154
"Cst8",58.7299813661605,-7.73350716088749,0.283103162838645,-27.3169225074861,2.67030911394187e-164,4.47480371581912e-163
"Cst3",10.1602767813337,4.1209186644041,0.287054445430637,14.3558782314691,9.78777253989088e-47,2.73585931235504e-46
"Tmem90b",30.4716782973794,-6.76666917370197,0.244804349820712,-27.6411312897736,3.56735799156888e-168,6.30172883789833e-167
"Zfp120",1.23983068146813,0.00819696084897945,0.209670572567552,0.0390944744825291,0.96881506632738,0.970395211787186
"Zfp937",2.56261117724436,-2.53711960290188,0.241680181382403,-10.4978388728014,8.83803268168013e-26,2.03370203210801e-25
"Cst7",17.3068444113982,-5.63966434399455,0.287890946662604,-19.5895856030651,1.89728199880399e-85,8.67613844393942e-85
"2310001A20Rik",24.9389622048037,-6.23577639687328,0.302049716910508,-20.6448675425206,1.08559700293895e-94,6.02532307851285e-94
"Acss1",1.23622535652673,0.243956504754249,0.212601703170027,1.1474814223814,0.251182706828207,0.294845275205982
"E130215H24Rik",3.14169217006203,-3.01914088388222,0.246712668016832,-12.2374781487761,1.96029171884996e-34,4.94215057831288e-34
"Vsx1",35.174160065596,-6.97929718835397,0.305579029831624,-22.8395816041422,1.85493089869475e-115,1.53572391612793e-114
"Entpd6",1.17772849309718,0.0878983633061232,0.21591102532102,0.407104561591676,0.683931193223379,NA
"Pygb",36.1223286379981,-6.82624790153739,0.302705083730494,-22.5508201494725,1.31819856241968e-112,1.04574414830255e-111
"Abhd12",1.46019793453685,0.442273527357588,0.197703596388988,2.23705352576086,0.0252828419136502,0.0361134039647706
"Gins1",24.0972069748913,-6.39534893376918,0.30141616173673,-21.2176709335021,6.55937006840405e-100,4.06408448155124e-99
"Ninl",2.83224918645448,-2.85425282389659,0.244597637526251,-11.6691757645871,1.83189437032559e-31,4.49682041528314e-31
"Nanp",1.1973013371884,0.0671342023322425,0.212084326378139,0.316544854958044,0.751588984718404,NA
"Nsfl1c",1.33840809987342,0.384812653286889,0.210108818463119,1.83149215773842,0.0670271171702791,0.0907998862096847
"Fkbp1a",2.51703061621465,1.75049695094594,0.208809805677718,8.38321239399887,5.15024207307631e-17,1.06345979515262e-16
"Psmf1",1.22091076682023,0.168041332585657,0.214214410101886,0.784453914681707,0.432773813383817,0.461156984598221
"Fam110a",1.19258841738719,0.177724023542331,0.213872405307809,0.830981553167401,0.405984050414949,NA
"Srxn1",1.19209698747932,-0.135839225125014,0.2064340117197,-0.658027347302923,0.510520558647867,NA
"Csnk2a1",1.72619237615215,0.847055937123326,0.204162934055239,4.14892125763701,3.34045680200242e-05,5.57098546532032e-05
"Rbck1",1.40777640595203,0.37663094868168,0.207791725583165,1.81254064676863,0.0699026993158348,0.0942005347967992
"6820408C15Rik",9.95315252361193,-5.06246678404869,0.279813997901248,-18.092257077987,3.66754042166331e-73,1.34631230668653e-72
"Defb20",27.2845694036168,-6.60236859908036,0.279886095217678,-23.5894841219084,4.94167544575781e-123,4.68158726440214e-122
"Defb26",1.44416387431337,-1.08354318442462,0.203095280819208,-5.33514703076319,9.54671674617014e-08,1.6979169136289e-07
"Defb21",1330.85574269701,-12.2562425663936,0.175799096007463,-69.717324177101,0,0
"Defb45",12.3837486864074,-5.40477771427678,0.286849180889873,-18.8418795462825,3.42581480261263e-79,1.39328034823825e-78
"Rem1",1.25017933476049,-0.132800297688754,0.201763854211985,-0.658196673568825,0.510411762017965,0.532550349337153
"H13",2.37719878652568,-0.997164714158523,0.210722211759468,-4.73212911838999,2.22177005653865e-06,3.83393047772951e-06
"Mcts2",1.97464723080856,-2.0117697352136,0.230379687134527,-8.73240935533893,2.49304033783903e-18,5.21276609794501e-18
"Id1",1.68777234997471,1.06647686889388,0.21264099725072,5.01538688532589,5.2926855454923e-07,9.26641574625853e-07
"Bcl2l1",2.76114949571646,-2.55121209474447,0.238324242319406,-10.7047947364301,9.66446089453795e-27,2.25015548035183e-26
"Tpx2",6.78884504760352,-4.40888167393403,0.26435982494171,-16.6775782776607,1.90798378702402e-62,6.11210516616471e-62
"Foxs1",15.623683538381,-5.74039073574975,0.292697213777516,-19.6120443432479,1.22027080596641e-85,5.60229868702256e-85
"Dusp15",4.60234806898999,-3.77981661744435,0.23815886366719,-15.8709886302043,1.00643020034548e-56,3.04201832414788e-56
"Pdrg1",87.5848126609471,-7.85045976170156,0.249420954673334,-31.4747402518095,1.92580612482507e-217,5.47831497089202e-216
"Xkr7",5.02737416146287,-3.93516661912535,0.272566117491682,-14.4374754108806,3.00654418840242e-47,8.42639498709295e-47
"BC020535",2.14513023437776,-2.13253114415228,0.236914999479064,-9.00125002149024,2.23162096646801e-19,4.73924387508667e-19
"Hck",1.83185723441999,-0.205040653994169,0.199482257922214,-1.02786411247723,0.304013752912629,0.346042693023098
"Tm9sf4",6.38956796284958,-4.1378856311567,0.267189420295199,-15.4867121107754,4.26553840649967e-54,1.26332541741437e-53
"Tspyl3",1.18877994578823,-0.0337151570042162,0.211811974193051,-0.159174933960472,0.873531051862757,NA
"Plagl2",1.22439466181378,0.206485902026179,0.213386611939377,0.96766099873614,0.333213702252365,0.371194373059014
"Pofut1",9.31135996349138,-4.82668281635527,0.272124741336879,-17.7370230749436,2.17138122543008e-70,7.64045163245367e-70
"Kif3b",1.28200908282297,-0.257058764331266,0.199856811470952,-1.28621467759495,0.198368149989376,0.241286669682988
"Asxl1",1.19281111633692,0.0570544976610667,0.212305689189007,0.268737488284044,0.788131701142253,NA
"8430427H17Rik",5.41708441327585,-3.96086789548345,0.262410956225839,-15.0941407037693,1.76978475960914e-51,5.13808478596201e-51
"Commd7",89.6366439345474,-7.94282262407048,0.265156091852354,-29.9552711332511,3.75662513256589e-197,9.07851073703423e-196
"Dnmt3b",47.8487984097849,-7.42231255799657,0.275837754611725,-26.9082547037275,1.75829282339186e-159,2.7603875302573e-158
"Mapre1",20.3259626230242,-5.50224059082605,0.28072650026937,-19.6000042231367,1.54611083989133e-85,7.08888764535156e-85
"Efcab8",26.3348588464329,-6.54943505573519,0.296505232652408,-22.0887671935728,4.05306048530826e-108,2.93439330559073e-107
"Sun5",8.17818544085887,-4.74879593853447,0.269121659915014,-17.645536000462,1.10124414407529e-69,3.83360749054554e-69
"Bpifb3",5.84095252224998,-4.19214720539054,0.272081509513471,-15.4076887212469,1.45316969549995e-53,4.28440881700634e-53
"Bpifb4",29.0450200503646,-6.6953824688493,0.249016026414418,-26.8873556664449,3.08717499344969e-159,4.82486630712796e-158
"Bpifa2",16.9940918181603,-5.89031522104214,0.287248316289014,-20.5060043419562,1.90300336151628e-93,1.02673669737623e-92
"Bpifa5",14.60699712581,-5.65897710403824,0.27631824395304,-20.47992569394,3.25154007333219e-93,1.74440279370956e-92
"Bpifb5",3.90736044734046,-3.48284754143737,0.252442799560857,-13.796581037352,2.67229151992913e-43,7.27286847446822e-43
"Bpifb9a",21.2512427122716,-6.22829307756324,0.277063916405733,-22.4796254898906,6.56911696587212e-112,5.09900231403011e-111
"Cdk5rap1",23.0266666892761,-6.32552522522123,0.263402544040822,-24.0146702009108,1.95410363393407e-127,1.97682576921237e-126
"Cbfa2t2",3.53308376716311,-3.1709181176286,0.255323471198727,-12.4192190508039,2.05558224300961e-35,5.23166226646035e-35
"Necab3",15.6575978336858,-5.75438363366964,0.285206779502771,-20.1761810981556,1.58531129017617e-90,8.11306366148983e-90
"1700007I08Rik",22.7748145720498,-6.33217521033488,0.299831192376775,-21.1191342706523,5.30583725463175e-99,3.23935327124886e-98
"E2f1",2.89217326803141,-2.76768699988346,0.246349406335655,-11.2348027992096,2.75107435151425e-29,6.60865536811062e-29
"Pxmp4",1.37821190234443,-0.315672180360303,0.193086711487983,-1.63487263275469,0.10207575059469,0.133109022759002
"Zfp341",20.997517793332,-6.17747152630809,0.25385432210776,-24.3347108491845,8.41650283033516e-131,8.98448768391607e-130
"Chmp4b",2.9225214008104,-1.45592834968188,0.217908316934597,-6.68138036291134,2.36701974334446e-11,4.48000110959321e-11
"Raly",1.99126517888505,1.11752297257651,0.202488444136086,5.51894690753541,3.41037202524175e-08,6.11022549228142e-08
"Eif2s2",31.1174941351824,-5.82509487591798,0.27089091051218,-21.5034711386378,1.44467906081979e-102,9.36798099065753e-102
"Ahcy",1.25156938561424,0.215924695694851,0.21325623065613,1.0125129522852,0.311292856934234,0.351037806053935
"Itch",1.32241124701888,0.121569171486066,0.203761332228758,0.596625327074242,0.550757557794042,0.569356744106423
"Dynlrb1",39.5262201102594,-6.01194358119376,0.255576459050429,-23.5230725221353,2.36869382013803e-122,2.20993418071859e-121
"Map1lc3a",1.44290245294983,0.679356723975326,0.206024141002445,3.2974617472972,0.000975629631854824,0.00154000201943822
"Pigu",1.2506665102093,-0.125538035285305,0.2027948144502,-0.619039671333078,0.535890224688438,0.556132598980844
"Mir695",10.6271802407695,-5.16563013918382,0.27594138828078,-18.7200266381483,3.39981104840346e-78,1.35473386814245e-77
"Trp53inp2",29.509100093751,-6.54587819453709,0.254669429249365,-25.703431361318,1.07006866742707e-145,1.40522225005517e-144
"Ncoa6",1.22010491978585,0.196919245419671,0.213611384000695,0.921857448473018,0.356602936981731,0.392000127749348
"Ggt7",1.51122206108073,-1.2446520166867,0.20938743504755,-5.94425361007954,2.7771934982695e-09,5.07241079809895e-09
"Acss2",1.61051525723082,-1.35993919592502,0.220041595513604,-6.18037327329296,6.39502134854682e-10,1.18103702244523e-09
"4930471I20Rik",2.39619522597499,-2.49118146566777,0.228532342439656,-10.9007829660941,1.14269719417443e-27,2.69173256028452e-27
"Trpc4ap",2.15143956437666,-1.54333434093521,0.221522093030456,-6.96695449118485,3.23875378214353e-12,6.2258496567075e-12
"Edem2",11.2459041162146,-4.97134692487457,0.277448312066248,-17.9181011693721,8.5186538943782e-72,3.06460188343585e-71
"Procr",73.5817858702257,-7.98983567133551,0.272865378842892,-29.2812364295429,1.79803220054584e-188,3.97700342663105e-187
"Mmp24",30.9472162801455,-6.78961976453469,0.298582722507436,-22.7394931210917,1.82322642229729e-114,1.49056255667844e-113
"BC029722",2.08329930994193,-1.78182403332538,0.219018822567165,-8.13548357369586,4.10297268976672e-16,8.36295097250381e-16
"Eif6",1.70202368303762,0.529430428594821,0.193193951074393,2.74040892921618,0.00613627849146013,0.00924693236877075
"Fam83c",28.3765003598438,-6.66074312907867,0.270018749786606,-24.6677059809462,2.37647973593317e-134,2.66492464480583e-133
"Uqcc",17.056087958107,-5.80964162974613,0.284316440051478,-20.4337168427343,8.3868344024453e-93,4.46044580547779e-92
"Cep250",1.21270913118146,0.0772629324601276,0.213349181114061,0.362143093574009,0.717245102033402,0.730224972351964
"6430550D23Rik",9.6053921333707,-5.00551800646711,0.266719261921709,-18.7669910691954,1.40628300075373e-78,5.63809313666244e-78
"Ergic3",1.54181136037293,0.739659181535702,0.204667923031265,3.61394775781602,0.00030156985169438,0.000486914514644189
"Spag4",38.8946782702919,-7.12783925094602,0.298931758724677,-23.8443693013927,1.15843771398961e-125,1.14310867051527e-124
"Cpne1",1.29041328621208,0.307192304077474,0.211503248819219,1.4524235717062,0.146383866048989,0.183714983016129
"Nfs1",23.5845462576403,-6.16984625549559,0.294482371624352,-20.9514960826449,1.81828419619442e-97,1.06885625046564e-96
"Romo1",6.80630349582806,-3.34465412820396,0.258013506443991,-12.9630970653469,1.98085372566498e-38,5.19862063749181e-38
"Rbm39",11.0306158951402,-3.96131194798221,0.26664970341414,-14.8558648191324,6.37400449363252e-50,1.82764644090974e-49
"Phf20",1.37179547475356,-0.364692108450354,0.2004418644457,-1.81944081122409,0.0688442051631724,0.0928356370322294
"Scand1",2.19141685103223,1.31466166008659,0.201978380881019,6.50892265970301,7.5691677621645e-11,1.42279638885483e-10
"4921517L17Rik",61.0083568850176,-7.7571586709939,0.24601809205676,-31.5308463948425,3.28265351026776e-218,9.41508314483391e-217
"2900097C17Rik",7.89269859870475,-4.31867580941905,0.273193763999426,-15.8081053761832,2.73570961420136e-56,8.23552721230168e-56
"0610011L14Rik",1.20097355681056,0.148430223743488,0.214590639308977,0.691690113890625,0.489131956727769,NA
"Dlgap4",18.3550798772133,-5.68757513726,0.261640380688013,-21.7381396644657,8.94515421749842e-105,6.04449255862029e-104
"4930405A21Rik",2.59080001702972,-2.66079437633581,0.233419681133394,-11.3991860644143,4.2204635700476e-30,1.02065415036592e-29
"Tgif2",2.96845427061702,-2.93179663525355,0.255289018851961,-11.4842254024003,1.58348307635321e-30,3.84723372518677e-30
"1110008F13Rik",1.68974328974848,0.803514677971878,0.204887031991483,3.92174492529757,8.7910027482564e-05,0.000144623493053572
"Sla2",1.19722581932535,0.148427941612412,0.214550364178541,0.691809320299714,0.489057082755364,NA
"Ndrg3",1.26372721331545,0.221150956021033,0.21029390787501,1.05162797275362,0.292970268712812,0.33390934556351
"Samhd1",2.10287773937625,0.497092220052023,0.193913302165191,2.56347663879479,0.0103629674507104,0.0153155974214916
"Rbl1",1.51835083302256,-1.02822444918731,0.206173979667019,-4.98716885054041,6.12705139057727e-07,1.07146426327683e-06
"Rpn2",3.92220753751188,-2.33024372871884,0.241743435233523,-9.63932578548757,5.45450384842319e-22,1.19758191750869e-21
"Manbal",1.26337940751734,0.280462717510845,0.211862596496514,1.32379533786871,0.185571024921858,0.227031556315038
"Src",41.0201180431905,-7.1850417694564,0.286236281474617,-25.1017856032816,4.754999311893e-139,5.72574311605108e-138
"Blcap",30.3427760689657,-6.64559573116074,0.291152822946089,-22.8251117880841,2.58276010312795e-115,2.1366097842041e-114
"Ctnnbl1",1.31000720331919,0.333515169796483,0.210970690519453,1.58086020847399,0.113910004311685,0.147046970803584
"Rprd1b",1.21271832722435,0.137501372156572,0.213372907255496,0.644418140640159,0.519304324217562,0.540189398685829
"2010009K17Rik",27.6873405939623,-6.62413180088972,0.293877627940295,-22.5404425893743,1.66644601073456e-112,1.31800729939915e-111
"Tgm2",18.4091903680313,-5.3375244521575,0.287765994532498,-18.5481417317178,8.44204419396925e-77,3.30217090239936e-76
"1700060C20Rik",12.5134689876497,-5.42059561905846,0.285361997840779,-18.9955062694891,1.85787243512263e-80,7.72756502895627e-80
"Bpi",13.2391472521671,-5.50732879043015,0.28891741696103,-19.0619480416198,5.22911519889422e-81,2.19951501516743e-80
"9430008C03Rik",2.13628578432497,-2.16249388190313,0.22646372505818,-9.54896366447901,1.31000116163975e-21,2.86057563846873e-21
"Snhg11",15.8859046189341,-5.78751406129678,0.287729526202261,-20.1144252996421,5.51747687142952e-90,2.79216958495997e-89
"Ralgapb",3.3281113579191,-3.05441657413383,0.247310658275794,-12.3505254299539,4.83943206497653e-35,1.22541039918397e-34
"Actr5",1.73568431550957,-1.52516284614378,0.206660023776542,-7.38005744058618,1.58221255723069e-13,3.10261064941555e-13
"Ppp1r16b",1.47316163360514,0.638086581068674,0.206881880887688,3.08430384686554,0.00204029102328084,0.00316361774588623
"9130015L21Rik",40.4584086452823,-7.18608765385022,0.241718311958179,-29.7291818548424,3.22306389601861e-194,7.52769285781528e-193
"Gm826",15.5379668741617,-5.75376864913392,0.259775147954088,-22.1490342492301,1.06579136499616e-108,7.81929855977508e-108
"Mafb",3.07507039808486,-2.78074650707192,0.24983094289028,-11.1305127975807,8.91213203763343e-29,2.12717554807711e-28
"Top1",2.29196192146845,-1.19696458002888,0.216407088409895,-5.53107843566436,3.18267961815333e-08,5.70717540596372e-08
"Lpin3",5.20002584649455,-3.97019095107112,0.261160301130946,-15.2021227341152,3.42345197868909e-52,9.98905496297209e-52
"Emilin3",62.9457023905446,-7.83496319237887,0.266210679018178,-29.4314383678195,2.17576328724773e-190,4.91665989585851e-189
"Chd6",4.14587926829772,-3.2975307153564,0.254329060803101,-12.9656072528389,1.91706158211514e-38,5.03373312808905e-38
"Ptprt",3.61622993694681,-3.33706877688099,0.256160985688606,-13.0272327298803,8.56582900131393e-39,2.25484757371955e-38
"Srsf6",1.67849665781073,0.715334737735703,0.198770263723817,3.59880157290343,0.000319686988014022,0.000515448981446547
"Ift52",1.21664779205724,0.16803040788251,0.214184093284139,0.784513944551424,0.432738602916818,0.461156984598221
"Gtsf1l",21.52285936706,-6.24734000896458,0.299879117969412,-20.832861091721,2.18039130947219e-96,1.24935704011469e-95
"3230401D17Rik",1.34146267719572,0.380644689103779,0.208840153932586,1.82266045076107,0.0683548338002199,0.0921995432654129
"Fitm2",2.75273487040075,-2.77628073064041,0.247710745583337,-11.2077525103019,3.73558370092484e-29,8.95716440919966e-29
"Hnf4a",1.62423659474292,-1.47910168355736,0.214415728742198,-6.89828909583287,5.26325550360328e-12,1.0078574368602e-11
"Ttpal",1.20876427703751,0.128512727731513,0.215092505331672,0.597476548675403,0.550189259633067,0.569195319323794
"Serinc3",106.296354243304,-6.5843186992957,0.205485908799919,-32.0426774650851,2.77659322494469e-225,8.47591616035747e-224
"Pkig",1.60986030221402,0.617081622114753,0.205997819633946,2.99557356097892,0.0027392922087285,0.00422051515040223
"Ada",3.89772659572364,-3.37832869743628,0.261441967467953,-12.9219066477932,3.38644480954495e-38,8.8674401333457e-38
"Wisp2",9.76921444754433,-4.7617537440585,0.283939643717756,-16.7703025956876,4.02454046147163e-63,1.29920230110587e-62
"Ywhab",2.40947217176113,0.25088910815874,0.194506344569464,1.28987621824922,0.197093639111017,0.23979228438632
"Tomm34",1.40872739557067,0.44229698936091,0.209166608495466,2.11456786789417,0.0344667946932551,0.0484754595982194
"Stk4",2.55406030717596,-1.8964196032472,0.231563613826279,-8.18962691033965,2.62037188979084e-16,5.35670306039091e-16
"Kcns1",38.3454955419929,-7.10692369710236,0.260454071152246,-27.2866677247985,6.10622855211844e-164,1.01835504926704e-162
"Slpi",9.61236740259536,-3.36739635703161,0.284313023160644,-11.8439750652187,2.31227946994639e-32,5.72178185973935e-32
"Matn4",2.33485114804787,-2.36172948204263,0.237080768250127,-9.96170840627162,2.24176851674531e-23,5.00621675183337e-23
"Sdc4",4.29436695927193,-3.28007787435518,0.256589484697701,-12.7833682593018,2.03080362959974e-37,5.26485967047958e-37
"Sys1",1.64358465417891,0.699675410843052,0.205666098153254,3.40199681486484,0.000668954174608877,0.00106364325052036
"Dbndd2",2.43590016870675,-2.03789081597199,0.232980566630191,-8.74704206212494,2.19018076753879e-18,4.5859380692148e-18
"Pigt",1.36913169282947,0.458270724291779,0.208825698976884,2.19451306298516,0.0281985458850454,0.0400643466303584
"Wfdc2",1.36201065738341,-0.746283392684422,0.205509459923385,-3.63138219020497,0.000281907340604746,0.00045544918537814
"Spinlw1",31.1344009569269,-6.79860258057516,0.293277150708345,-23.1814942424074,6.9991622532915e-119,6.16635054214036e-118
"Wfdc6b",74.8564802500407,-8.06717441017319,0.260188310764936,-31.0051377268112,4.59601704904729e-211,1.22404127530749e-209
"Wfdc9",14.2139801859332,-5.61723366288435,0.28332630132085,-19.8260226343165,1.77535704193421e-87,8.49048443325386e-87
"Wfdc10",18.6759971674848,-5.97995344721809,0.28487784081445,-20.9912902671606,7.87780960688262e-98,4.68095232190407e-97
"Wfdc11",3.45184698198997,-3.24864884927583,0.248687957869981,-13.0631530255852,5.34665777596846e-39,1.41028567915894e-38
"Wfdc3",14.8046116124983,-5.6797392499829,0.272419561546587,-20.8492342390456,1.54881290990726e-96,8.90887425864011e-96
"Dnttip1",1.20483509082102,0.118445776009214,0.21527186864107,0.550214836508444,0.582172028562338,NA
"Ube2c",20.3749280990584,-5.93624941570051,0.295151846177885,-20.1125267978937,5.7327770558077e-90,2.89551003689562e-89
"Acot8",7.01833248251804,-4.32444732843119,0.263049380201124,-16.4396788356801,9.94445266925466e-61,3.11865682988942e-60
"Zswim1",26.3576919592997,-6.53924148457692,0.2852910667407,-22.9212977443855,2.84958505977007e-116,2.40498528892478e-115
"Spata25",16.7860539250391,-5.87153685239396,0.286713199810236,-20.4787810825595,3.32884461512035e-93,1.78404198058811e-92
"Neurl2",15.3371718952405,-5.72145549560347,0.293726156963599,-19.4788763614012,1.65880137888019e-84,7.45175834574405e-84
"Ctsa",3.18566273687308,-1.85711970745787,0.234350224365683,-7.92454845086898,2.28976860142323e-15,4.61311929734822e-15
"Pltp",1.84677647222419,1.24684612440255,0.214870333927763,5.80278394699998,6.52228111730415e-09,1.18277948349236e-08
"Pcif1",7.88074655511933,-4.36023732897719,0.265394690517902,-16.4292560656298,1.1809887926956e-60,3.70033703353604e-60
"Zfp335",15.37224667113,-5.68156673169134,0.277942354260453,-20.4415291322145,7.14646675578165e-93,3.8085305222236e-92
"Mmp9",1.91713915112444,-1.24729349265121,0.209047451797151,-5.9665567885588,2.42312429186859e-09,4.43037085938846e-09
"Slc12a5",12.1154513269537,-5.35935049504029,0.281545604561938,-19.0354614250824,8.67253149368126e-81,3.63181824284125e-80
"Ncoa5",2.97046275455847,-2.74465756274588,0.244503846795983,-11.2254166906259,3.05940844590473e-29,7.34595772199757e-29
"Cd40",1.653422062244,-1.23865879795599,0.213039263438104,-5.81422775297885,6.09144333742048e-09,1.10503333523319e-08
"Slc35c2",1.7234507929611,-1.10755334535827,0.207372126903148,-5.34089784339991,9.24873665332734e-08,1.64604177737363e-07
"Elmo2",8.00538031557805,-4.38761054070803,0.277335381576893,-15.8205942413862,2.24365010616011e-56,6.76399281210267e-56
"2810408M09Rik",1.44536997333523,-0.94239017188398,0.211321921448746,-4.45950029899073,8.21509587826859e-06,1.39569733066109e-05
"Slc2a10",4.02854681455686,-3.53897925745509,0.264759270097449,-13.3667812883474,9.45442780694627e-41,2.52634313551367e-40
"Eya2",23.1846163288884,-6.34814604743859,0.258283490795194,-24.5782106626101,2.16040873173142e-133,2.3968828011983e-132
"Zmynd8",2.29281063923004,-1.9083828690129,0.22545973385161,-8.46440664331187,2.57460052893405e-17,5.33521824574661e-17
"Ncoa3",17.289890161824,-5.48321137514572,0.279093735613346,-19.6464867371374,6.19556274783613e-86,2.86709552692417e-85
"Sulf2",1.33032997262486,-0.0424187054389,0.198053571831497,-0.214177937043164,0.830408300568796,0.838844959645692
"Gm11468",3.38524114823056,-3.21118955271671,0.256820687149011,-12.5036249546889,7.1323287674648e-36,1.82280323946959e-35
"5031425F14Rik",2.34795132185416,-2.40154812480888,0.235172475942045,-10.2118588290949,1.75470570860135e-24,3.96689640489348e-24
"Prex1",8.42534304968987,-4.37808686010671,0.273915674616728,-15.9833381796521,1.66960260620505e-57,5.08034136076385e-57
"Trp53rk",15.003341848344,-5.67524810965444,0.288509016674059,-19.6709557818292,3.82502456245661e-86,1.78512545516527e-85
"Arfgef2",1.21181642817986,-0.0498693609302687,0.208358773506697,-0.239343705527552,0.810839077923096,0.820824199894999
"Cse1l",21.2338482846571,-6.08038504939672,0.27590834861393,-22.0376986776316,1.25348662912557e-107,8.99408962754017e-107
"Stau1",1.20896847131128,0.16804133049744,0.214157159623923,0.78466361242619,0.432650822578158,0.461156984598221
"Ddx27",37.9877059236531,-6.91695857322409,0.273841032419114,-25.2590289779425,9.01319281307106e-141,1.11622459037321e-139
"Znfx1",8.83475120224657,-4.71958640172717,0.271186462405777,-17.4034734619799,7.76484177513105e-68,2.63625847584937e-67
"1500012F01Rik",2.39561055692554,-1.49880080265996,0.216277706553573,-6.92998287499732,4.2089156776127e-12,8.07146944788328e-12
"Ptgis",1.48254171314738,-0.283470297101433,0.201713601467165,-1.40531077249928,0.159928886405332,0.198626882473431
"B4galt5",1.30202867206823,0.376323073749695,0.210161062411236,1.7906412797501,0.0733508782787157,0.098570756945393
"Spata2",1.56055908910107,-1.13596491122831,0.203163702512882,-5.59137728431725,2.25275481676632e-08,4.04867624152873e-08
"Rnf114",1.40864075225171,0.528270293670952,0.20772148044068,2.54316641952594,0.010985289389376,0.0162123863761784
"Ube2v1",1.57369500609437,0.699790911042567,0.205277552907605,3.40899870020148,0.00065201790365246,0.00103797909639093
"Tmem189",1.21945890253761,-0.0666863701264278,0.206155646955306,-0.323475835424897,0.74633490520558,0.758615169929535
"Cebpb",4.61885976510492,2.92061841489781,0.260380367910497,11.2167381832018,3.37489890677101e-29,8.09417518646665e-29
"Ptpn1",1.72577201044619,0.853469526489981,0.202690745029868,4.21069805808952,2.5458281897887e-05,4.25663778049232e-05
"Adnp",1.21272784558491,0.156980707396148,0.212926903122287,0.737251634688886,0.460969338368032,0.485794724132015
"Dpm1",1.4286399319823,0.482104793934156,0.208444732159558,2.31286628805336,0.0207299918343819,0.029847071404075
"Mocs3",1.22520233327283,0.148462345387609,0.214663379977733,0.691605365586851,0.489185191195746,0.512050895553324
"Kcng1",3.41120538866861,-3.22484526291759,0.255409227385648,-12.6261893351579,1.51436013365498e-36,3.89887047974303e-36
"Mir1935",4.63579819617837,-3.79284655603491,0.251811518770071,-15.0622440727112,2.86881392244705e-51,8.31494096345007e-51
"Sall4",4.30376141229842,-3.66092317779568,0.267027965836414,-13.7098867765724,8.85959823742696e-43,2.39808674095767e-42
"Zfp217",2.85034708370549,-2.65091202996444,0.240496257531435,-11.0226747691404,2.97097321574199e-28,7.05091165545496e-28
"1700040N02Rik",13.0818866808422,-5.4893096500076,0.273357409830035,-20.0810713469251,1.08039464992386e-89,5.40715251447989e-89
"Pfdn4",200.503060801478,-9.20420327074619,0.245218790979626,-37.5346572502714,0,0
"4930470P17Rik",1.43922148601237,-1.07822489488773,0.209631384115245,-5.14343259926659,2.69763464497268e-07,4.7460912864029e-07
"2010011I20Rik",1.20450505774453,0.0769735785644041,0.210543264327917,0.365595065746293,0.714667257558518,NA
"Aurka",1.23384961448688,-0.215927029182139,0.201295035240529,-1.07268929372314,0.283410545596131,0.32690377814867
"Cstf1",1.22699657733658,-0.195857508828207,0.203883169626184,-0.960635981809133,0.336735230200716,0.373633308884629
"2410001C21Rik",1.42506277073768,0.38094320996948,0.20621407212294,1.84731917685215,0.0647008952251729,0.0878955557775934
"Rae1",1.53923099029547,-0.718644418578309,0.203149529210558,-3.5375145656058,0.000403911906743836,0.000648445380040851
"Rbm38",9.28775413011292,-4.56165732496766,0.273879001290257,-16.6557395911241,2.74924428594373e-62,8.78815381054886e-62
"Zbp1",1.83964522982269,-0.872880335412177,0.202684832780746,-4.30658931621397,1.65791004755522e-05,2.78990665642755e-05
"Pmepa1",18.4197551294204,-5.7978205316593,0.283677616467585,-20.4380613594227,7.67269172378996e-93,4.08479865356283e-92
"Rab22a",1.32659038500421,-0.199775814224411,0.199875512530602,-0.999501197996052,0.317551959030634,0.356861404981681
"1700010B08Rik",8.49613931054556,-4.81002964791788,0.278023818107721,-17.3007826475292,4.64041845290701e-67,1.55824923281921e-66
"Vapb",9.2711806688524,-4.52175039817918,0.259421854818508,-17.4301058842656,4.87556296614532e-68,1.65963082381993e-67
"Stx16",1.32228158490496,0.363985961281943,0.209034488962764,1.74127228041675,0.0816358626733807,0.108473769417092
"Npepl1",5.96764407663435,-3.96169336761301,0.264434052090688,-14.9817821732518,9.6591747180166e-51,2.78876615199373e-50
"Nespas",23.2054634766407,-6.36034898362204,0.290098518123915,-21.9247896361374,1.50733118735879e-106,1.05543511710434e-105
"Gnas",3.97713573549808,2.04674980951018,0.201117116040363,10.1769051277536,2.51430958363014e-24,5.67309099915683e-24
"Th1l",1.26269282361843,0.00993317885725458,0.207223149584247,0.0479346968578732,0.961768287069211,0.963800606695385
"Ctsz",2.34674317899529,1.48164644311764,0.207450993972563,7.14215157394524,9.18811965067047e-13,1.77999571632955e-12
"Atp5e",4.89340456313661,0.184595846780982,0.206858950782486,0.892375437865807,0.372191731845173,0.407432282737087
"Slmo2",4.39103249114709,-3.3051727705229,0.255363168344923,-12.9430285187351,2.57283514046339e-38,6.74376069958267e-38
"Zfp831",1.18167139906517,0.0566353032261573,0.216675088423719,0.261383547311189,0.793796743488866,NA
"Edn3",12.385929783762,-5.40487664473086,0.287998482049931,-18.767031708847,1.40520783306687e-78,5.63594689866236e-78
"Gm14430",65.3837655445392,-7.89052682916853,0.281651832885094,-28.0151801191638,1.06148564874763e-172,2.0075924226314e-171
"Gm14434",15.1148395882065,-5.71144794814252,0.29389485181497,-19.4336440834912,4.00866771755528e-84,1.78314831577661e-83
"Gm14308",2.66884195584876,-2.72555086008223,0.249695892090199,-10.9154813772334,9.72129255433183e-28,2.29252980047943e-27
"Gm14436",14.4249578187454,-5.63989070783735,0.292782886612984,-19.263047690668,1.09726140921561e-82,4.74344062617432e-82
"100043387",13.3842103536312,-5.4799875085206,0.29128312666696,-18.8132679404605,5.87988774197599e-79,2.37746041929626e-78
"Gm14295",24.0905203583325,-6.32052070979015,0.302687311820418,-20.8813533404402,7.91189256272637e-97,4.58126224929913e-96
"Gm14420",1.18160451546629,0.128539157510415,0.214967193822709,0.59794778554176,0.549874773622821,NA
"Gm14403",1.21128538762263,-0.22333966196499,0.203198202869191,-1.09912223046955,0.271714754545003,0.314423451882107
"Gm14322",1.62907365249204,-1.40087153285059,0.22032492138343,-6.35820734238528,2.04121828698221e-10,3.80337656899773e-10
"Gm14326",1.18121446512272,0.128497019888186,0.214951855658511,0.597794420032021,0.549977114353582,NA
"Etohi1",11.0380294805814,-5.1368976467357,0.270711186436391,-18.975564749862,2.71577405136879e-80,1.12510639270993e-79
"Ppp1r3d",1.30751061231685,-0.618816957697308,0.189861259691035,-3.25931134505438,0.00111683030397818,0.00175730344740501
"9030418K01Rik",3.24182530424194,-3.11313449235258,0.2496924397338,-12.467876463026,1.11764858092718e-35,2.85147878418371e-35
"Cdh26",30.0713168494314,-6.73625270186403,0.287573027937967,-23.424494119515,2.40595292848872e-121,2.2189177185002e-120
"Taf4a",1.18509865641343,0.148394416976274,0.214504300871872,0.691801592663228,0.48906193632436,NA
"4921531C22Rik",1.17729294622381,0.0775300349762648,0.216142100998716,0.358699367767899,0.719820001404319,NA
"Lsm14b",15.9638896119087,-5.72927086803082,0.268181138925568,-21.3634370074807,2.92478958244114e-101,1.85621904198696e-100
"Psma7",2.32889655943451,1.40840656269489,0.201358090723377,6.9945367361957,2.66136843913939e-12,5.12160119900741e-12
"Gtpbp5",1.40309357917788,-0.709836651228623,0.203113500017765,-3.49477829472948,0.000474455691027937,0.000759478291065879
"Hrh3",6.20635851983842,-4.29544657187349,0.275607757916061,-15.5853616180924,9.15438442568171e-55,2.72129195342019e-54
"Osbpl2",1.23671647186775,0.244004461543622,0.212605777874435,1.14768499700761,0.251098626915566,0.294845275205982
"Adrm1",1.43167983932847,0.550879894484541,0.207339714007065,2.65689521721714,0.00788639509866295,0.0117821930208989
"Rps21",10.3303765172915,2.91998601689144,0.189577542499007,15.4025945183182,1.57231968799952e-53,4.63308426269123e-53
"Cables2",1.49913485740504,-0.98674494145997,0.202128152842141,-4.88177884963211,1.05133123032431e-06,1.82748885191239e-06
"Gata5",5.72081526296981,-4.12328935206485,0.274998388111789,-14.9938673472832,8.05246642410467e-51,2.32616905001806e-50
"B230312C02Rik",5.36830863423011,-4.0486130861501,0.23449579711582,-17.2651840073298,8.60291790132414e-67,2.88051516644721e-66
"Gm6307",27.6476941388069,-6.62198836440517,0.265192554196574,-24.9704912887434,1.27935571540194e-137,1.51433941823087e-136
"Mir133a-2",10.7123600579904,-5.17829257686781,0.285920379992372,-18.1109600407147,2.61154116992117e-73,9.61371291042913e-73
"Slco4a1",17.9016597201052,-5.96906278003485,0.288586773439614,-20.6837711544803,4.84973744998684e-95,2.70755395603543e-94
"Ntsr1",21.1705257638367,-6.22238813354124,0.303468623627156,-20.5042223448646,1.97399597804456e-93,1.06394001088205e-92
"Ogfr",1.3768079945839,0.481967315196294,0.208302334104366,2.3137873959435,0.0206793870848489,0.0297824253229167
"Dido1",2.17485017944309,-1.93512804139286,0.212637518506625,-9.10059548749189,8.98378906439332e-20,1.91801140761281e-19
"2310003C23Rik",11.6683908964627,-5.05597215954793,0.251228707818044,-20.1249777681052,4.45972108409955e-90,2.26346563529408e-89
"Ythdf1",1.24770738156567,0.243929387703225,0.212613572312415,1.14728982280018,0.2512618587799,0.294845275205982
"Arfgap1",1.20928066298028,0.168065046846969,0.214173052422583,0.784716120660043,0.432620028895926,0.461156984598221
"Ppdpf",2.08337603465826,0.991560011916702,0.204294335154604,4.85358544653879,1.21249063349693e-06,2.10307396805249e-06
"BC006779",1.21325097203415,0.128530414032119,0.215068309277954,0.597626002936611,0.550089509809794,0.569195319323794
"Arfrp1",1.38201952993563,0.384773075581047,0.210174312668516,1.83073312192964,0.0671403867806233,0.0908431360795369
"Zgpat",1.208977692846,0.187405266801423,0.213717846904893,0.876881690113694,0.380550902315138,0.414225210457603
"Lime1",1.34542438811505,0.359412804319832,0.211531891665891,1.69909511747531,0.0893012632086821,0.117611352075015
"Slc2a4rg-ps",1.17751157730977,0.118470118524208,0.215186658377245,0.550545835032754,0.581945048245385,NA
"Tpd52l2",1.39234142710655,0.489742835040066,0.208382307619814,2.35021312813939,0.0187626643366616,0.0271455398662343
"Dnajc5",1.3232516661875,0.324910088353924,0.211212730892658,1.53830731216221,0.123973492714998,0.158746132980675
"Uckl1",1.27152884113184,0.307257726697059,0.211351639765691,1.45377498389741,0.146008701259301,0.183714983016129
"Prpf6",1.28736041865338,0.243991286038132,0.212814363592958,1.14649820584857,0.251589069164961,0.294857418284934
"Sox18",1.31108032281642,0.450411533911045,0.209479416111334,2.1501469799384,0.0315435904936442,0.0445080530819902
"Rgs19",1.49123654812274,0.658861493025441,0.205719409343865,3.20271915579992,0.00136136672190311,0.00213499603074485
"Pcmtd2",1.2443463992343,0.215982700422095,0.213233847596461,1.01289125932219,0.311112103835792,0.351037806053935
"Polr3k",1.30760672912723,0.234692283920587,0.213062813817826,1.10151687061288,0.270671766089599,0.313589896068377
"Pxmp3",1.24789813884109,0.243941452997779,0.212614914820789,1.14733932566958,0.251241406918163,0.294845275205982
"Fam164a",1.19297686701239,0.187395936572536,0.213697013437641,0.876923516889578,0.380528181845481,NA
"Stmn2",1.3501799978931,0.528374708260465,0.208201099888802,2.53780939938677,0.0111548717844287,0.0164487092414458
"Hey1",1.35194420245718,-0.231525470472825,0.199634395833696,-1.15974739476105,0.246151667569562,0.290572524810745
"Mrps28",1.31065400986058,0.307235867002975,0.211571475707543,1.45216110052411,0.146456815987295,0.183714983016129
"Tpd52",1.69237431404512,0.929000840837903,0.205970039967953,4.51036879432779,6.47150184417455e-06,1.10360142523983e-05
"Pag1",1.25206097236408,0.253177829434358,0.212429307445143,1.19182156397953,0.233331218524962,0.276695742225986
"Fabp5",1.37483849015434,0.565358335077155,0.20895564158447,2.70563805212509,0.00681733054651972,0.0102436572978794
"Fabp4",1.29014315378594,0.409626198028316,0.210048494067762,1.95015060615559,0.0511581710198306,0.0704698912055721
"Impa1",1.29924441674084,0.253179049449657,0.212607783682183,1.19082681294549,0.233721580516647,0.276695742225986
"Slc10a5",2.54513964954126,-2.6217033686612,0.227079168831745,-11.5453274826973,7.79440338382587e-31,1.90169598801454e-30
"Lrrcc1",1.18149603377463,0.108344605578666,0.215439925223628,0.502899383511221,0.615035014593134,NA
"E2f5",1.17366810735111,0.0981628433526531,0.21563842304251,0.455219630934241,0.648951238882232,NA
"1810022K09Rik",1.45575231632162,0.558318992355611,0.207246416512225,2.69398623026458,0.00706030814544703,0.0105965521906939
"Car2",1.55442669821544,0.0752596256805023,0.197100917210173,0.381832955146785,0.702585272826747,0.716167764920058
"Gm9733",1.75079129892555,-1.05734286037978,0.205605379214946,-5.14258364453786,2.70985727769759e-07,4.76598887789131e-07
"Sirpb1b",1.32555441092228,0.466209675062126,0.208875384598934,2.23199912214311,0.0256150209525766,0.0365129463059666
"LOC100038947",1.44531622112746,0.512219949086625,0.200650725184589,2.55279390899489,0.0106862706720221,0.0157777776574615
"Gm5150",1.21623013606887,0.243940078971054,0.212610415369551,1.1473571440376,0.251234045633254,0.294845275205982
"Ythdf3",1.27522547131266,0.271386199019909,0.212202661497169,1.27890101427182,0.200931915441461,0.242915550177492
"Armc1",1.30670012606828,0.289465915996013,0.211899373399791,1.36605366666128,0.171922119533895,0.211829792717247
"Mtfr1",1.17717690446382,0.128517778380949,0.2149488524518,0.59789934635621,0.549907096054127,NA
"Pde7a",1.18142810393272,0.118465782915624,0.21518821095264,0.550521714880081,0.581961587103182,NA
"Hps3",1.2557677410159,0.206470370420095,0.213465677465754,0.967229827629871,0.333429154294556,0.371194373059014
"Hltf",1.26782273568212,0.225333052434119,0.213150062477374,1.05715686786645,0.290440001035416,0.331827717078859
"Gyg",1.59411528926675,0.864465553980723,0.20783506285083,4.15938264758136,3.19108920642736e-05,5.32613450281401e-05
"Tbl1xr1",1.29902699724113,0.243944533694833,0.212883419472384,1.1459066859196,0.251833764523807,0.294884914585097
"Nceh1",1.33569244353469,0.45799744450589,0.209846753559686,2.18253290430639,0.0290702255516893,0.041196301718425
"Tnfsf10",1.21738139563418,0.23477123780784,0.212779720576735,1.10335344539178,0.269873705420172,0.313589896068377
"Fndc3b",1.23888706794471,0.298287450814251,0.21151899569682,1.41021589967173,0.158475942400546,0.197436157265757
"Tnik",1.1770839446514,0.0363380243992482,0.21418237601904,0.169659264570012,0.865278111705953,NA
"Rpl22l1",4.96282974185195,2.40268320857287,0.214981794069958,11.1762171255813,5.3314434501341e-29,1.27631895481312e-28
"Mynn",1.6008313896555,-1.13578265282057,0.207518945175387,-5.47315162893029,4.42101519889695e-08,7.9060292354375e-08
"Sec62",1.93857666623856,1.10769660729156,0.201045404376542,5.5096837986753,3.5947886278722e-08,6.43816320417648e-08
"Phc3",1.43406783855966,-0.755981301691435,0.208838677980928,-3.61992955040864,0.00029468323710004,0.000476016245601798
"Skil",1.31011157499796,0.36787940148622,0.210295815439322,1.74934247130736,0.080231838647391,0.107069142974425
"Pik3ca",1.26353606586134,0.262294778910614,0.212284524573039,1.23558125321739,0.216614256618892,0.259521314600617
"Zfp639",1.21251293085254,0.206485105488065,0.213328506010053,0.967920834163319,0.333083908395376,0.371194373059014
"Mfn1",1.1733841741667,0.118456357456208,0.21515729708376,0.550557006719103,0.581937388047732,NA
"Actl6a",1.29936759137943,0.289494394564658,0.211803763981554,1.36680476835091,0.17168650778636,0.211829792717247
"Mrpl47",1.1775962143989,0.0981645599563691,0.215666123124589,0.455169122225377,0.648987572864762,NA
"Ndufb5",1.89521246310735,0.974950382043347,0.202268456828742,4.82008117987879,1.43499816132992e-06,2.48571110076064e-06
"Ttc14",1.42533095548274,0.409699389656521,0.210001844684248,1.95093233715414,0.0510650952964091,0.0703602474454944
"Fxr1",1.25954343867401,0.253152748696358,0.212498846791882,1.19131351778248,0.233530529128984,0.276695742225986
"Dnajc19",1.40085541551775,0.466193295944734,0.208725378739261,2.23352473360272,0.0255143611352736,0.0364142078266926
"Atp11b",1.23186415036364,0.215906260251493,0.213243657710535,1.01248619804005,0.311305642592701,0.351037806053935
"Dcun1d1",1.29080678320719,0.289466973664063,0.211853153771682,1.36635668863361,0.171827036012705,0.211829792717247
"Mccc1",1.19331616637576,0.13851213503299,0.214792442045209,0.644865032093804,0.519014654031258,NA
"Acad9",1.20860774646045,0.177737633007237,0.213947721603719,0.830752632815825,0.406113386291771,0.436795720715753
"Anxa5",2.02590643156178,1.38182133579083,0.207311033166944,6.66545004711868,2.63855545132941e-11,4.98760074450101e-11
"Exosc9",1.2129662740058,0.177759250175857,0.213937184051228,0.83089459630025,0.406033176581725,0.436795720715753
"4932438A13Rik",1.25606216945967,0.253192928802787,0.212530334674596,1.19132607206613,0.233525602528689,0.276695742225986
"Spry1",1.20092215034931,0.206510646840598,0.213367893880439,0.967861860961693,0.33311336402198,NA
"Ankrd50",1.18092690674329,0.138469091374089,0.214717445111745,0.644889805306809,0.518998598745061,NA
"Hspa4l",1.18127033986884,0.118456585442149,0.215200499106383,0.550447540475221,0.58201244885113,NA
"Pgrmc2",1.22428546716217,0.206487666016487,0.213357853889591,0.967799695451291,0.333144415946585,0.371194373059014
"Slc7a11",1.20583352924516,0.216064384185935,0.213193234928012,1.01346735631125,0.310836980766258,0.351037806053935
"Ccrn4l",1.17738261865511,0.138502545917812,0.214704511052702,0.645084470925789,0.518872446716632,NA
"Elf2",1.60964494639618,-1.17784247497105,0.197415964736768,-5.96629799693036,2.42696868055055e-09,4.43662283749742e-09
"Ndufc1",1.6859495729342,0.882880604374656,0.203438644209341,4.33978808601457,1.42620183782593e-05,2.40619702438635e-05
"Naa15",4.65758887493663,-3.48208501302439,0.248699151321384,-14.0011937898599,1.53274259395003e-44,4.21655670114316e-44
"Rab33b",1.18534249439715,0.128514623549419,0.214967730559642,0.597832163994321,0.549951926955204,NA
"Setd7",1.18908124256079,0.128508567610651,0.214994377182408,0.597729900171391,0.550020171229625,NA
"Mgst2",1.23191294079404,0.166626484925298,0.212862122320061,0.782790677407402,0.433750042978237,0.461388076874806
"Maml3",1.82915618731934,-1.77360282333275,0.214821833669576,-8.25615717469753,1.50437494913765e-16,3.08680708903244e-16
"Foxo1",1.34743622358474,0.253219209209382,0.212759174044635,1.19016822821591,0.233980278078655,0.276767969991067
"Cog6",1.17736996058542,0.118449021190246,0.215186030456545,0.55044939924279,0.582011174259855,NA
"Lhfp",1.32873377060771,0.489561185096129,0.211047145029525,2.31967689033482,0.0203583628948062,0.0293524801300617
"Ufm1",1.36505488647984,0.376274960384842,0.210383230619456,1.78852163871109,0.073691887729628,0.0987943854008654
"Fam48a",1.18160825110422,0.0878803156371593,0.215912175740715,0.407018804454517,0.683994177074049,NA
"Exosc8",1.31437833394104,0.307192245714445,0.211690348073593,1.45113959379788,0.146740993284464,0.183772092529983
"Alg5",1.31460180397165,0.35939466480196,0.210487186165241,1.70744201274001,0.0877399271401975,0.116060506021613
"Rfxap",1.22862278603548,0.187397034213423,0.213774426608608,0.876611095098484,0.380697910729029,0.414225210457603
"Tm4sf1",1.77086782684324,1.1692389756172,0.227338212111687,5.1431695743379,2.70141578240168e-07,4.75194284216909e-07
"Wwtr1",1.18894278008799,0.177737522078916,0.213913029549714,0.830886844307955,0.406037556231817,NA
"Commd2",1.32244350376163,0.333555413476397,0.211010382403301,1.58075356140001,0.113934396390798,0.147046970803584
"Rnf13",1.42011690232545,0.550862453311411,0.207278707559094,2.65759305332586,0.00787008605390501,0.0117662975551319
"Tsc22d2",1.22467329770835,0.138463163585217,0.214917394049713,0.644262248746551,0.51940539127998,0.540189398685829
"Serp1",2.55669095332526,1.46472271135561,0.206323354123263,7.09916101150888,1.25516511637548e-12,2.4275516515302e-12
"Eif2a",1.28346594739817,0.280479393138333,0.212022493359071,1.32287564727072,0.18587673511374,0.227031556315038
"2810407C02Rik",1.64413286825628,0.759163339422625,0.204764208308595,3.7075001812744,0.000209315266884089,0.000339852470648505
"Siah2",1.23588635130853,0.2159068220931,0.21320327837397,1.01268059168578,0.311212751172481,0.351037806053935
"Gpr171",1.38678997756017,0.324919711187751,0.211552677340364,1.53588087502666,0.124567599524044,0.159119752726174
"Mbnl1",2.11067847232742,1.14750228877507,0.201495109934969,5.69493864712359,1.23416293125143e-08,2.22879449961338e-08
"Rap2b",1.30253273401072,0.367863392826243,0.210385779950055,1.74851833100875,0.0803743142410244,0.107070031986257
"Dhx36",1.26418023899538,0.215978355710418,0.2133139323206,1.01249062056488,0.311303529076474,0.351037806053935
"Gmps",1.2438968640844,0.206467011869315,0.213454947925883,0.967262712228181,0.333412719012224,0.371194373059014
"Ssr3",1.54843156895331,0.726330890543628,0.205104380823108,3.54127438735719,0.000398199241767466,0.000639470863567504
"Tiparp",1.24726224008191,0.21585184213113,0.213314813717259,1.01189335316034,0.311589047702073,0.351037806053935
"Ccnl1",1.58566350935463,0.706570069221116,0.205268824278573,3.442169417126,0.000577068716389954,0.000919785862459713
"Rsrc1",1.23617365892796,0.167990179906521,0.21427945854292,0.783977059905036,0.433053571027914,0.461156984598221
"Gfm1",1.19303784803539,0.1184426677344,0.215244010049505,0.550271608985348,0.582133094228008,NA
"Lxn",1.24811348595223,0.307301962137912,0.211370363484456,1.45385548414648,0.145986376874747,0.183714983016129
"Mfsd1",1.28669535139081,0.324795761826239,0.211120415843452,1.53843843348186,0.123941451081652,0.158746132980675
"Smc4",1.66568836368723,0.6923339150776,0.210289362591477,3.29229166204939,0.000993744948997627,0.00156764842362273
"Trim59",1.22028409624259,0.128489530451361,0.215158473114193,0.597185546967358,0.550383507613309,0.569195319323794
"Kpna4",1.37727149956927,0.39311878959843,0.210075161322997,1.87132446845535,0.0613001210309082,0.0835252590659419
"Nmd3",1.25635923075825,0.177777598239639,0.214095882498774,0.830364396385142,0.406332789118967,0.436795720715753
"Pdcd10",1.67588678510747,0.772079731463344,0.204696659930422,3.77182378904365,0.000162058688755125,0.000263987004306991
"Golim4",1.17734378474502,0.128514027390484,0.214936991693832,0.597914888348053,0.549896725113769,NA
"Ppid",1.27521062468009,0.253124413062628,0.212532788949458,1.19098993766474,0.233657535109039,0.276695742225986
"Etfdh",1.20086198589918,0.177757276232938,0.21389134567656,0.831063433963039,0.405937795212976,NA
"Fam198b",1.18125649869412,0.15826046372898,0.21426228092995,0.73862960406326,0.460131942717888,NA
"Ctso",1.29113006027453,0.280432187893973,0.212013665831913,1.32270807541389,0.185932476993729,0.227031556315038
"Lrat",1.29950811981685,0.426189987765338,0.210568253972164,2.02399924834671,0.0429702290856856,0.0598384942849883
"Plrg1",1.17707023298336,0.138475366225741,0.214715913036234,0.644923630799419,0.518976677175857,NA
"Tlr2",1.23993963064626,0.262320798277807,0.212286419984588,1.23569278853,0.216572779145511,0.259521314600617
"D930015E06Rik",1.24417126836081,0.158250242024175,0.214555118882411,0.737573835797903,0.460773459629447,0.485759357622077
"Arfip1",1.22778220354077,0.234631659627218,0.21274451511454,1.10287994734386,0.270079303504575,0.313589896068377
"Tmem154",1.22067347738785,0.225387771587112,0.213011147238089,1.05810317680318,0.290008406269115,0.331827717078859
"Fbxw7",1.212785906321,0.168033608353188,0.214184561928443,0.784527170587238,0.432730845420119,0.461156984598221
"Rps3a",17.8389020583875,4.14298729697059,0.21844336064325,18.965956597494,3.26041559055163e-80,1.34967243320218e-79
"Lrba",1.17331882929389,0.0774102682003893,0.214636166208772,0.360658082781324,0.718355063627633,NA
"Cd1d1",1.25241769852697,0.177758138409259,0.21412848369069,0.830147093676858,0.406455623591367,0.436795720715753
"Fcrl1",1.33645694674282,0.177810843419346,0.214518369044429,0.828883998192802,0.40717005095132,0.437195858472876
"Etv3",1.18541892733135,0.0775507505261743,0.21618480391695,0.358724337331158,0.719801319989601,NA
"Pear1",1.17749320337191,0.138510273463879,0.214718398961104,0.645078736307875,0.518876162779111,NA
"Sh2d2a",1.22860089062862,0.168041397666761,0.214254375515919,0.784307892252474,0.432859469632742,0.461156984598221
"Prcc",1.20459863132506,0.138474809389553,0.214859167232033,0.644491045802153,0.519257062187236,NA
"Hdgf",1.59231601576583,0.71980654990674,0.205273466130353,3.50657375975542,0.000453915613377344,0.000727156514294839
"Mrpl24",1.47981345918347,0.520666709420992,0.207997896985822,2.50323064303138,0.0123065316144302,0.0180881585322612
"Isg20l2",1.22430486181147,0.128505065203725,0.215212873590237,0.597106776467273,0.550436093903358,0.569195319323794
"Nes",1.19292424153097,0.187391644336158,0.213695816882342,0.87690834135201,0.380536425161025,NA
"Gpatch4",1.23285857936126,0.108364217616801,0.215642207283905,0.502518588460438,0.615302780143745,0.63151406062728
"Apoa1bp",1.32233390890675,0.367896135525539,0.210288711974776,1.74948113986103,0.0802078861068303,0.107069142974425
"Cct3",1.60668264406444,0.595119982066714,0.20738700946086,2.8696107032636,0.0041097744122218,0.00626091417825705
"0610031J06Rik",1.50173143396569,0.637742440452962,0.20629987941751,3.09133695207983,0.00199257379923065,0.00309146536840066
"Smg5",1.1897743934015,0.0981776687440808,0.215711703722495,0.455133713423277,0.649013045065157,NA
"Pmf1",1.44485973065638,0.359342045766701,0.211661385390897,1.69772131606843,0.0895603726396927,0.117922851602774
"Sema4a",1.34497280515511,0.458253396345633,0.20890869905866,2.19355823099046,0.028267183999541,0.040129099939517
"Lmna",1.44083888489375,0.679039544111912,0.206962349872093,3.28098103124347,0.00103446701058849,0.00163040996234055
"Lamtor2",2.04384178820704,1.15249968188946,0.201355859556902,5.72369577138516,1.04231330530258e-08,1.88493866401506e-08
"Ubqln4",1.17352815380823,0.118472518802398,0.215158038772341,0.550630222688326,0.581887186515996,NA
"Ssr2",1.64643575434157,0.828563945928036,0.204792812619718,4.04586438034134,5.21304083369221e-05,8.63190266514619e-05
"Arhgef2",1.34487774992815,0.458252004246336,0.208887277218419,2.19377652075562,0.0282514795551412,0.0401233027536043
"2810403A07Rik",1.22849214543468,0.177727654785404,0.213991436913001,0.830536293177284,0.40623563690056,0.436795720715753
"Rit1",1.25583692083623,0.289456914989302,0.211688600204354,1.36737129306857,0.171508955607902,0.211829792717247
"Syt11",1.19348345580736,0.138520687840006,0.214779911559827,0.644942475457816,0.518964464568289,NA
"5830417I10Rik",1.18532557506467,0.0981454815712059,0.215681062558213,0.455049137866316,0.649073888251853,NA
"Msto1",1.17758107512058,0.0878944274399906,0.215896842305723,0.407113075398884,0.68392494042518,NA
"Dap3",1.28343889354547,0.262326560272111,0.212334230061925,1.23544169112821,0.216666164671525,0.259521314600617
"Ash1l",1.4212241550316,0.367861860596026,0.210848769962609,1.74467159880165,0.0810420497933702,0.107725872147031
"Rusc1",1.25568428476219,0.253160029707323,0.212484685537041,1.19142718011643,0.233485928004849,0.276695742225986
"Fdps",1.36808629638798,0.489535369768537,0.21110658202718,2.31890150021713,0.0204003777752477,0.02940493496805
"Clk2",1.18150304919549,0.08787822182145,0.215911428038123,0.407010516395332,0.684000264309362,NA
"Scamp3",1.37350918094801,0.384756648756252,0.210184706682537,1.83056443463029,0.0671655810830993,0.0908536753702457
"Fam189b",1.37441199051865,0.359468259112076,0.210930034250744,1.7042061382532,0.0883425828570755,0.116510430145006
"Gba",1.21622402699973,0.215914659274385,0.213116862196271,1.01312799489108,0.310999028060673,0.351037806053935
"Mtx1",1.27969561581695,0.271453116957761,0.212172537807494,1.27939798318316,0.200756943713677,0.242915550177492
"Krtcap2",2.28419249208893,1.36294177267581,0.199660848078835,6.82628460106341,8.71419731099638e-12,1.66136267214759e-11
"Dpm3",1.75503125969401,0.847098034443828,0.203666660967201,4.15923760138752,3.19311609270423e-05,5.32866560227497e-05
"Slc50a1",1.58960879669731,0.699843005216286,0.205324052169913,3.40848038902496,0.000653257805118372,0.00103979440241436
"Efna1",1.28817691197323,-0.208194755128933,0.1976700255179,-1.0532439330822,0.292229207943944,0.333137467889798
"Adam15",1.31372413996476,0.458252585470799,0.209156267831047,2.19095793887931,0.0284548363464377,0.040362566774023
"Zbtb7b",1.24811011980907,0.262347105169969,0.212231026851429,1.23613926324554,0.216406802479749,0.259521314600617
"Flad1",1.21283498327627,0.177747930249401,0.213936391333122,0.830844762509936,0.406061331715485,0.436795720715753
"Cks1b",1.23442234625294,0.234575548992128,0.212925095524427,1.10168107904039,0.270600345584294,0.313589896068377
"Shc1",1.27153574018581,0.324846842848834,0.210979252051179,1.53970989891476,0.123631082832355,0.158746132980675
"Pygo2",1.19290690975344,0.158253031976313,0.214306626300992,0.738442085099356,0.460245848431311,NA
"Pbxip1",1.50793374903744,0.587818324609104,0.207087786663707,2.83849827205731,0.0045326364796366,0.006890029826355
"Pmvk",1.24378648023867,0.262312532635089,0.212228980597292,1.23598827971959,0.216462920251842,0.259521314600617
"Adar",1.22864964562064,0.138507518270648,0.214900988565489,0.644517827466572,0.519239701068459,0.540189398685829
"Ube2q1",1.27560863400112,0.234661058251089,0.212954615601664,1.10192989989016,0.270492148530336,0.313589896068377
"Il6ra",1.30221686972406,0.34214148426031,0.21091145930503,1.62220433819809,0.104759603131403,0.13596736497215
"Hax1",1.32349198424667,-0.0110831988696073,0.199738809754176,-0.0554884595700137,0.955749323715178,0.958411578098785
"Ubap2l",1.40113266099124,0.466273721852297,0.208857990987848,2.23249165448224,0.0255824861920494,0.0364774066703103
"4933434E20Rik",1.35365329754027,0.38473542272938,0.21016719875792,1.8306159334242,0.0671578886523564,0.0908536753702457
"1700094D03Rik",1.1812636979212,0.0976942900179554,0.214197453261469,0.456094545151761,0.648321992568647,NA
"Tpm3",2.96779933401152,1.06838698150207,0.192823615917503,5.54074757087414,3.01183109046399e-08,5.40266607980138e-08
"Rps27",14.5555621401949,4.24254920475062,0.219066381471625,19.3665005842083,1.47979777417804e-83,6.50761952924125e-83
"Jtb",1.45907762136467,0.543298994069645,0.207600791532717,2.61703719941754,0.00886966745408999,0.0131832756578445
"Slc39a1",1.36064199114294,0.53578864095898,0.207585318834032,2.58105266773395,0.00984995532794855,0.0145842481383893
"Crtc2",1.18548118557204,0.138523135994918,0.214749315134171,0.645045763747241,0.518897529438054,NA
"Dennd4b",1.21650336502965,0.148373116964004,0.214632293852417,0.691289806863947,0.489383436178809,0.512050895553324
"Gatad2b",1.22447639609226,0.15822815051838,0.21444849705468,0.737837535312895,0.460613180947724,0.485759357622077
"Ints3",1.21665553268579,0.107191299051794,0.212647619709532,0.504079468174689,0.614205534370643,0.630946155547526
"Npr1",1.20890232059516,0.225380008740961,0.212907897200708,1.05857984463815,0.289791170087238,0.331827717078859
"Ilf2",1.36169250470598,0.384767110922274,0.210243681056538,1.83010071450758,0.0672348801324398,0.0909120772675393
"Snapin",1.34263713273767,0.324855738514431,0.211279757466201,1.53756205710525,0.124155730737754,0.158746132980675
"2500003M10Rik",1.43216868016289,0.535857960985369,0.207493029521393,2.58253475898149,0.00980774819849226,0.0145279357537258
"S100a1",1.45982634399295,0.70595251766719,0.206933743156569,3.41149059065275,0.000646087311616018,0.00102869475877249
"S100a13",2.06490646243039,1.29720654712335,0.201141766372695,6.44921525010255,1.12430785938369e-10,2.10505273528798e-10
"S100a16",1.48448338976043,0.765904735187734,0.205876749107689,3.7202099727498,0.000199057215056551,0.000323398276562464
"S100a4",2.15915414522746,1.47035183058914,0.245999632640904,5.97704888744885,2.27216029325798e-09,4.15726488987265e-09
"S100a6",4.24274686772745,2.75123768653841,0.251860827715806,10.9236426779429,8.88589686737646e-28,2.09694311246406e-27
"S100a8",11.8359765801964,4.43497179296787,0.339206834009757,13.0745354996011,4.6036746460899e-39,1.21492323825022e-38
"S100a9",5.65423908946887,3.27521635819415,0.303613944912338,10.787437181582,3.94641399778015e-27,9.23779420108179e-27
"Lce1i",3.88178497066695,-3.47034771793387,0.165949851371905,-20.9120266709765,4.16174611990913e-97,2.42323644684056e-96
"Lce1l",1.34226960717196,-0.798669612310353,0.185701473499049,-4.30082539067438,1.7016310519018e-05,2.86209572770337e-05
"Crct1",1.4960644151124,-1.20492402436792,0.177126586378733,-6.80261528775553,1.02736739183229e-11,1.95689027015675e-11
"S100a11",4.6725226816496,2.75918490510711,0.247205699578152,11.1614938887556,6.29252001094744e-29,1.50467038282848e-28
"S100a10",3.97853691854677,1.4979643261514,0.197233753106817,7.59486803123469,3.08106270799322e-14,6.10713777699814e-14
"Mrpl9",1.33823510899479,0.384758429331786,0.210094479160713,1.83135906697226,0.0670469666959285,0.0907998862096847
"Snx27",1.26374119497668,0.271420256936067,0.21218022118631,1.27919678572556,0.200827767474655,0.242915550177492
"Psmb4",1.67233313955994,0.816363740464054,0.203739185901367,4.00690587258588,6.1519365651069e-05,0.000101672024283229
"Selenbp1",1.28379464585598,0.384857770871822,0.210567866940454,1.82771367950769,0.0675925340204099,0.0912420552331367
"Rfx5",1.18543309127135,0.0981483882985761,0.215695150977957,0.455032891808525,0.649085575843857,NA
"Zfp687",1.19727483456644,0.108346477815986,0.215483522532285,0.502806323855933,0.615100447081104,NA
"Psmd4",1.7068877971802,0.797345591040953,0.204345444115831,3.90194943905374,9.54210919234101e-05,0.000156683894256119
"Pip5k1a",1.19321397120478,0.148416364003766,0.214535452243172,0.6918034406525,0.489060775638076,NA
"Vps72",1.32338400932791,0.333612079801166,0.211016384625857,1.58097713783068,0.113883265217768,0.147046970803584
"Scnm1",1.24019138824892,0.243975220671649,0.21257313582203,1.14772367509274,0.251082654404444,0.294845275205982
"Lysmd1",1.17356619649303,0.0977082958466987,0.214154366330682,0.456251710020352,0.64820898474432,NA
"Tnfaip8l2",1.62881163016527,0.719804158640565,0.205377796813957,3.50478079815319,0.000456983373291143,0.00073195864025154
"Gabpb2",1.2485219306069,0.196998998052213,0.213626879457633,0.922163908176559,0.356443085830875,0.392000127749348
"Mllt11",1.18546138901219,0.108352115152648,0.215441183577581,0.502931302889124,0.615012572013988,NA
"Cdc42se1",1.6055105544671,0.746247318072147,0.205051583321914,3.63931507371294,0.000273364165687538,0.000441920391727764
"Prune",1.17339918004502,0.108354160792373,0.215395281016578,0.503047978957504,0.614930539899871,NA
"Fam63a",1.19293077543156,0.168017904309182,0.214096500450407,0.784776509451171,0.432584615195316,NA
"Lass2",1.52242547168772,0.658898648106426,0.205855396973411,3.2007839376275,0.00137054260791401,0.00214874077588562
"Setdb1",1.18128791969281,0.108339660738449,0.215425193969133,0.502910819028776,0.615026974216204,NA
"Arnt",1.20108196887847,0.158278285829288,0.214337750347625,0.738452678413313,0.460239413253819,NA
"Ctsk",1.2717778038511,0.375781452485248,0.212440854857726,1.7688756371128,0.0769146307227061,0.102828626552062
"Ctss",4.22440254652952,2.45178582126594,0.247059006416801,9.92388764459637,3.27736509759206e-23,7.31104521770537e-23
"Golph3l",1.23961043513403,0.262282384094051,0.212212962891169,1.23593950398101,0.216481051526075,0.259521314600617
"Ensa",1.29195272104629,0.36799508355419,0.210193571270868,1.75074376123507,0.0799900577749817,0.10688547333557
"Mcl1",2.12331481375524,1.25700478735105,0.200922748165861,6.25615963760061,3.94572866148009e-10,7.31417031709022e-10
"Ecm1",1.3493254165696,0.528225424464796,0.209390507128252,2.52268085936321,0.0116464043830983,0.0171420360580214
"Tars2",1.21297832132634,0.118479220453434,0.215313620352967,0.550263472692574,0.582138673989919,0.600036908991535
"Rprd2",1.24825012336137,0.187389243289085,0.213853957149011,0.876248659539716,0.380894868761072,0.414225210457603
"Prpf3",1.19691885306361,0.098141113151438,0.215721116685674,0.454944396076157,0.649149242160593,NA
"Mrps21",1.92049355485636,1.06102145626928,0.20167337324991,5.26108845789217,1.43205113781124e-07,2.53443191706211e-07
"BC028528",1.50578432643291,0.686036247465717,0.208015664823062,3.29800281170776,0.000973751593123497,0.00153727001848016
"Aph1a",1.33731098022612,0.401358800531903,0.209768002825506,1.91334614967837,0.0557037533531488,0.0764355917210169
"Anp32e",1.56111351194171,0.616478066545975,0.206897642741323,2.97962827598154,0.00288598366412502,0.0044347467549993
"Plekho1",1.34476277711224,0.417751969111712,0.209970089942479,1.98957846437154,0.0466373904202687,0.0646434354736598
"Vps45",1.26205340506985,-0.169249094955156,0.202257682377011,-0.836799339170085,0.40270536892404,0.436351224864243
"Otud7b",1.24433783910538,0.215960721173186,0.213205067506842,1.01292489760477,0.311096034995029,0.351037806053935
"Mtmr11",15.0162330561193,-5.67947518935532,0.291579734299703,-19.4782919430114,1.67784254789008e-84,7.53405427955803e-84
"Sf3b4",2.36316988281088,-1.77744587569292,0.224934526882994,-7.90205888052708,2.74333763444204e-15,5.52051752189184e-15
"Bola1",22.5425301194889,-6.10092743445646,0.268952301644857,-22.6840499119897,6.43822564454775e-114,5.2307451929244e-113
"Hist2h2ac",11.4663015610046,-5.26066164627439,0.274056342173742,-19.1955479101422,4.03207993106996e-82,1.72308286861934e-81
"Hist2h2be",1.56988182681189,-1.31169370978888,0.206997216958869,-6.33676978396051,2.34632168571496e-10,4.36563863818646e-10
"Hist2h3c2",39.1113797290986,-7.12537800464754,0.248738612284821,-28.6460471062231,1.79550726801841e-180,3.6611515386938e-179
"Hist2h2aa1",29.5239153252914,-6.05124610515048,0.263474354457204,-22.9671161643681,9.9393511191857e-117,8.45695400850031e-116
"Terc",5.3061605836459,-4.01711797474007,0.260972565407765,-15.3928746052804,1.82730593975205e-53,5.38292156066914e-53
"Gm15441",27.6552670062047,-6.56892136896961,0.274386329764971,-23.9404104956551,1.16299427259814e-126,1.15745092525496e-125
"Txnip",3.47787943974338,-0.466519265759554,0.211816338246576,-2.20247063857971,0.02763208093279,0.0393076611170906
"Polr3gl",1.35388700735034,0.00687095279590306,0.199307228579829,0.0344741776044065,0.972499033391622,0.973991741040727
"Lix1l",9.83691023105892,-5.01051537023164,0.270097191541937,-18.5507866321286,8.03672150945058e-77,3.14480406891544e-76
"6330549D23Rik",22.7431158429879,-6.32998391942832,0.252284829757299,-25.0906244561666,6.29491598395429e-139,7.55389918074514e-138
"Rbm8a",11.9279847068153,-4.52652608742906,0.256835962395184,-17.6241911187822,1.60649915713754e-69,5.57760266063052e-69
"Pex11b",47.4673696902926,-7.2014307923703,0.255223549060115,-28.2161689972977,3.70378835500124e-175,7.20066115944375e-174
"Ankrd35",4.65420158410374,-3.79896491013396,0.260014181154525,-14.6106065956313,2.40368253817206e-48,6.79697879158081e-48
"Polr3c",7.60178097336148,-4.56117585315995,0.27529182389038,-16.5685118747885,1.17702755773569e-61,3.72820622049776e-61
"Rnf115",6.28516225022954,-3.89667323909979,0.263944391198336,-14.7632356247787,2.52853091535958e-49,7.22437404388451e-49
"Cd160",1.28178084195176,0.20649483118422,0.215038976112615,0.9602669939987,0.336920857097161,0.373759828721109
"Pdzk1",2.1464913646113,-2.23307843518637,0.233169217183929,-9.57707223172975,9.98348380256273e-22,2.18689825637337e-21
"Gpr89",24.1563424230935,-6.35563799989334,0.285945555801219,-22.2267416679545,1.89392428729155e-109,1.40529989760652e-108
"Gja5",1.64666538172994,-1.41813468263898,0.214876023899218,-6.59978091973689,4.11765809787875e-11,7.76523673082626e-11
"Acp6",1.21182895421852,-0.0207994680159972,0.209040960770477,-0.0994994853608365,0.9207416964959,0.925528915021876
"Chd1l",2.73213182442464,-2.67911996911735,0.245715399608076,-10.9033457951379,1.11095501799393e-27,2.61755143034454e-27
"Fmo5",1.47991200567544,-0.911661826841039,0.204185592305465,-4.46486853723341,8.01179301535563e-06,1.36160050594681e-05
"Pde4dip",1.18908019601079,0.0774049626103062,0.214695113542454,0.360534347210469,0.718447575836833,NA
"Sec22b",1.31049318809776,0.384767388985284,0.209891442694318,1.83317330161788,0.0667768029448907,0.0906095428573771
"Notch2",2.04856857293548,-0.76856188362817,0.206617039269421,-3.71974105497657,0.000199427133501235,0.000323948852303235
"Phgdh",1.3808729761297,0.333439052914803,0.211758044729201,1.57462283589372,0.11534352858478,0.148499992406599
"Wdr3",1.2159162114166,-0.0310652016900265,0.209194218981598,-0.148499331584107,0.881948713425744,0.888244700768354
"Man1a2",1.31021835330686,0.104093315343998,0.204969817070193,0.507847042222565,0.61156061625881,0.629033776723348
"Ttf2",1.23462232463496,-0.30580793900444,0.201128824783488,-1.52045804142513,0.128395896488271,0.163749469745609
"Ptgfrn",1.24322636950866,0.298331803435368,0.211536467894652,1.41030908951331,0.158448435766441,0.197436157265757
"Cd2",3.06207809271476,-1.24440527520319,0.225362291062389,-5.52179900788588,3.35546198176381e-08,6.0139095432814e-08
"Atp1a1",1.65901903353165,0.819537640352011,0.19882491828449,4.12190608412256,3.75750394112241e-05,6.25851007423706e-05
"Casq2",6.83991943331645,-4.45759727112147,0.271151058878697,-16.4395348096931,9.96811304596401e-61,3.12513814414007e-60
"A230001M10Rik",4.03460582148048,-3.54169690065105,0.254295344120141,-13.9274940833277,4.31221482168861e-44,1.18161477003751e-43
"Tspan2",29.2164440501435,-6.60883963337038,0.249522921755433,-26.485901923864,1.40885815025808e-154,2.05712994247473e-153
"Sycp1",4.39973666430037,-3.69913864680684,0.262045192087743,-14.116414872318,3.00915204786086e-45,8.32861807520343e-45
"Nr1h5",10.9586900885131,-5.21360062956205,0.268876949691892,-19.3902847958382,9.3219313495431e-84,4.11853420606136e-83
"Sike1",10.2918948791942,-4.86734663172146,0.277817524294639,-17.5199409903293,1.00930032329554e-68,3.46729035051183e-68
"Csde1",2.15868404451347,-0.926673983892558,0.20721702220557,-4.47199739688011,7.7492371022808e-06,1.31783735702576e-05
"Nras",10.2989663124228,-4.46309320018568,0.263107033085978,-16.9630326785192,1.54177404132717e-64,5.03948684766927e-64
"Dennd2c",2.76358913166888,-2.77213288947916,0.245510514180171,-11.2913000843817,1.44877684413069e-29,3.48587929309158e-29
"Bcas2",9.27432444480832,-4.30081068638558,0.272219537260857,-15.7990522269689,3.15829199075349e-56,9.50492026044002e-56
"Trim33",2.81323976642984,-2.63094423358208,0.244440526680677,-10.7631261857777,5.13964514685346e-27,1.2009376753167e-26
"Atg4a",1.19672241004241,0.076947486732193,0.210443741755403,0.365643977294552,0.714630754963322,NA
"Olfml3",1.37273565984858,0.572799890243497,0.215284383799585,2.66066623195825,0.00779862207735348,0.0116711029942045
"Hipk1",1.4064147967743,0.474282956596924,0.208543704461363,2.27426168448444,0.0229502574216419,0.0329167038716776
"Dclre1b",3.09626432225024,-2.93904361733038,0.255563875064628,-11.5002310736881,1.3156274064076e-30,3.20092055998492e-30
"Bcl2l15",4.07448316177131,-3.55852086396487,0.261339689815562,-13.6164578234414,3.19701920556416e-42,8.6156119014171e-42
"Ptpn22",1.2636445855035,0.206523616321629,0.213638446817391,0.966696862845837,0.333695595857039,0.371194373059014
"Rsbn1",1.46381732561064,-0.593654337163099,0.198394272202325,-2.99229574812363,0.00276887880769259,0.00426421223665889
"Phtf1",12.9268338585704,-5.38184356387112,0.284445832879038,-18.9204514244362,7.73888353563278e-80,3.18086394141757e-79
"Lrig2",28.670793584411,-6.66441893371319,0.232379719334905,-28.6790041436811,6.97333574879739e-181,1.42748284740088e-179
"Slc16a1",11.3450310262705,-5.24442105293479,0.286174917041741,-18.3259284466565,5.13968209831827e-75,1.95618961379667e-74
"Rhoc",1.44343605256115,0.699747781925708,0.207009830706264,3.38026353404738,0.000724163583442988,0.00114950095957804
"Capza1",1.7060290466597,0.900577114388588,0.202922825310373,4.43802767387623,9.07869488773642e-06,1.53966170610735e-05
"St7l",1.18892648586106,0.138495164160426,0.214760991266438,0.644880447532507,0.519004663400371,NA
"Cttnbp2nl",28.3423947288535,-6.4758818528068,0.28761288180455,-22.5159659476155,2.89559395480757e-112,2.27293239760835e-111
"Kcnd3",7.5766818364091,-4.62478073227272,0.266479832321205,-17.355087219877,1.80526076733785e-67,6.09735438725563e-67
"Rap1a",2.15908577933901,1.37033543256596,0.205039975709197,6.68325982690064,2.33684706591401e-11,4.42530081047384e-11
"Gm5547",1.19682341205681,0.117735983499148,0.213799947213665,0.550682939979802,0.581851041436522,NA
"I830077J02Rik",1.85447284595294,-1.72075908649848,0.216565888957808,-7.9456607630102,1.93158367435104e-15,3.89751325091319e-15
"Atp5f1",2.23427511228106,1.2381491306774,0.198384736531039,6.24115117083961,4.34362198624339e-10,8.04888419176091e-10
"Wdr77",52.1990556103857,-7.36969322343226,0.263025812435614,-28.0188972906844,9.56373266927976e-173,1.81207566365301e-171
"1700027A23Rik",1.97385134769015,-2.01860653308329,0.22696834372844,-8.89378007489221,5.90645357954185e-19,1.24622828153632e-18
"Chi3l3",4.35570709243364,1.06629718638712,0.276191933276901,3.86071082430234,0.000113057643272949,0.000185119478633876
"Dennd2d",2.81318585748929,-2.80349744446442,0.247055615285688,-11.3476370137248,7.61940629177256e-30,1.83922778464984e-29
"Cept1",1.40481648869308,0.384864119254642,0.207427759980906,1.85541279185616,0.0635373020889252,0.0863485334298853
"Dram2",45.2083952830631,-6.85107437461649,0.282649655816693,-24.2387501050404,8.6895392480786e-130,9.12663880784111e-129
"4933421E11Rik",1.26400879927567,0.225353729565501,0.213122773931004,1.05738924756327,0.290333976753093,0.331827717078859
"Cd53",3.22268090251669,1.85494618314476,0.200105029040364,9.26986289170469,1.86385359065113e-20,4.01622940895723e-20
"AI504432",12.4995706702248,-5.19913234951575,0.283124296854826,-18.3634269727887,2.57812067802478e-75,9.88090303912581e-75
"Prok1",5.33367398923322,-4.03798381141798,0.268553690738791,-15.0360391633773,4.26305615319675e-51,1.23422923570089e-50
"Hbxip",1.88609355775245,0.352231254998691,0.187954073949874,1.87402830700349,0.0609265236442635,0.0832883209173905
"Rbm15",1.20038441290967,0.11768276717667,0.213798084418273,0.550438828752256,0.582018422657957,NA
"Fam40a",1.24282779608978,-0.189279415716456,0.20208112804605,-0.93665062911428,0.348938299809206,0.386680378941525
"Ahcyl1",1.19662043738802,0.177719052854487,0.21388842530531,0.830896073973176,0.406032341742718,NA
"Gstm2",46.8697548697739,-7.13680938602103,0.242741994704084,-29.4008022580567,5.36348585915259e-190,1.20939076392123e-188
"Gstm1",1.85755671026972,1.21932722305084,0.209517992672846,5.81967785914583,5.89611532911273e-09,1.06997121564291e-08
"Ampd2",1.21185897968428,0.0670566682139879,0.209494195225761,0.320088430811767,0.748901295547701,0.760779364164444
"Gnai3",1.42086588073486,0.558387779865389,0.20707294727807,2.69657522725821,0.00700565716734184,0.0105190652706815
"Psma5",1.66397931526467,0.778415615297521,0.204495658975899,3.80651412942346,0.000140939244170632,0.000230050923880769
"Sort1",1.26202991936494,0.350688877630903,0.210755312313781,1.66396222131181,0.0961199793137634,0.12589293489345
"Sars",1.4951719569791,0.558300761520946,0.207292403068628,2.69330063840357,0.00707484422479913,0.0106168425624411
"Tmem167b",2.1564795120337,-2.09873201131294,0.236435517210203,-8.87655135775163,6.8965298005392e-19,1.45307308007324e-18
"Taf13",1.2792821857632,0.316070442223084,0.211191992978827,1.4966023937033,0.134496746923767,0.170882100887308
"Clcc1",16.4364442374392,-5.59303435302746,0.274187324479109,-20.3985883142224,1.7211280420978e-92,9.09801354911447e-92
"Gpsm2",1.56534960981214,-1.15658170500483,0.20578027166302,-5.62046932710253,1.90439401726334e-08,3.43027493792775e-08
"Aknad1",11.6787630781657,-5.31331950204271,0.283956891788904,-18.7117117269782,3.974036843723e-78,1.58053122470355e-77
"Stxbp3a",11.7385252160129,-5.14566245722228,0.288553888987677,-17.8325874424172,3.94723356336182e-71,1.40837725227264e-70
"Fndc7",8.08939221297575,-4.73057210074578,0.281793552196611,-16.7873681419268,3.01940790770965e-63,9.75932463049186e-63
"Prpf38b",8.43173648450302,-4.34354919645615,0.270682320043105,-16.0466675317563,6.03168764130034e-58,1.84179055206714e-57
"4921515J06Rik",22.8765133199596,-6.33896572167216,0.27435508088846,-23.104969301623,4.12693153494381e-118,3.58744090131668e-117
"Fam102b",2.53136409485419,-2.45812918489004,0.238539256043737,-10.304925175248,6.69437533369744e-25,1.52297403538464e-24
"Slc25a24",21.1842429401845,-6.10702476796912,0.284136697111608,-21.4932630316678,1.80005572619184e-102,1.16579291448157e-101
"Vav3",8.13708716348357,-4.63517635675267,0.271643176998707,-17.0634742531182,2.77546199430899e-65,9.12911884706549e-65
"Prmt6",1.26465611184484,-0.326820372354966,0.201301219801202,-1.62353895658318,0.104474242642951,0.135948916404084
"Gm6602",9.63644885078287,-5.01133738616951,0.271252428925107,-18.4748111050211,3.29378095537142e-76,1.2778548188063e-75
"Amy2b",4.01265063838727,-3.53293109948321,0.25519592543258,-13.8439949364183,1.38301635842466e-43,3.7718627957036e-43
"Amy2a5",16.6853954369173,-5.86223603318315,0.298113066194334,-19.6644719670277,4.34669022729697e-86,2.02315853646814e-85
"Amy2a2",4.80574079019294,-3.85639477113741,0.243881028131451,-15.8126066659799,2.54706417820601e-56,7.66984425165005e-56
"Amy2a4",7.56397902914291,-4.62172098775912,0.281928258367641,-16.3932520085741,2.13699714852928e-60,6.6777163216539e-60
"Amy1",3.28898103291801,-3.15561888695415,0.258662842253949,-12.1997379270118,3.118259427894e-34,7.85205702537707e-34
"Rnpc3",1.33636979556167,-0.384479887312148,0.198318379334701,-1.93870022840023,0.0525378508402523,0.0723036070092583
"Col11a1",19.4708171501153,-6.09642644643302,0.28248583511008,-21.5813527218359,2.68885454569396e-103,1.76996478291582e-102
"Olfm3",25.2364257493381,-6.48598504424508,0.23517114376845,-27.5798507432153,1.94145915601102e-167,3.39511450397907e-166
"S1pr1",7.39313885225718,-3.75961867482381,0.252846820048728,-14.8691554598126,5.22685270098036e-50,1.50036684625337e-49
"A930005H10Rik",11.2116247120374,-4.93052447026944,0.284219423519489,-17.3475985884946,2.05663598140803e-67,6.9374086093376e-67
"Dph5",14.5563885832664,-5.56336099120036,0.280034522934284,-19.8666969090304,7.90354327818256e-88,3.81651211027872e-87
"Slc30a7",1.97522558534476,-1.92142274406826,0.223074633656322,-8.61336276821362,7.09481417450303e-18,1.47667184971714e-17
"Extl2",2.34957346126043,-2.39035490218875,0.237205470443597,-10.0771491387553,6.97196455987985e-24,1.56666616455328e-23
"Vcam1",1.59857116585602,-0.826518054192896,0.200968108495747,-4.1126826558672,3.91087818729757e-05,6.50877861874488e-05
"Gpr88",27.6658504155855,-6.62298978442917,0.288958833720089,-22.9201845092052,2.92337260571551e-116,2.46526736701696e-115
"Cdc14a",7.23094089950444,-4.49053064629402,0.266010011944624,-16.8810587746931,6.20224198071164e-64,2.01529431306037e-63
"Rtcd1",2.09715160828505,-1.91640091939734,0.228278845479899,-8.39500005078698,4.65894047192419e-17,9.62583386639393e-17
"Dbt",6.97419229090057,-4.44079838789489,0.266505929543741,-16.6630378374603,2.43344211098423e-62,7.78343616380984e-62
"Lrrc39",32.222692954997,-6.84948358466516,0.299486940908342,-22.8707253942049,9.09094572586919e-116,7.61102432863467e-115
"Ccdc76",4.35425213882921,-3.66121599951726,0.26893475484748,-13.6137703793384,3.31681189167978e-42,8.93613319977727e-42
"Sass6",1.55151655235995,-1.2476039871095,0.210429024767515,-5.92885885627168,3.05047145576587e-09,5.56569765784615e-09
"Hiat1",2.40545129626514,-1.93056006719565,0.232257821957024,-8.31214230344789,9.39896183048123e-17,1.9315976675241e-16
"Slc35a3",1.28241145375339,-0.421712496640705,0.201533072583292,-2.09252253853479,0.0363917977319461,0.05103846968317
"Agl",3.27882699949169,-3.04081269255841,0.251568945979441,-12.0873929042375,1.23132282280793e-33,3.08421551586247e-33
"Frrs1",2.61920252289151,-2.42454621005098,0.242511095153439,-9.99767127568721,1.56022830244304e-23,3.48945661471837e-23
"Palmd",1.89078333718152,-1.81595137052587,0.222423448127993,-8.16438817853811,3.23068442365726e-16,6.59271801856564e-16
"4930455H04Rik",6.29620086267027,-4.31972988125032,0.266708559128909,-16.1964426464561,5.34298187847061e-59,1.64593481296055e-58
"1700061I17Rik",6.17581581121699,-4.28713177991591,0.246405015154134,-17.3987196536328,8.43676526412428e-68,2.86159289660356e-67
"4833424O15Rik",6.73642339810499,-4.43197489754603,0.267474757787274,-16.5696940309815,1.15411537035158e-61,3.65674187146296e-61
"Ptbp2",1.22219949551433,-0.20258632715641,0.203263709691702,-0.996667469385855,0.318925944821175,0.358289773370609
"Rwdd3",12.7451040721167,-5.44899507843695,0.291133287743704,-18.716496216104,3.63275300975401e-78,1.44645085514233e-77
"Tmem56",12.7366349283378,-5.44796578698915,0.285051655753456,-19.1122053741065,1.99842171946999e-81,8.45704205564115e-81
"Alg14",13.0637731526392,-5.35781550106717,0.282945535005376,-18.9358545663757,5.77706122942304e-80,2.38389404091607e-79
"Cnn3",5.42788940618768,-3.46938816462437,0.254545534743921,-13.6297349239092,2.66546702577647e-42,7.18684807569896e-42
"Slc44a3",12.7024019058884,-5.44371125946999,0.292270336904997,-18.6256029849498,1.99235689996259e-77,7.85209740868607e-77
"A730020M07Rik",9.17632115891146,-4.93334610131535,0.281904699138189,-17.5000491882437,1.43145503169253e-68,4.90784582294582e-68
"F3",8.01551761805633,-4.64938802991742,0.261035782425686,-17.8113053571154,5.77472075031745e-71,2.05131284904097e-70
"Abcd3",1.40089861410203,-0.709236710080905,0.206991036174509,-3.42641267558546,0.00061161038566065,0.000974395303875658
"Arhgap29",11.2225876032795,-5.11076874001467,0.251962744366908,-20.2838270906129,1.78673795241594e-91,9.29424226368831e-91
"Gclm",19.3520951473787,-5.86348199959179,0.289308817750508,-20.2672080484194,2.50469504078481e-91,1.2990072640732e-90
"Dnttip2",17.6364304658365,-5.55413568423346,0.270339322142182,-20.5450529365177,8.52183664951327e-94,4.63616334658252e-93
"Mir760",5.59502639096423,-4.12009963089484,0.271472024242146,-15.1768847725533,5.0311517991792e-52,1.46473019474152e-51
"Bcar3",3.16273334283569,-2.95374892437836,0.248520728785727,-11.8853221572719,1.41090034310213e-32,3.49627334013441e-32
"Pde5a",1.792724003684,-1.65727446135938,0.222620456127916,-7.44439433008405,9.73901910731416e-14,1.91767935647604e-13
"Fabp2",8.51405264018774,-4.81330427465856,0.274074969891324,-17.5619987354815,4.81495377395366e-69,1.66120678784125e-68
"1810037I17Rik",14.6298147025954,-4.31236059889599,0.281987133202092,-15.2927566230671,8.54550642659754e-53,2.50745045232373e-52
"Myoz2",4.21518356750487,-3.62147622246884,0.250050012024703,-14.4830075917415,1.55156734890911e-47,4.35791313495053e-47
"Mettl14",1.4378058840768,-0.901606286576889,0.197939927943038,-4.55494904916984,5.23982772079192e-06,8.94876515705343e-06
"Prss12",1.3995089059436,-0.825040538238187,0.206949756814096,-3.98667073080605,6.70069151764299e-05,0.000110601137461174
"Snhg8",1.63316549388245,0.697943106455389,0.201554417456491,3.46280233032377,0.000534580967011871,0.000853498286527593
"Ndst3",3.20807785712303,-3.10702086102377,0.252258884572029,-12.3167945751247,7.35604409510867e-35,1.86039487289085e-34
"Camk2d",2.50029894974212,-1.93802408507304,0.235296493922542,-8.23651917954638,1.77293272663164e-16,3.63571354665769e-16
"Larp7",1.51356819652077,-0.634434214216382,0.197294998816079,-3.21566293126269,0.00130143593912286,0.00204192834452098
"Mir302b",31.0571285898185,-6.79491135261919,0.298118052463291,-22.7926866436775,5.41870400200632e-115,4.46145660733012e-114
"Mir302d",42.1783544850248,-7.24743966029578,0.288595171349649,-25.1128237052695,3.602475718504e-139,4.35299149319234e-138
"Mir367",160.039774270199,-9.19341280003473,0.249849986930235,-36.7957305621224,2.16059429032327e-296,9.8932475399013e-295
"4930422G04Rik",1.77956675921777,-1.73146900809498,0.222708533687856,-7.77459659683169,7.56882156577727e-15,1.51405436188378e-14
"Tifa",1.22390144899006,0.22531237695627,0.21299225017123,1.05784307539422,0.290126990873791,0.331827717078859
"Ap1ar",1.20481509477976,0.168024931518581,0.214141417470729,0.784644715175419,0.43266190526358,NA
"5730508B09Rik",2.57203739796129,-2.35806863894895,0.247180899163542,-9.53984974942903,1.43039400333173e-21,3.12151199723731e-21
"Enpep",1.25873060641837,-0.0774268781870156,0.201833366500791,-0.383617830537015,0.701261722490954,0.714888427185388
"Elovl6",1.6282141467571,-1.40419280894554,0.212142538033882,-6.61910063846447,3.61390766511613e-11,6.82263942564419e-11
"Egf",7.26609797128012,-4.55642289054634,0.277863504778921,-16.3980616820176,1.97437655316004e-60,6.1751022213873e-60
"6330410L21Rik",6.60372857502816,-4.39885883495457,0.272387236307861,-16.1492839920841,1.1488751263596e-58,3.52876031750344e-58
"Lrit3",1.70798152337977,-1.62515347764095,0.212695163685646,-7.64076366138187,2.15937113827778e-14,4.28916185000381e-14
"Gar1",1.34696857217795,0.312875792901925,0.210193091651686,1.48851606131945,0.136614849644614,0.172628786043303
"Pla2g12a",1.23624248967694,0.253191008527104,0.212371749718525,1.19220663229775,0.23318023350696,0.276695742225986
"Casp6",1.27535714519978,0.307242348068369,0.211425902549725,1.45319161163855,0.146170560540017,0.183714983016129
"Ccdc109b",326.825175504561,-9.93885495769649,0.203117961273174,-48.9314430658828,0,0
"Sec24b",5.29234719317369,-3.84844273751508,0.260127604307296,-14.7944419346161,1.590984169027e-49,4.55314548372858e-49
"Col25a1",3.25198171328601,-3.13457586356025,0.253196956279147,-12.3799903032974,3.35383321353367e-35,8.51301209562158e-35
"Ostc",1.65135575138731,0.706458490529318,0.206001580624239,3.4293838347675,0.000604953333085226,0.000963936629641294
"Rpl34",1.4674680096589,0.665765970231213,0.20560894718453,3.23802042346775,0.00120362192771702,0.00189187186470427
"Rpl34-ps1",1.71874356027245,0.415516394280955,0.185330461867599,2.24202967010249,0.0249594547845941,0.0356612437321969
"Lef1",1.30014674727597,0.262404152194727,0.212884523448709,1.23261262934386,0.217720322769904,0.260128195206889
"Hadh",1.33405752395554,0.156767255697776,0.202957985017689,0.77241235758284,0.439870237074785,0.467071325779165
"Papss1",1.23974902997819,0.234663064720986,0.212759309111922,1.10295086828629,0.270048502009851,0.313589896068377
"Aimp1",3.1580988647317,-2.23920923923691,0.224539022660913,-9.97247254709239,2.0115763318708e-23,4.4940845077533e-23
"Tbck",1.21500175149974,-0.288317201303568,0.20226665630595,-1.42543119350061,0.154032596463073,0.192517695088528
"Ints12",1.27335289427967,-0.327544573759946,0.19848523572724,-1.65022135051929,0.0988976715457983,0.129115895983425
"Arhgef38",10.3677599960197,-5.1268947625173,0.278271917823951,-18.4240465319279,8.42622720966978e-76,3.24971599811424e-75
"Ppa2",20.7208160407964,-6.06246060173159,0.283425772612301,-21.38994116821,1.6576763659488e-101,1.05654098049484e-100
"Tacr3",1.82972764243039,-1.82507331942764,0.22602062124361,-8.07480887976385,6.75824154055566e-16,1.37348728213745e-15
"Bdh2",14.1898329479342,-5.60378946237326,0.278750063834238,-20.1032759788196,6.90794662616876e-90,3.48400786363294e-89
"Cisd2",18.0997120700757,-5.36955003457023,0.271830176485867,-19.7533257859228,7.51051059290694e-87,3.54154158039514e-86
"Ube2d3",2.88776135258767,1.7803427659421,0.198008182827678,8.99125854556976,2.44415340528008e-19,5.18848343861814e-19
"Manba",1.17733978368584,0.117754027615377,0.213712026113216,0.550993922789331,0.581637840562542,NA
"Nfkb1",1.48476771886182,0.547940526464125,0.2040710035822,2.68504842356702,0.00725192985616296,0.0108669653650554
"Slc39a8",17.6324486639185,-5.92466182367619,0.291223741489107,-20.3440206948162,5.24491691760217e-92,2.7433332975835e-91
"4933401H06Rik",13.7947246161463,-5.57124320553441,0.283193916817895,-19.6728915230087,3.68174651849164e-86,1.71902654977874e-85
"Bank1",1.51132087527959,0.168082106727772,0.215500609683219,0.779961165654468,0.435413733804099,0.46266863927886
"1700030L20Rik",44.1263303678147,-7.31383884709541,0.265034149306246,-27.5958357299998,1.2484098411171e-167,2.18681186933935e-166
"Ppp3ca",1.40121540850806,0.450263896827725,0.209220553650178,2.15210164093428,0.0313893499463665,0.0443143763948704
"Emcn",1.73207788133489,-1.08372699462772,0.218416996213619,-4.96173380924898,6.98667020526235e-07,1.21954250029993e-06
"H2afz",4.33092042689706,0.664214416975889,0.222764090340161,2.98169429355348,0.00286658086467368,0.00440622853757262
"Dnajb14",13.3613561980657,-5.42513566996901,0.294811276479559,-18.4020629561813,1.26457461206761e-75,4.86267364640363e-75
"Lamtor3",1.36876201809262,0.489812241261322,0.20814230634487,2.3532565284914,0.0186097905357089,0.0269767027482367
"Dapp1",1.30719642210711,0.225354776185584,0.213260063523806,1.05671344396101,0.290642387466708,0.331827717078859
"Rg9mtd2",1.81636380307643,-1.71361469650074,0.225910819134001,-7.58535913892771,3.31567362984249e-14,6.56967786972017e-14
"0610031O16Rik",4.95999118921199,-3.91179530798361,0.266049399720819,-14.7032668071737,6.14235221704547e-49,1.74540438611744e-48
"Adh1",1.28634708179484,-0.142364182922498,0.200948200783861,-0.708462093052648,0.478658344398038,0.502938115490692
"Adh6a",9.51099473990099,-4.99044871039048,0.273260128752202,-18.262630311925,1.64187605202549e-74,6.17255526940805e-74
"Adh5",1.71873562076212,-0.807482995697644,0.194971127632481,-4.1415516517899,3.44964165280216e-05,5.75215761943053e-05
"Metap1",1.2208503138526,0.197004261151056,0.213531643115443,0.92259984645249,0.356215775734922,0.392000127749348
"Eif4e",1.68846308064529,-0.669582464764916,0.200560957028388,-3.33854841284059,0.000842173534669253,0.00133337757081392
"Tspan5",1.18922078984574,0.137520714571996,0.213326023892736,0.644650437215966,0.519153741685373,NA
"Rap1gds1",1.2476332861864,0.105593394214627,0.20869287670226,0.505975076309267,0.612874146426178,0.630012415191936
"Pdha2",8.72413935810426,-4.85304625490035,0.272404053477082,-17.8156168858503,5.34652124677469e-71,1.90244314302412e-70
"Unc5c",8.48355823297702,-4.77386502686301,0.277343239083957,-17.2128408200276,2.12735074670116e-66,7.09343398133506e-66
"Pdlim5",14.7482831731891,-5.27263708630227,0.279072578425589,-18.8934259182622,1.29183467254449e-79,5.28477820586383e-79
"Gbp7",1.33457664951422,0.401480982776385,0.210038735490741,1.91146162558231,0.0559452837482803,0.076699771809855
"Gbp3",1.20878314616232,0.177739259370776,0.214005029222548,0.830537768278062,0.406234803266642,0.436795720715753
"Gbp2",1.59856366415256,-0.902368670431275,0.20611690350469,-4.37794598641806,1.19803030137985e-05,2.0235295820103e-05
"Ccbl2",2.2591585242565,-2.34395410339983,0.236976651386325,-9.89107614479141,4.55108939010584e-23,1.01372675981875e-22
"Gtf2b",2.3134205056248,-1.88495853515535,0.229402238884396,-8.21682710823606,2.08957979444954e-16,4.27665419605042e-16
"Pkn2",83.2712641513862,-7.93317792214613,0.25163666335207,-31.5263197996178,3.78676657982932e-218,1.08311898886077e-216
"Lmo4",1.68505477284876,1.02216178960908,0.2098128103952,4.87177969583341,1.10597452699582e-06,1.92055456783706e-06
"Sep15",10.6886638329222,-3.53620158172791,0.255913659407368,-13.8179477794068,1.98652805454519e-43,5.41214845758136e-43
"Sh3glb1",2.29458486732167,1.43653791516447,0.19793834508372,7.25750189816364,3.94304454383989e-13,7.67724450535032e-13
"Clca2",4.21750037610551,-3.62311657310873,0.254543202229175,-14.2337981976305,5.6526345665298e-46,1.57076137542111e-45
"Gm6289",2.2206685242924,-2.31332191254297,0.237064750883024,-9.7581859130312,1.7017186006327e-22,3.76317352056882e-22
"AI747448",2.91966760914183,-2.91628193142997,0.250708757854903,-11.6321502143844,2.82880852190377e-31,6.93257299734162e-31
"Znhit6",1.2289803683559,0.148430668858292,0.214704462984862,0.691325493633342,0.489361014337806,0.512050895553324
"Cyr61",1.73063531924738,1.04605317174794,0.227118475241412,4.60575992611809,4.10962296882753e-06,7.04391131087825e-06
"Bcl10",1.49579072115724,0.630921006360885,0.206112671223769,3.06104909812127,0.00220562923190613,0.00341592778239134
"2410004B18Rik",1.19294881973527,0.118458027613874,0.215229453400245,0.550380190733408,0.582058632693508,NA
"Wdr63",7.14747743773033,-4.5292823000642,0.276961605864175,-16.353466343943,4.1092425781364e-60,1.28061171688788e-59
"Ctbs",1.19288052723522,0.117733806423851,0.213758286414008,0.550780081553536,0.581784440044,NA
"Gng5",3.50578604144006,2.21621307476018,0.212612275083322,10.4237305860711,1.93222179623069e-25,4.43446813643622e-25
"Rpf1",1.31510484778639,0.316114801884713,0.211338012571656,1.49577824660167,0.134711451921149,0.170882100887308
"Prkacb",1.32670197191016,0.350827853778915,0.210717913327261,1.66491708388385,0.0959292993457575,0.12576349570346
"Lphn2",1.18910923278901,0.168037100469566,0.214095375279855,0.784870295539623,0.432529619699098,NA
"Eltd1",1.31526522501995,0.393100118141314,0.207375593406985,1.89559490431371,0.0580136316051467,0.0793894762036613
"Dnajb4",1.25678895148072,0.271525210380294,0.212082824058971,1.28027911541198,0.200446989987483,0.242915550177492
"Fubp1",1.48028638014429,0.437584670601134,0.208076663100979,2.10299734761113,0.0354660013482262,0.0497734983298134
"Zzz3",1.27434192329889,-0.135326633280997,0.203376007008542,-0.665401171315714,0.505793935964963,0.527996069540467
"Pigk",1.66229243542389,-1.07411762021049,0.208890267635619,-5.14201849788494,2.71802348406884e-07,4.77954609629084e-07
"2510003D18Rik",22.9157805035295,-6.34150690097908,0.295511757539132,-21.4594063998937,3.73035602973625e-102,2.40252417954636e-101
"Rabggtb",1.20851055288828,0.158218773885579,0.214391786673969,0.737988970287311,0.460521151649654,0.485759357622077
"Snord45b",3.45248602564217,-3.24733172076803,0.25361930302131,-12.8039612209453,1.55796676440196e-37,4.0430457420722e-37
"Acadm",2.76560452911874,-2.36146679404387,0.238616728426584,-9.89648466649909,4.31164664724437e-23,9.60802369204509e-23
"Slc44a5",17.3114208785472,-5.91836587579395,0.29015379858895,-20.3973406675205,1.76559941058251e-92,9.32365090869063e-92
"Tyw3",51.5575474025611,-7.53179584032093,0.269439071693729,-27.9536141249859,5.95809704237816e-172,1.11875059572712e-170
"Tnni3k",11.5530906491466,-5.29660076469659,0.291075949622316,-18.1966279645198,5.48840113372538e-74,2.04274181233843e-73
"Zranb2",1.36219351321246,0.333529828801045,0.211179460269946,1.57936680193567,0.114251947462827,0.147232538271657
"Cth",2.22036739311131,-2.31394840792475,0.227421090992645,-10.1747309267793,2.57109593727843e-24,5.79871280734216e-24
"Ankrd13c",20.9869201148524,-6.09271026454274,0.254181067299895,-23.9699609780703,5.72284715320362e-127,5.75038732237207e-126
"Srsf11",1.51143771997889,0.4976042542677,0.208619090249705,2.38522876152942,0.0170685038546972,0.0247940977101765
"Rpe65",28.5340891137153,-6.66901875404383,0.300140348110618,-22.219667552281,2.21705022283435e-109,1.64272564417251e-108
"Wls",1.74782540438141,-1.26335658595768,0.206316704391972,-6.12338486930015,9.16080556704102e-10,1.68675150123295e-09
"Vmn1r2",12.4534048727793,-5.41324172305469,0.236391391779295,-22.8994875080253,4.70112976659326e-116,3.9548585627102e-115
"Tmem68",1.21646037456724,0.168007063715562,0.214239018279567,0.7842038535498,0.432920504358755,0.461156984598221
"Tgs1",3.60904993067118,-3.07552995039069,0.251937614494486,-12.207506038992,2.83444911194562e-34,7.14084187468925e-34
"Lyn",2.4432963515201,-0.789146444493406,0.215818009682921,-3.65653656825404,0.000255645956187154,0.000414046506762936
"6330407A03Rik",1.31450363379109,0.30409978481004,0.210229684449072,1.44651211177415,0.148033617377593,0.185228876082287
"Rps20",14.6430969383182,3.76455140066608,0.226741629731433,16.6028241268489,6.64876882457368e-62,2.11303337986451e-61
"Chchd7",1.23239686424811,0.206536976360504,0.213401371839549,0.967833405100102,0.333127577608404,0.371194373059014
"Ubxn2b",31.9153276773298,-6.77138229868611,0.247979178144233,-27.3062534901525,3.57502312524813e-164,5.98128869031898e-163
"Sdcbp",2.12025036728402,1.40817296307088,0.202152175013426,6.96590557572458,3.26297950440654e-12,6.27126399595071e-12
"Nsmaf",97.5442515226016,-8.35987337417546,0.236011097198124,-35.421526671509,7.9623022537985e-275,3.09020206429949e-273
"Tox",260.182568925145,-9.72574406730324,0.198097025883627,-49.0958611009973,0,0
"Rab2a",1.89282192023609,0.915744206791004,0.192093612842391,4.7671767595019,1.86825393196125e-06,3.22869906467066e-06
"Chd7",133.28460638507,-8.74586293392708,0.186611726208139,-46.8666311149831,0,0
"Asph",1.17321055544127,0.128496089059444,0.214920727279497,0.597876671487058,0.549922226830457,NA
"Gdf6",11.0343183789781,-5.22458077351103,0.287727346783302,-18.1580959610553,1.10801397520008e-73,4.10200918478327e-73
"Plekhf2",1.41525422446568,0.5432772080428,0.207648197707501,2.61633481070746,0.00888793585629211,0.0132029098377475
"Trp53inp1",1.20520488421012,0.087296685945437,0.21308568509673,0.409678791448654,0.682041589869674,0.696110489611828
"Ints8",1.18515049468172,0.128517714942199,0.214979541776742,0.59781369836422,0.549964249416154,NA
"Dpy19l4",5.42787855235723,-4.04458286119134,0.259311958048358,-15.5973634676619,7.58630144972812e-55,2.25643837991913e-54
"1110037F02Rik",1.22021144628335,0.158235670551303,0.214418090378813,0.737977240034867,0.460528279931993,0.485759357622077
"Gem",47.1028055871466,-7.24523963947467,0.278637748144068,-26.00236216282,4.65670213858938e-149,6.33020446964494e-148
"1700123M08Rik",123.711692404732,-8.81968670875388,0.237269476125829,-37.1716027394802,1.96327518526568e-302,9.31663315189714e-301
"Tmem67",184.346138277656,-9.36659027143597,0.226279702494862,-41.3938597592449,0,0
"Fam92a",1.21989686036862,0.177721386706916,0.214014245391192,0.830418490984384,0.406302214567114,0.436795720715753
"Gm11818",8.75598590714293,-4.85884635641325,0.283518026694327,-17.137698131808,7.7664970325832e-66,2.57895130471274e-65
"Otud6b",1.6187463383205,-1.26857854401983,0.217101029452819,-5.8432636050467,5.11879193393403e-09,9.29556232219017e-09
"Tmem55a",1.19699915540017,0.158247441615945,0.214322724620605,0.738360535011279,0.460295389787979,NA
"Gm11837",2.01971143095368,-2.02224095124779,0.224579632035284,-9.00456080064317,2.16530752522084e-19,4.60122339981794e-19
"Necab1",13.0039122906574,-5.48011159940605,0.279152480070586,-19.6312481193803,8.36347920369444e-86,3.86006732478205e-85
"Tmem64",1.22031529799401,0.0769515864772305,0.210578174162411,0.365430020387017,0.714790435412417,0.728040209337135
"Decr1",1.21200111700754,0.16802173820246,0.214220210906035,0.784341204276753,0.432839928051433,0.461156984598221
"Nbn",1.81350631044526,-1.65044246808675,0.212436996124581,-7.76909153393824,7.90510291424462e-15,1.57920540422338e-14
"Osgin2",1.19669882241874,0.168007599603284,0.214110461377178,0.784677210644652,0.432642847722025,NA
"Ripk2",1.49351392768688,-1.02682148440395,0.212282423771136,-4.83705370497829,1.3177783240709e-06,2.28455757278317e-06
"Cpne3",1.29020835717311,0.333497926903043,0.210967949593333,1.58079901494944,0.11392399985428,0.147046970803584
"Fam82b",1.20877988523822,0.187394392809363,0.213744513078095,0.876721419000333,0.38063796993041,0.414225210457603
"Wwp1",1.21655152413175,0.196959890713568,0.213599965583156,0.922097015211785,0.356477973734022,0.392000127749348
"Atp6v0d2",1.33839686964166,0.484054611774089,0.208767029916386,2.31863533225509,0.020414817639346,0.029417625418188
"Ttpa",19.1806042908078,-6.07371870833855,0.284593198028288,-21.3417564102669,4.65141067473254e-101,2.94129178947351e-100
"Ggh",2.65373043032259,-2.23516893913167,0.230315702121477,-9.70480483329252,2.87626234384916e-22,6.33907090348011e-22
"Nkain3",16.2668469302879,-5.81279529809552,0.291334493617193,-19.9523071433258,1.43128908175215e-88,6.98255047359462e-88
"Prdm13",11.9677776582265,-5.35123277351569,0.268106010777793,-19.9593912795592,1.24216063372913e-88,6.07407822769656e-88
"Ccnc",1.22705015960147,-0.147972668939404,0.20358459813716,-0.726836265087749,0.467326264441654,0.491327915485485
"2610029I01Rik",1.20899445323022,0.158257886339371,0.214367049053565,0.738256588585247,0.460358541156091,0.485759357622077
"Usp45",1.18518992728571,0.128489958509209,0.215006619957469,0.597609313306848,0.550100648479027,NA
"Sfrs18",1.71672745727799,0.699165678601907,0.20461117774106,3.41704537513936,0.000633047275523998,0.00100839389021522
"Coq3",9.98452390972303,-4.95832152596566,0.284085647107981,-17.4536150503971,3.23119760002221e-68,1.10240859294875e-67
"Pou3f2",23.1061802879241,-6.35389917389722,0.289197991233174,-21.9707583265134,5.48451943942881e-107,3.88719504057276e-106
"Klhl32",24.8874728446933,-6.46509362736057,0.287608409120918,-22.4788059817906,6.69149710916462e-112,5.19013594499841e-111
"Ndufaf4",4.15469501035366,-3.34688753072952,0.247655238220989,-13.514301392418,1.28772300832224e-41,3.46044484089684e-41
"1810074P20Rik",15.1869382117111,-5.52663457044776,0.289635087755117,-19.0813710220098,3.60672702531321e-81,1.52076858417891e-80
"Fut9",9.81282615466927,-5.04005115545742,0.284154058291584,-17.7370373865489,2.17082835966723e-70,7.64045163245367e-70
"4930548K13Rik",1.61068391507517,-1.44824000070445,0.218408284438238,-6.63088400895337,3.33682374966228e-11,6.3006764236705e-11
"Epha7",1.8378013692508,-1.83332216218357,0.217675600068676,-8.42226763865662,3.69266316883708e-17,7.64150713234076e-17
"4930556G01Rik",8.81733370500325,-4.86993953617764,0.278762145836683,-17.4698739011385,2.4303124815748e-68,8.30250729962072e-68
"Map3k7",1.16950954468066,0.036323282694872,0.214140752130481,0.16962340112049,0.865306317804472,NA
"Bach2",1.26765454514942,-0.0583919114058629,0.207579470707518,-0.281299066843358,0.778481025978589,0.789752396386792
"Gja10",5.40557836197784,-4.06103916088103,0.257829332366302,-15.7508811104217,6.77309883286312e-56,2.03251370552144e-55
"Casp8ap2",1.6122503948123,-0.936901313855484,0.208147876671533,-4.5011331791482,6.75921357701369e-06,1.15210105704527e-05
"Mdn1",7.91099210061365,-4.60592087120577,0.272908331051189,-16.877172101946,6.62428943388825e-64,2.15042231622492e-63
"Lyrm2",40.6288117384892,-6.91525008275687,0.28656193064409,-24.1317821498963,1.15998382542513e-128,1.19666315587336e-127
"4933421O10Rik",36.1905508414417,-6.95750904361833,0.28532259926669,-24.384710715169,2.48473601459704e-131,2.68258986477694e-130
"Ube2j1",1.468318656599,-0.241983964727712,0.196528794968687,-1.23129012604116,0.218214373521347,0.260485368543052
"Gabrr2",37.9976033061964,-7.09348600225133,0.225402669864236,-31.4702838547736,2.21608021794624e-217,6.28692322699966e-216
"Pm20d2",1.4463860191729,-1.09203477628984,0.19689447716134,-5.54629460426662,2.91787028385245e-08,5.23501731627763e-08
"Pnrc1",168.707621380984,-7.94713296068323,0.2226174357522,-35.698609742003,4.15447445884872e-279,1.68111292055739e-277
"Rngtt",1.21625477411192,0.127632264623946,0.213682231922245,0.59729937990534,0.550307518408803,0.569195319323794
"Akirin2",24.5328195662394,-6.0392193347954,0.271685456963312,-22.2287177322521,1.81237665184638e-109,1.34766468983449e-108
"Orc3",3.71117761357839,-3.23026670365782,0.257092994681163,-12.5645846852571,3.30606499047669e-36,8.47209585188431e-36
"Rars2",1.25150551838253,-0.148216733245514,0.204308321724016,-0.725456173271925,0.468172222475649,0.492167757793352
"Slc35a1",44.3913165305158,-7.12989945857674,0.304409102478938,-23.4220967786929,2.54518071246506e-121,2.345250365237e-120
"1810030N24Rik",1.25148291017766,-0.0285247285282045,0.206738265371815,-0.137975079150942,0.890260113105525,0.89626958349293
"Zfp292",18.3901608945875,-5.71549099900022,0.279037992016665,-20.4828416291746,3.06260133819471e-93,1.64473034828975e-92
"Cga",17.9981843429889,-5.97734942097853,0.277475719955946,-21.5418827345597,6.30898518253048e-103,4.11404155562887e-102
"2410114N07Rik",1.94512362534213,-1.98800122275855,0.22447627602861,-8.85617517329615,8.28067175132505e-19,1.74365092948434e-18
"Mob3b",1.37238282419688,-0.416860910132474,0.199040843781491,-2.09434858802201,0.0362289390161434,0.0508168914857634
"3110043O21Rik",1.76227352464586,-1.49942760033868,0.207219346189714,-7.2359440752502,4.62301810594673e-13,8.99279094952186e-13
"Aco1",1.20853018887803,0.106119320121813,0.209840988083906,0.505713021515991,0.613058125709541,0.630139493197559
"Ddx58",2.051501821141,-1.79002909942474,0.220040012065475,-8.13501636644203,4.11882701532418e-16,8.39362756978029e-16
"Topors",19.8596656689825,-5.93665006768621,0.263971933897622,-22.4897017649939,5.23502373813918e-112,4.08167646199948e-111
"2010003O02Rik",1.29527004641599,0.298376517506921,0.211635706815236,1.40985905449033,0.158581305010761,0.197436157265757
"Ndufb6",1.59503231248009,0.712096268599864,0.204220700576797,3.48689563099447,0.000488662017906515,0.000781859228650424
"4930509K18Rik",9.68104588502419,-5.01858479729388,0.279726972502819,-17.9410113811721,5.64188619543052e-72,2.03810698547732e-71
"4933428C19Rik",23.9820296689892,-6.40961707212633,0.297535115874671,-21.54238854558,6.24046817241442e-103,4.07445201500979e-102
"Aptx",1.20912578888013,0.158286513472347,0.214381252409276,0.738341210779764,0.460307129619564,0.485759357622077
"Dnaja1",2.12317706394712,1.1962588424614,0.204253053062874,5.85674889321319,4.72015981974068e-09,8.5776272442285e-09
"Mir207",14.0411257130006,-5.59837642434792,0.288902410935556,-19.3780882832325,1.18155351392266e-83,5.211414738214e-83
"Smu1",2.27561635085916,-1.69412291680435,0.225116870069612,-7.52552625789655,5.25083999049267e-14,1.03784114919999e-13
"B4galt1",243.880111626414,-9.28022124171004,0.221077204812015,-41.9772868469236,0,0
"Mir5123",3.12275307518851,-3.05069408860746,0.244846869065218,-12.4596001584765,1.23990707272692e-35,3.16262639610776e-35
"Spink4",16.6736678629694,-5.86133317425166,0.300153967640608,-19.5277551062386,6.37822349992816e-85,2.88637422363459e-84
"Bag1",1.93698434385731,-0.398240574838419,0.197217147459668,-2.01929994408758,0.0434560537033276,0.0604988932741352
"Chmp5",9.77332829130623,-4.27318576132788,0.262165617531708,-16.2995659063152,9.93955426342446e-60,3.08285640255946e-59
"Nfx1",1.29058917361914,-0.135511234128279,0.203474130590369,-0.665987532346745,0.50541906950787,0.527657508566216
"Ube2r2",28.6633998743356,-6.16796599203481,0.292426579293443,-21.0923576336247,9.34845919901674e-99,5.67429732777528e-98
"Ubap2",1.4484196370671,-0.861451528039664,0.203499941482931,-4.23317825922775,2.3041172821147e-05,3.86115319827888e-05
"Dcaf12",1.33023212645974,0.393093050964676,0.209965573337099,1.87217858964701,0.0611819001289888,0.0834407625534478
"Ubap1",1.32003290140932,-0.0808962189711429,0.199926970223314,-0.404628844626533,0.685750352722321,0.699622171642825
"Nudt2",3.48042502356585,-3.0673791349442,0.24640930618165,-12.4483088016285,1.42839837185456e-35,3.64074194388711e-35
"1110017D15Rik",17.1676838794033,-5.90577137318978,0.288763069122475,-20.4519621956398,5.77066910793825e-93,3.08320294201e-92
"2810432D09Rik",2.22380140752044,-1.99230526639256,0.225468100404345,-8.83630661197589,9.8935014329267e-19,2.07990646314448e-18
"Dctn3",1.75738326103038,0.452023393173731,0.191032899839126,2.36620704367882,0.0179713909679134,0.0260693791447847
"Arid3c",9.40059040285555,-4.97190848105654,0.284336896103514,-17.4859771953285,1.83244703399994e-68,6.26826573884645e-68
"Sigmar1",2.80212090418976,-2.37036655796716,0.23094319052854,-10.2638512637775,1.02534000225181e-24,2.32657022897391e-24
"Galt",1.2129400996884,0.168069250594186,0.214199118334737,0.784640253894686,0.432664521698354,0.461156984598221
"Il11ra1",1.22787378051948,0.211917490520493,0.210474617236337,1.00685533155068,0.31400430024198,0.35317872166842
"Gm13298",15.3378357421306,-5.73402971012059,0.293501573330622,-19.5366234158526,5.36137473434398e-85,2.43042779967656e-84
"Gm2002",46.8464637004222,-7.401793943428,0.293375969328074,-25.2297213039654,1.89101843604844e-140,2.32535129238465e-139
"Gm13305",120.130368963077,-8.77697233632805,0.257246326778111,-34.1189413518766,3.86367184085862e-255,1.40058104231125e-253
"Ccl19",74.099860358339,-8.05229859546124,0.271823993672124,-29.6232076009227,7.50990554721071e-193,1.72315195412923e-191
"Ccl21a",2.14079043134335,-2.22816304940669,0.22885402477592,-9.73617593830116,2.11358754979676e-22,4.66705880285072e-22
"N28178",27.6049130572915,-6.61971011744933,0.277471934801242,-23.857224054718,8.52091898613999e-126,8.42409036129749e-125
"Vcp",1.74535187814506,0.675082546967776,0.194289995495683,3.47461301466125,0.000511590810188543,0.00081766810446546
"Fancg",35.4542645633304,-6.94815641511091,0.250928921481455,-27.6897392858895,9.28032486068663e-169,1.65901697852001e-167
"Pigo",6.16660872370599,-4.23409159985176,0.271063464287316,-15.6202961951515,5.29590427946742e-55,1.57833972816557e-54
"Stoml2",9.10511063864902,-4.58250939325873,0.261647486853923,-17.5140585081069,1.11922271826557e-68,3.84238249874795e-68
"B230312A22Rik",4.61797868014759,-3.67492262050096,0.246187868997847,-14.9273099257912,2.18921166041169e-50,6.30841008410103e-50
"Unc13b",53.2037976823495,-7.5886987087722,0.243343423417421,-31.1851399236496,1.69450403872094e-213,4.63105292257764e-212
"Fam166b",9.28033316089867,-4.95147959643856,0.28495384165963,-17.3764268893521,1.24471267044896e-67,4.21088797131793e-67
"Tesk1",1.6757754075126,-1.37374503446903,0.213903738438645,-6.42225818256594,1.34267439744212e-10,2.50985151464561e-10
"Cd72",34.822257644424,-6.72219028537576,0.257244990811846,-26.1314720421223,1.60072639000115e-150,2.22524414269134e-149
"Sit1",14.8715761783843,-5.57696795942706,0.266783988427158,-20.9044328046313,4.87963579848663e-97,2.83649207885303e-96
"Ccdc107",1.28340382406808,0.262313486868584,0.212425322369234,1.2348503650268,0.216886198971667,0.259521314600617
"Tpm2",15.6460308929801,-5.74224667769938,0.278739340039997,-20.6007758964895,2.70081151698708e-94,1.48794048745884e-93
"Tln1",2.01591514935152,1.0714406416044,0.204324795103637,5.24381116379414,1.57293186413374e-07,2.77999130888036e-07
"Creb3",1.35914700720503,-0.0248747776405364,0.197558630354938,-0.125910862997207,0.899802483685947,0.905003654111877
"Gba2",1.33868755169948,-0.636929824804426,0.195209481125623,-3.26280168940433,0.00110316685360885,0.00173632774787825
"Rgp1",36.8638619460829,-6.96447968171559,0.279508816650837,-24.9168515153339,4.88648418955456e-137,5.72557743422554e-136
"Msmp",31.4069770758562,-6.81155971743332,0.273170206077747,-24.9352219454514,3.08896599440493e-137,3.6275371182888e-136
"Npr2",16.0557700866289,-5.78194622508686,0.295099968770168,-19.5931780311031,1.76801824052587e-85,8.09566246977637e-85
"Hint2",1.40044984071625,0.0325093344722337,0.198788184038205,0.163537559485858,0.870095203000403,0.876814084876854
"Hrct1",2.45907169746086,-2.51961920708955,0.24114542755907,-10.4485464750202,1.4878801381199e-25,3.41920947434993e-25
"Olfr157",26.1623204085372,-6.53968317098976,0.24800870998395,-26.3687641107967,3.12756363133192e-153,4.52240502923896e-152
"Olfr155",22.5990058678403,-6.32066034820962,0.293571304597465,-21.5302389887059,8.11142540960466e-103,5.27621690194845e-102
"Reck",17.4997304729281,-5.82817709198476,0.259353862934722,-22.4719116424022,7.81539832706277e-112,6.05287526220588e-111
"Glipr2",3.46109694518584,-2.6869879515212,0.242824121358395,-11.0655726312929,1.84282050650442e-28,4.38247063505836e-28
"Ccin",35.0769368264634,-6.97521354088213,0.255088245235461,-27.344315824681,1.26177352461342e-164,2.13153974060909e-163
"Clta",16.2098043103715,-3.83329779727111,0.211503088579594,-18.1240747972744,2.05775210620577e-73,7.58578106948737e-73
"Gne",9.97134867369076,-4.97558425139278,0.213843250377518,-23.2674365106634,9.47565056044502e-120,8.49148427905974e-119
"Gm12504",22.6108472163459,-6.15580021430071,0.250788092179014,-24.5458233714967,4.79277168551741e-133,5.29487157638113e-132
"Rnf38",1.19265065716958,0.137455525683892,0.213298068371922,0.64442930371134,0.519297087419912,NA
"Mir5106",3.65696629227007,-3.35891285686757,0.248781568257843,-13.5014538271031,1.53320429319828e-41,4.11799660946489e-41
"Melk",24.5335602147438,-6.41161893069693,0.237688210225812,-26.9749135836635,2.91119948693286e-160,4.62601562307139e-159
"Pax5",19.0409483950965,-6.03870758069638,0.251241937495719,-24.0354283241399,1.18572642542168e-127,1.20535383460588e-126
"Zcchc7",18.269033913045,-5.67779057908313,0.272703586064582,-20.8203737289267,2.82970011952362e-96,1.61697149687064e-95
"Grhpr",37.1773692169191,-6.95520057971639,0.28756347146649,-24.1866623192678,3.07364778572999e-129,3.19929041705096e-128
"Zbtb5",1.87673444211966,-1.88221654263669,0.221157357605774,-8.51075706010129,1.72801352427678e-17,3.58728598000588e-17
"Polr1e",1.18539486947708,0.0773844973194947,0.214708563760797,0.360416445269074,0.718535730311108,NA
"Tomm5",3.34645231015764,-2.22167027149102,0.236497764220648,-9.39404344397202,5.77400744976037e-21,1.25037622434139e-20
"2900093L17Rik",22.166227145802,-6.29163329970749,0.264313449492238,-23.803681998756,3.05906557630313e-125,2.99593289086348e-124
"Rg9mtd3",18.2022081998145,-5.90823554555121,0.270056485622807,-21.8777769099882,4.22964223208677e-106,2.93405082411867e-105
"Exosc3",7.51173734455034,-4.19018423493372,0.255306691665093,-16.412355695049,1.56032083076283e-60,4.88594765241871e-60
"Dcaf10",13.3875209198104,-5.38685361435542,0.262756212752516,-20.5013368016123,2.09459797616864e-93,1.1283592812797e-92
"Mcart1",6.80586077098646,-4.20495070604924,0.234380911818947,-17.9406704812953,5.67660508044023e-72,2.04993971081965e-71
"Shb",20.148163665577,-6.12642982334918,0.285244470749809,-21.4778214885109,2.51005123570006e-102,1.62159250623197e-101
"Gm829",10.4508135827343,-5.13912250265076,0.271445852551683,-18.9324038453389,6.16823514823033e-80,2.54129340755819e-79
"Gm12409",32.2728550695267,-6.85186191177723,0.24539155887932,-27.9221581340004,1.43634688163551e-171,2.68735868176966e-170
"Aldh1b1",37.5839066618907,-7.05559896143792,0.265501581514445,-26.5746023853875,1.33480484307132e-155,1.98792618568682e-154
"Igfbpl1",36.8370475448248,-7.04764059284236,0.276636073545124,-25.4762168307481,3.61750566521068e-143,4.59449624632598e-142
"1300002K09Rik",5.00157323037683,-3.91415412839912,0.249690524523121,-15.6760218909976,2.20647569230303e-55,6.59479136205086e-55
"E230008N13Rik",8.19527293975312,-4.60882929429052,0.262166664784889,-17.5797685723016,3.52010153455178e-69,1.21688278214306e-68
"Tdrd7",2.28357416317075,-2.22259140875632,0.232331458122406,-9.56646778149743,1.10620506809832e-21,2.42112807357369e-21
"Tmod1",23.6093649751564,-6.38615693540059,0.304436577586753,-20.9769699358178,1.06464761963954e-97,6.29740575016246e-97
"Tstd2",20.6284751326514,-6.11884126915911,0.284374549051199,-21.5168385833905,1.0829974316488e-102,7.03577671836558e-102
"Ncbp1",13.8451832334451,-5.35208939902441,0.27848282635538,-19.2187413100815,2.57951729687724e-82,1.10550741294739e-81
"Xpa",2.66392040404091,-2.32061210202256,0.219433401315192,-10.5754734152311,3.87216922868096e-26,8.96152665649063e-26
"Foxe1",13.0112994958784,-5.48095184454727,0.259532973283163,-21.1185182954279,5.37546614453063e-99,3.27994544412038e-98
"5830415F09Rik",37.7915966892818,-7.06384203794589,0.276011919274428,-25.5925253391778,1.84774154005159e-144,2.39930617887295e-143
"Hemgn",17.9990515713454,-5.97715356719544,0.285808393157977,-20.9131491946482,4.06497022136107e-97,2.36953038029087e-96
"Anp32b",18.9758895236166,-4.75392264684316,0.28764722164042,-16.5269200923689,2.34840566994151e-61,7.40929440743107e-61
"Nans",28.9223477756197,-6.23815999024991,0.270689463902941,-23.0454480950417,1.63392186702141e-117,1.40743764783032e-116
"Trim14",5.78918435766084,-4.15093434737336,0.255136590531052,-16.2694591894226,1.62587380978099e-59,5.03384417974898e-59
"Coro2a",56.3511602400875,-7.49176733134108,0.261759462264203,-28.6208080752374,3.70190245660856e-180,7.53369622748408e-179
"Galnt12",1.20127737558422,0.118483844847228,0.215273906032983,0.550386468246991,0.582054327932082,NA
"Tgfbr1",2.38714000502671,-2.02299008137295,0.232443522858534,-8.70314671062763,3.22806170510786e-18,6.74154114849492e-18
"Alg2",61.1817020454546,-7.72972548903604,0.288395784347881,-26.8024912587209,3.02225258037379e-158,4.66060811508159e-157
"Sec61b",3.31007344972139,0.786275542068054,0.19296710476967,4.07466103099061,4.6081417994103e-05,7.6509224532194e-05
"Stx17",1.37058554145323,-0.517856762930696,0.191830945800155,-2.69954756658599,0.00694338292576956,0.0104300601071992
"Erp44",29.0496947429297,-6.09670969841377,0.255278939308666,-23.8825408587351,4.65135295222571e-126,4.60722246880801e-125
"Invs",32.5469411599403,-6.82121800582556,0.26894530859717,-25.3628443693824,6.4851877235564e-142,8.13766344157798e-141
"Tex10",1.18530108146807,0.108336256263722,0.215440334163761,0.502859674277024,0.615062934738855,NA
"Mrpl50",1.25217061877271,0.234709393324138,0.212833247451899,1.10278537838494,0.270120379257683,0.313589896068377
"Rnf20",1.27217134050254,0.225381945736272,0.213087299159522,1.05769769772878,0.290193285212047,0.331827717078859
"Cylc2",11.9934468760039,-5.35471195544085,0.282480500443678,-18.9560410259486,3.93686170940544e-80,1.62711149034809e-79
"2700081L22Rik",7.39676973517109,-4.58531443436365,0.275306548648701,-16.6553046299478,2.76930532749167e-62,8.84957074349954e-62
"Smc2",1.56864230846639,-1.04134080279857,0.209740502762843,-4.96490086121339,6.87361730352064e-07,1.20021014632473e-06
"Olfr275",5.17883510242257,-3.98774462965296,0.267593414019477,-14.9022525246556,3.18652960021578e-50,9.16961660040042e-50
"Nipsnap3b",1.35337632204516,0.409650731336267,0.209634418776011,1.95411962276084,0.0506870719664686,0.0700214362318945
"Abca1",1.3141328298564,0.199064013573395,0.208503696903773,0.95472654216422,0.339716003726408,0.376620481990411
"Slc44a1",6.36812981269272,-4.27823680712323,0.270866682745522,-15.7946217813086,3.38819272638112e-56,1.01850653796196e-55
"Tmem38b",1.23998688681711,0.259750167227417,0.210848325182938,1.2319290039513,0.217975605855899,0.260403401434441
"Rad23b",3.45279586662345,-2.74378179636902,0.241814075234993,-11.3466587654281,7.70510966265181e-30,1.85905580952357e-29
"Gm12505",55.8869043196808,-7.66081392662983,0.276903519671943,-27.6660041580759,1.79159199491403e-168,3.17558920660484e-167
"Klf4",1.84035974873967,1.0936332139345,0.208558979430917,5.24375990388249,1.57336914247817e-07,2.78029347452135e-07
"Ikbkap",1.21697842226464,0.215993361088451,0.213149904798965,1.01334017151998,0.310897705806117,0.351037806053935
"D730040F13Rik",1.17753562664312,0.0878785107271468,0.215910024266661,0.407014500719114,0.683997337986429,NA
"Ptpn3",92.4240284267149,-8.39554640979826,0.254423097966322,-32.9983656236652,8.57288792925951e-239,2.84129999941172e-237
"Palm2",4.44235260712929,-3.69246967882549,0.255001271513487,-14.4802010472728,1.61623743093621e-47,4.53711179859481e-47
"Akap2",17.4152664663943,-5.57363440394434,0.260911997363221,-21.3621238588932,3.00818301784638e-101,1.90798485457571e-100
"Txn1",3.12858501807698,2.11171965246727,0.221157944158298,9.54846845092647,1.31627721386458e-21,2.87367923729531e-21
"Txndc8",21.8374145643256,-6.26913320828139,0.293061606807647,-21.3918611740779,1.59083146973079e-101,1.01455592816063e-100
"Musk",32.2245767712465,-6.84963618389706,0.293453359392663,-23.341481583558,1.68199289952441e-120,1.52961723615286e-119
"Lpar1",1.46022882499109,-1.00153433072285,0.200544037443026,-4.99408680254273,5.9114807423179e-07,1.03411291805963e-06
"Mir3095",59.97650342288,-7.76427099896323,0.279051794083713,-27.8237630560942,2.23804146875008e-170,4.09914963750015e-169
"AI314180",1.83428729954563,-1.59086865402466,0.212787609695376,-7.47632184177512,7.64316399390792e-14,1.50641178207285e-13
"Ptgr1",7.26455859256183,-4.51158629364756,0.261809071994487,-17.2323527954087,1.51847284751564e-66,5.06804876216856e-66
"Dnajc25",148.927434771254,-8.97649999965057,0.264568075737229,-33.9288856927927,2.49896429534755e-252,8.99627146325118e-251
"Gng10",8.35188545713202,-3.70655368817499,0.263079885816238,-14.0890804961198,4.43295919547939e-45,1.2246650966077e-44
"Ugcg",80.0280306825156,-7.81632003683235,0.270211574406329,-28.9266662762513,5.51735955197518e-184,1.1707567829801e-182
"Susd1",17.7801455647929,-5.93664070036221,0.284429374761915,-20.8721082529944,9.60049874294957e-97,5.54978997100739e-96
"Rod1",301.447903863205,-9.20601516053815,0.214756136410956,-42.8672973652384,0,0
"Hsdl2",14.8348597751425,-5.54316981689248,0.276194926179798,-20.0697742480757,1.35619149635294e-89,6.77122870488987e-89
"E130308A19Rik",6.17282386206365,-4.18297444795205,0.272821000435907,-15.3323037495962,4.65191014948134e-53,1.36613057554389e-52
"1110054O05Rik",7.88617932483674,-4.5650519056843,0.274160450680432,-16.6510227655171,2.97474521176084e-62,9.50025696261339e-62
"Snx30",1.78945458851196,-1.49475460583526,0.213622455350181,-6.99717922156163,2.61167120987721e-12,5.0278162329187e-12
"Slc46a2",57.9673740438836,-7.71435725992707,0.263053626407028,-29.3261771954837,4.81057605745719e-189,1.07084038464505e-187
"Mup7",24.6265803095743,-6.44932756135458,0.303518333198353,-21.248560155804,3.39930759528817e-100,2.11620580171786e-99
"Mup15",2.29887618556854,-2.3942329783882,0.235668711741258,-10.1593162736717,3.01181087713054e-24,6.7868132003546e-24
"Mup1",9.75999710682738,-5.03152707312616,0.285086340805855,-17.6491341496878,1.03328209139364e-69,3.59822049171102e-69
"Gm2083",9.12657880388067,-4.92470863751157,0.284090278547858,-17.3350128793019,2.56009732810598e-67,8.62174713078273e-67
"Mup17",16.4357399845644,-5.83950756976567,0.299387405813709,-19.5048537659572,9.98422655920777e-85,4.49871926103276e-84
"LOC100048884",1.27290055138918,-0.570360319222216,0.193115713012511,-2.95346406734528,0.00314229188382079,0.00481796552608152
"Slc31a2",1.23213766084164,0.243947295005784,0.212543523756292,1.14775219067837,0.25107087905557,0.294845275205982
"Fkbp15",1.41248104968585,-0.511115111759204,0.193095934739605,-2.64694910562698,0.0081221575879233,0.0121153486523674
"Slc31a1",1.4214358633682,-0.724978732256714,0.195808051551104,-3.70249704500789,0.000213487847961059,0.000346465588794257
"Cdc26",1.40101757612884,0.417925639190932,0.209554152589085,1.99435627510777,0.0461131333349579,0.064003827373631
"Prpf4",13.0369847964568,-5.36371222141606,0.286582633022097,-18.7161104804368,3.65914972579297e-78,1.45640576200071e-77
"Rnf183",26.488476529793,-6.54753222291275,0.287445065024273,-22.778377574024,7.51215242058695e-115,6.17048554452619e-114
"Hdhd3",15.2002908156316,-5.66587805905627,0.287798982787749,-19.6869287173083,2.79107513923869e-86,1.30608805260654e-85
"Alad",2.57879582256549,-2.42658117921355,0.243089712084812,-9.9822454780272,1.82293869402085e-23,4.07439091534524e-23
"Pole3",1.21587630156916,0.177694915183942,0.214028787179217,0.830238387676088,0.406404015229373,0.436795720715753
"Rgs3",1.27953089427404,0.28947535386399,0.211879092731064,1.36622896640122,0.171867108437997,0.211829792717247
"Ambp",25.3187877023857,-6.49067982383043,0.28054668398277,-23.1358279901432,2.0192764070029e-118,1.76707843161025e-117
"Kif12",14.6360634946501,-5.66217882904539,0.291626672323645,-19.415846924871,5.66935662014609e-84,2.51543064659266e-83
"Orm2",3.51812994622894,-3.2847168582788,0.252635472018074,-13.0018038719591,1.19491090526373e-38,3.14070237939409e-38
"Akna",1.33851769560803,0.333583406829234,0.211104219457822,1.58018351166061,0.114064846635744,0.147107720676612
"Atp6v1g1",2.54505526391965,1.54804188852461,0.203656128356708,7.60125364758571,2.93275635473024e-14,5.81648486766408e-14
"6330416G13Rik",1.19656682395498,0.166600954954537,0.21264458913068,0.783471404730421,0.433350339349077,NA
"Gm11213",22.2892174271304,-6.29993069579636,0.253898857080203,-24.8127572067262,6.5295992724926e-136,7.48287776123192e-135
"Tnfsf8",21.4578681637473,-6.22011484155425,0.303502571903429,-20.4944386551473,2.41353871348111e-93,1.29816301745197e-92
"Tnc",1.98725335545357,-2.04477983952675,0.220866818200749,-9.25797662222049,2.0834275348768e-20,4.48658899837331e-20
"Tlr4",1.1964861783578,0.177707022314069,0.213887650415035,0.830842837205606,0.406062419498819,NA
"Cdk5rap2",1.18097660885275,0.108306401029516,0.215436834702165,0.502729262520249,0.615154633082179,NA
"Tle1",1.19732106456621,0.168073957669033,0.214113880455492,0.784974600018846,0.432468461047768,NA
"Gm428",10.5290675132565,-5.15115738599312,0.273997695437106,-18.8000025977427,7.55126843315902e-79,3.04618402017698e-78
"Gm13871",3.95823696446892,-3.5071538376764,0.253092044286765,-13.8572267159162,1.15033481208098e-43,3.13891673761773e-43
"Kdm4c",1.20080005442661,0.158230474870363,0.214350201050079,0.738186734116452,0.46040098309919,NA
"3110001D03Rik",1.48827884178111,0.513090910111722,0.208041219113696,2.46629447903453,0.0136519046972128,0.0199952139504632
"Nfib",1.3115110808949,0.450462990069053,0.209037501870444,2.15493864037965,0.0311666361309204,0.0440714724646904
"Zdhhc21",1.26577538754545,-0.306788358251938,0.201682176496297,-1.52114759757946,0.128222802245604,0.163548693395736
"Ttc39b",1.19726529619456,0.158272925302541,0.214324224279915,0.738474271092336,0.460226296388664,NA
"Snapc3",3.7045792504224,-3.3027122650692,0.255208435976717,-12.9412346908881,2.6336254908077e-38,6.89963616663297e-38
"Psip1",1.36525871646075,0.283552446870515,0.20941967705007,1.3539914246106,0.175739113595547,0.215925190765859
"4930473A06Rik",2.2242744823642,-2.30401024734971,0.232939889909949,-9.89100771121858,4.55420186703809e-23,1.01420365810319e-22
"Bnc2",2.82316388529195,-2.81802920161486,0.237220224262605,-11.879380058655,1.51486659106949e-32,3.75212507965966e-32
"Rraga",1.41278265963704,0.450330213275214,0.2090590336916,2.15408157840972,0.0312337749283068,0.0441424949575637
"Plin2",3.12747123508871,-1.94896232118301,0.236973675394103,-8.22438322713168,1.96197836926337e-16,4.01786076404661e-16
"Dennd4c",1.22442371334008,0.215943568135985,0.213148324695692,1.01311407652058,0.311005675363063,0.351037806053935
"Rps6",17.1316982778106,4.13380616704098,0.220846157025137,18.7180353179995,3.52930589174654e-78,1.40579753948241e-77
"Acer2",1.20891281910714,0.22538103562002,0.212936670316643,1.05844162625851,0.289854150329008,0.331827717078859
"Mllt3",1.23668797356301,0.187420706228596,0.213860121093973,0.876370523264785,0.380828637484311,0.414225210457603
"Ptplad2",1.24343848801231,0.30722625761847,0.21138084928684,1.45342522113519,0.146105728049351,0.183714983016129
"Ifna9",2.81721591445182,-2.84242593337524,0.244215029382337,-11.6390295083978,2.60968144330593e-31,6.40006442755788e-31
"Ifna13",1.36510553544979,-0.867435081192802,0.197741503272875,-4.3867122826298,1.1507684959106e-05,1.94433129912715e-05
"Gm13280",18.8008244138376,-6.04346844986756,0.274808321603344,-21.9915773096226,3.46724616690159e-107,2.46748806969684e-106
"Ifna2",34.3094390596375,-6.94251809471358,0.258219673508513,-26.886092761188,3.19395084139852e-159,4.98428203052325e-158
"Ifnab",3.53683258179586,-3.29543083450964,0.25297644577295,-13.0266310938186,8.63362137697024e-39,2.27212017079832e-38
"Klhl9",1.24351442042822,0.21592254613372,0.213227326073465,1.01264012502472,0.311232086746217,0.351037806053935
"Gm13289",4.5665743329162,-3.7664952063441,0.261654308783711,-14.3949290338557,5.56820106686044e-47,1.558081456393e-46
"Gm13277",23.6868208038442,-6.39101226620471,0.288109595837994,-22.1825734322241,5.06003157423291e-109,3.73070124540901e-108
"Ifna1",1.90021511506163,-1.92938341921378,0.224979286027364,-8.57582692736927,9.83773881681486e-18,2.04593612046907e-17
"Mir31",1.60256778805476,-1.43619208162095,0.213800258413227,-6.71744782854808,1.84934945705908e-11,3.5072131392728e-11
"Gm12603",18.0959564460292,-5.98566979217884,0.280501423264524,-21.3391779710655,4.91511888123044e-101,3.10428560919817e-100
"Mtap",1.58054843629706,-1.08520087261729,0.206247098384922,-5.26165401169412,1.42765229648504e-07,2.52707527556863e-07
"Tusc1",1.93228495376559,-1.88567463814589,0.224344265456861,-8.40527229125221,4.26870030679649e-17,8.82654608891965e-17
"5830433M19Rik",13.0841442929461,-5.32644058869703,0.257388496886753,-20.6941671952053,3.9092323794667e-95,2.18833169124034e-94
"Plaa",1.74008422336913,-1.3386854854605,0.213402809823259,-6.27304526388008,3.54053922544748e-10,6.56773800882582e-10
"Gm12657",1.29407708525241,0.355513123067367,0.209165190006774,1.69967633264337,0.0891918235011087,0.117482038525306
"Ift74",4.14759758813876,-3.53269831750238,0.254878954481401,-13.8602982136768,1.1021540634623e-43,3.00823226733239e-43
"Lrrc19",2.00212859488238,-2.06351543164997,0.229161397314677,-9.00463802294075,2.16378426470169e-19,4.59892258214284e-19
"Tek",18.1519480858169,-5.51913508157412,0.273138209249434,-20.2063823173636,8.60269948263438e-91,4.41989087592042e-90
"4930579C15Rik",11.7822502426104,-5.32721192070229,0.247392416076332,-21.5334487822723,7.56863249013183e-103,4.92929028053502e-102
"Mysm1",1.5694334051453,-0.922116890935078,0.201125843259181,-4.58477576025271,4.54473917001433e-06,7.7782093335983e-06
"Jun",3.75755803765002,-0.609641095894245,0.235208300796046,-2.59191998679875,0.0095441966371301,0.0141435646404029
"9530080O11Rik",1.29299351506087,-0.637860603113718,0.195293941868295,-3.2661566304186,0.00109017931211517,0.00171718044937876
"Hook1",1.75471123233408,-1.68210124031389,0.21854292674469,-7.69689170621834,1.39415954926817e-14,2.77502873105047e-14
"Cyp2j6",10.5080718084895,-5.10373873305012,0.284046673607694,-17.9679581113456,3.47262961091494e-72,1.2579546543356e-71
"Cyp2j5",2.85954680352745,-2.87263168774685,0.246123910329435,-11.6714856508734,1.78282350575831e-31,4.37739355600111e-31
"Gm12695",66.9458982953672,-7.92512511107036,0.199634757005891,-39.6981228616243,0,0
"Nfia",1.2162237230118,0.213900229961122,0.211771029601378,1.01005425701406,0.312469296100204,0.351679544123127
"Tm2d1",1.38467722601001,0.4422250924924,0.209093769781926,2.11496063681677,0.0344333023717452,0.0484479348734528
"Usp1",1.30236062406377,0.280443461399733,0.212120631361626,1.32209422345924,0.186136777104077,0.227031556315038
"Atg4c",1.18122700651388,0.118455891629822,0.215186935900551,0.550479010884593,0.581990869185664,NA
"Itgb3bp",1.19320448992847,0.118456345614063,0.215244987459762,0.550332655882206,0.58209122987093,NA
"Pgm2",1.18126784061503,0.11844953015088,0.215200650612862,0.550414368235186,0.582035195888518,NA
"Raver2",2.72917374858876,-2.73531567890439,0.244323721403743,-11.1954568438498,4.29184243570475e-29,1.02838730844061e-28
"Jak1",1.94094843346412,1.04577458605583,0.202129840466841,5.17377633921097,2.29409416154101e-07,4.04088797814884e-07
"E130102H24Rik",76.8088393756413,-8.08290973139821,0.262794018833847,-30.7575863684656,9.68092483303248e-208,2.52042033059499e-206
"Ak4",3.60907150781308,-3.33290456613523,0.258930429264519,-12.8718149334638,6.48599462447947e-38,1.69157591505285e-37
"Dnajc6",7.78836872926237,-4.66950870853649,0.271421701398879,-17.20388857807,2.48295067124887e-66,8.27386051957809e-66
"Leprot",1.60042073549084,0.23045126408303,0.187124406396866,1.23154038813234,0.218120820755808,0.260485368543052
"Pde4b",1.45219561213481,0.535919015583059,0.208019293057304,2.57629476432951,0.00998654718015635,0.0147739198754191
"Insl5",2.09949447041078,-2.18039791956991,0.22972356530964,-9.49139857128283,2.27955028050482e-21,4.96422714402803e-21
"Wdr78",63.0416371048706,-7.83723346753435,0.24195656146674,-32.3910763982802,3.66574316452136e-230,1.15272164571093e-228
"Mier1",1.39727000732074,0.342223473630037,0.211432569832562,1.61859392761035,0.105534662504163,0.136697503293233
"Slc35d1",6.60969917425108,-4.38785219366645,0.259974544077422,-16.8780070727222,6.53127179393773e-64,2.12154566050746e-63
"Oma1",1.18516057678579,0.138485724726474,0.214734316332624,0.644916597829474,0.518981235051989,NA
"Ppap2b",1.46463876264163,0.527013074246842,0.208326887626072,2.52974102504129,0.0114146744157728,0.0168080678280209
"Usp24",1.22033475151837,0.147266112682617,0.213189733852862,0.690774879358198,0.489707024442699,0.512050895553324
"Bsnd",43.4310912320432,-7.29050153558362,0.264378144780851,-27.5760371252582,2.15706715109387e-167,3.75956278087145e-166
"Ttc4",1.21656069658648,0.107224206683913,0.21266254494472,0.504198831589199,0.614121661412701,0.630922076869572
"Ssbp3",1.22819445595356,0.215947908103708,0.213230585454568,1.01274358762064,0.311182652352813,0.351037806053935
"Mrpl37",1.2357605639522,0.253152021497177,0.212383101277076,1.19195934127977,0.233277188179733,0.276695742225986
"Cdcp2",1.88976121968183,-1.91105231292323,0.227618498185356,-8.39585678738204,4.62509099932665e-17,9.55778900098382e-17
"2210012G02Rik",1.2211652303382,0.206544880949297,0.213320523936745,0.968237266333277,0.332925887222592,0.371194373059014
"Tmem59",2.29544597195047,1.45345028022989,0.199065672218406,7.30136072197935,2.84871866974986e-13,5.56211387921986e-13
"Lrrc42",2.4885097803753,-2.45498582404146,0.234294064830371,-10.478224558607,1.08766410040588e-25,2.50114828375273e-25
"Hspb11",11.5185249546826,-5.10507019517202,0.272983761503491,-18.7010031917475,4.85820647364663e-78,1.93070710258359e-77
"Dio1",4.51712203605087,-3.74688468264478,0.264607068708901,-14.1601836297381,1.61571406342975e-45,4.48022704441077e-45
"Yipf1",1.31160709298463,0.324916501595175,0.211099649940448,1.53916172616504,0.12376481884849,0.158746132980675
"Magoh",10.5339217900184,-4.6301031891531,0.277418828842652,-16.6899384892841,1.55130524233607e-62,4.97561497081063e-62
"0610037L13Rik",3.21835523197778,-2.93238656556492,0.239588663677598,-12.2392542307881,1.91786714833434e-34,4.83752912022482e-34
"Scp2",2.36356654189678,1.39572208988686,0.200693639920536,6.9544908869035,3.53837511049096e-12,6.79430497581858e-12
"Echdc2",1.98428171045044,-1.94951062089643,0.229656406780785,-8.48881443467548,2.0875574438679e-17,4.33110089705502e-17
"Zyg11a",32.6704609553706,-6.86998961055164,0.282154078453418,-24.3483618886828,6.03362620918858e-131,6.46725437617339e-130
"Zyg11b",1.22083384228932,0.147286351281765,0.21317844757346,0.690906388325258,0.489624371262936,0.512050895553324
"2010305A19Rik",364.253848612909,-10.3420755499807,0.213905265999678,-48.3488590224622,0,0
"Fam159a",2.92425400551251,-2.92020362605201,0.24345887365822,-11.9946485505866,3.79022499321138e-33,9.45292616558214e-33
"Zcchc11",1.32398664681089,0.262363265543524,0.212513758863062,1.23457072590102,0.216990309542864,0.259521314600617
"Prpf38a",1.23669633992277,0.196998342721838,0.213616431630827,0.922205942763296,0.356421163870262,0.392000127749348
"Cc2d1b",1.22064046503407,0.158254776284665,0.214435180915476,0.738007521009549,0.460509878805458,0.485759357622077
"Btf3l4",29.577267882271,-6.28595362692331,0.278965957376786,-22.5330491434593,1.96923317487708e-112,1.55395270942681e-111
"Txndc12",2.1128054564169,-1.74689763568347,0.224397339641985,-7.78484111474119,6.98008707157186e-15,1.39708797981615e-14
"Kti12",27.6102168085505,-6.47268396783175,0.284528320106499,-22.7488215071492,1.47407818846817e-114,1.20700990491041e-113
"Nrd1",11.5091222028802,-4.90196583888548,0.263336762498077,-18.6148177428181,2.43687800869464e-77,9.5931396722368e-77
"Mir761",11.3386512669125,-5.26699065272178,0.289355686307275,-18.2024784787834,4.93247397466214e-74,1.83779544237947e-73
"Osbpl9",1.40087309694523,0.453383272895781,0.207484647470051,2.1851413028582,0.0288784876778743,0.0409356974008158
"Eps15",1.31434808348286,0.359355013785726,0.210519964574562,1.70698781235283,0.0878243177187729,0.116090893515319
"Rnf11",1.30013740783917,-0.273862969028909,0.199492365388373,-1.37279924720804,0.169814764857451,0.21057918340798
"4930522H14Rik",1.84974153971719,-1.85455775998143,0.219370494929809,-8.45399815765937,2.81493761966336e-17,5.83209937473416e-17
"Cdkn2c",1.26320124819673,0.170650830607241,0.207464328338655,0.822555048252338,0.410761070241357,0.44041753859708
"Faf1",1.2442772210352,0.243983082707409,0.212573767543286,1.14775724929336,0.25106879016953,0.294845275205982
"Agbl4",18.6899723352361,-6.03444311639918,0.302943468544068,-19.9193702554487,2.76445611339585e-88,1.34174438976535e-87
"Bend5",1.19378167026647,0.0671430848980318,0.216464949704153,0.310179939014596,0.75642412506184,NA
"Spata6",1.20819765414649,0.187361086318175,0.213740580986873,0.876581720949294,0.380713871166855,0.414225210457603
"Skint7",16.8043443759127,-5.87320287841572,0.286792668027879,-20.478915722646,3.31965699832804e-93,1.78003179571365e-92
"Skint5",15.473829081855,-5.74724517908527,0.264323457977026,-21.7432278734217,8.00653236970252e-105,5.41725197276049e-104
"Skint11",26.9281934312451,-6.58269984868526,0.278712506803141,-23.6182434874899,2.50342101305433e-123,2.37597412511702e-122
"Gm12830",10.7758031929916,-5.18765067433197,0.275767983863255,-18.8116495673565,6.06217589816307e-79,2.45021743619134e-78
"Foxd2",3.70052655008683,-3.37999507036914,0.250237368447807,-13.5071555912487,1.41898777708362e-41,3.81220596828435e-41
"Cmpk1",1.89607680709664,0.592559964927491,0.18992764608562,3.11992475629568,0.00180897242212312,0.00281455619775938
"Stil",1.64149016987646,-1.46069790977255,0.210428724117902,-6.94153289146081,3.87867895706731e-12,7.4436412337836e-12
"Tal1",4.73744445486343,-3.77107416837052,0.264217128897028,-14.2726332093337,3.24105686117059e-46,9.02310230149892e-46
"Cyp4x1",9.95815933570073,-5.06323112242511,0.286311426182655,-17.684348787376,5.53569279708919e-70,1.94065254538654e-69
"Cyp4a29-ps",5.0393452327483,-3.93951281140534,0.269227449466886,-14.6326565853749,1.73863596041881e-48,4.92574204254339e-48
"Cyp4a14",1.84228999740618,-1.83969745994388,0.218961804921659,-8.40191037246014,4.39273065242413e-17,9.08120950718969e-17
"Cyp4a31",23.8092845936706,-6.39873791195252,0.288094964180448,-22.2105163488546,2.7179629738144e-109,2.01244918061151e-108
"Cyp4b1",2.01350733096592,-1.00757574928725,0.215594098850614,-4.67348482476507,2.96131595823544e-06,5.09578681456701e-06
"4732418C07Rik",1.34084499639714,-0.319304005579527,0.196678228154061,-1.62348424925514,0.10448592770588,0.135948916404084
"Atpaf1",6.77631185758451,-4.37146423922698,0.274919496366248,-15.9008884310021,6.24724635619677e-57,1.89101919277165e-56
"Mob3c",1.24840054640923,0.163983327860825,0.210073717341424,0.78059897228509,0.435038396425295,0.462316862650659
"Mknk1",1.29283642599479,-0.0658445797841236,0.201287294309447,-0.327117416973662,0.743579079017375,0.755887593470438
"Faah",4.99577354207736,-3.86234926854621,0.262776861208076,-14.6982091603867,6.61870567813744e-49,1.88025271509537e-48
"Uqcrh",3.89131892820036,2.03633430955618,0.207384475366384,9.81912607469103,9.31475340385593e-23,2.06510990733183e-22
"Lrrc41",1.18482472792878,0.13846281581733,0.214732257660954,0.644816094822383,0.519046370570074,NA
"Mast2",2.8646882493907,-2.82085728417605,0.24066911243811,-11.7208945327434,9.96145373854509e-32,2.45161662023599e-31
"Ipp",2.56422147125173,-2.63025862020571,0.244607348808371,-10.7529828233668,5.73756047885931e-27,1.33914892464322e-26
"Gpbp1l1",1.31906607147997,0.161459512256918,0.207775678531288,0.777085717626981,0.437108199783544,0.464374641878518
"Nasp",1.2441780763246,0.206509664688713,0.213413360813584,0.967651059434368,0.333218667813584,0.371194373059014
"Akr1a1",2.28941672086649,1.57742606025396,0.205437615820823,7.67837016581105,1.61125344299365e-14,3.2034823738057e-14
"Prdx1",64.1608990239374,-5.74998873690725,0.251616698113662,-22.8521746768564,1.39040978494024e-115,1.15572278302358e-114
"Mmachc",8.77751137115794,-4.81606522873565,0.275251396510144,-17.4969692789848,1.51098254420373e-68,5.17881082123668e-68
"Ccdc163",16.6831836299661,-5.76474359008413,0.292815635875405,-19.6872806086662,2.77175687773803e-86,1.29762967729081e-85
"Tesk2",5.00124176215819,-3.89880721818256,0.267777299049515,-14.5598870106672,5.05412694965372e-48,1.42685466074594e-47
"Toe1",1.5140735439259,-0.798120935986093,0.205411818830995,-3.88546745035521,0.000102133177181075,0.000167547198266879
"Mutyh",14.4343873634996,-5.60779748139463,0.278535424678517,-20.1331571661561,3.78118784710472e-90,1.92095382597437e-89
"Hpdl",1.7112320202681,-1.63858082969,0.219634500765839,-7.46048923997126,8.6201795373461e-14,1.69833316417991e-13
"Zswim5",10.5113797587065,-5.14835336322067,0.267761000464529,-19.2274205514954,2.18215176305434e-82,9.37131402973565e-82
"Urod",21.3065409703152,-6.04579329164085,0.278616273766254,-21.699354491809,2.08062955783126e-104,1.39689855844105e-103
"Hectd3",1.20101806493869,0.107258862390068,0.212619358503048,0.50446423667735,0.613935187604549,NA
"Eif2b3",1.58213460733727,-1.14216952553136,0.214067087749562,-5.33556810408699,9.52458703475841e-08,1.69426969914598e-07
"Ptch2",2.36707471551686,-2.46031672442681,0.23700227633271,-10.3809835183733,3.02641120535543e-25,6.93192913205589e-25
"Btbd19",1.38553157022836,-0.679942921492103,0.204166798560269,-3.33033052527092,0.000867429498054294,0.00137273972406955
"Rps8",19.1282195483503,4.32884758201763,0.22054543476896,19.6279174245999,8.93006318015663e-86,4.11610859164836e-85
"Tmem53",2.59895465781376,-2.62831697250334,0.245034341296833,-10.7263208846282,7.65849381850744e-27,1.7851010374016e-26
"Rnf220",1.2679125235246,0.271455542861686,0.212089217446444,1.27991203951815,0.200576072899803,0.242915550177492
"Eri3",1.24373860105557,0.195174066880892,0.212205389726153,0.919741327648467,0.357707950396833,0.392616841885072
"Dmap1",2.89884622953004,-2.74137995696957,0.254419575284286,-10.7750355054495,4.51607850500833e-27,1.05581655990971e-26
"Slc6a9",8.11678424565996,-4.73671342033188,0.27018019067715,-17.5316828686082,8.2103109802766e-69,2.82516963197389e-68
"B4galt2",17.7713558629642,-5.93611468985411,0.280757730914855,-21.1431922836502,3.18770211446571e-99,1.95417557692437e-98
"Atp6v0b",3.34206817676295,-1.29395871039963,0.21624017606883,-5.98389593424933,2.17862538633437e-09,3.98892476908643e-09
"Dph2",1.18484038748686,-0.0246448900260918,0.212842130017453,-0.115789529187999,0.907819349192314,NA
"St3gal3",1.95527743188388,-1.85763938092546,0.225871390954627,-8.22432346599669,1.96295678208964e-16,4.01907605511196e-16
"Kdm4a",1.96835733130327,-1.82537715689716,0.229162113584516,-7.9654403965163,1.64636375548997e-15,3.32585867014615e-15
"Hyi",1.83788956468509,-1.63674288434104,0.223213071791631,-7.33264799952637,2.25649056395389e-13,4.41156582166266e-13
"Szt2",41.6369889840309,-7.15426176884036,0.271429235002734,-26.3577420787717,4.1839167002222e-153,6.01654137056747e-152
"Med8",6.59224444354932,-4.00636587245503,0.260721003297278,-15.3664868644545,2.74664259485955e-53,8.08200357675696e-53
"Elovl1",1.79817900517882,-0.718354380888627,0.20129547410167,-3.56865639475729,0.000358816640581286,0.000576847201673641
"Mpl",4.94910788122685,-3.90851766570944,0.272288927874284,-14.3543026013676,1.00127666119858e-46,2.79800009178617e-46
"Tie1",1.22064901151202,0.223238601615951,0.211598934482099,1.05500815569956,0.29142159474319,0.332470926578397
"2610528J11Rik",2.34989882952613,-2.44821866373315,0.235158679458348,-10.4109219756305,2.21070146900776e-25,5.06912438753371e-25
"Ebna1bp2",2.65105531042754,-1.9387441800898,0.229739642928904,-8.43887522141648,3.20405911265778e-17,6.63303135755448e-17
"Olfr62",14.2099841679835,-5.61701602793534,0.290474054251849,-19.3374105043655,2.60218287519543e-83,1.14146173180842e-82
"Olfr1341",1.63051365317425,-1.49213436876043,0.214517801608522,-6.95576011674527,3.50666112193896e-12,6.73464718782979e-12
"Slc2a1",4.19583712294945,-3.46770884533276,0.254108222994392,-13.6465825641907,2.11570079402041e-42,5.70894708957691e-42
"Ccdc23",27.2751874672821,-6.16575274995941,0.277814043701284,-22.1938123350922,3.94124746804658e-109,2.9120044986841e-108
"4930538K18Rik",2.38994520789949,-2.47078906964113,0.233661513703341,-10.5742235016849,3.92414578130427e-26,9.07980539823062e-26
"AU022252",1.17726822312894,0.0981407580381514,0.215651025515826,0.455090615977381,0.649044048836132,NA
"Lepre1",3.10890974914489,-2.9903594938546,0.232530812421813,-12.8600569649671,7.5520995450307e-38,1.96667296707709e-37
"Ybx1",5.8478518854599,-0.330151343401337,0.218277562087538,-1.51252991944694,0.130399107176831,0.166223037719917
"Ppih",1.26312022259788,0.271385554226155,0.212114364551061,1.2794303431573,0.200745554341677,0.242915550177492
"Ccdc30",2.19794446812475,-2.28258213029993,0.231945609913802,-9.84102320862294,7.49446980551527e-23,1.66402094363206e-22
"Ppcs",1.22051261098936,0.168018934562847,0.214197618138926,0.78441084463354,0.432799077104098,0.461156984598221
"Scmh1",1.84571536583531,-1.73505055397743,0.224362167937689,-7.73325810641702,1.04828456493631e-14,2.09096118798912e-14
"Kcnq4",6.12527164809479,-4.27348767434152,0.257863699322865,-16.5726610048776,1.09854889541478e-61,3.48279698394484e-61
"Nfyc",1.25181877598609,0.25316106834892,0.212427628896041,1.19175207888242,0.233358470964271,0.276695742225986
"Rims3",21.4766555032673,-6.24415768324755,0.296082173380352,-21.0892726568384,9.97839079177504e-99,6.04961671696466e-98
"Smap2",1.55151203156437,0.550967597390271,0.207634356351907,2.6535473563752,0.00796505930953349,0.0118861090896983
"Zmpste24",1.22818564544922,0.215934414969147,0.213161434279895,1.0130088291938,0.311055943678519,0.351037806053935
"Rlf",1.18954866272184,0.138528279865592,0.21475162121963,0.645062789649058,0.51888649636991,NA
"Gm12886",21.06708490176,-6.21503491675405,0.301762741240671,-20.5957663666544,2.99511315404873e-94,1.64747003837032e-93
"Ppt1",2.27176341294234,-1.42641628784386,0.213864915577894,-6.66970682867489,2.56314923329784e-11,4.8476952890633e-11
"Cap1",18.409014744535,-5.51855957607565,0.192121451811314,-28.7243278876298,1.89581990616077e-181,3.90381850499377e-180
"Mycl1",39.3142388990992,-7.13305115283875,0.289827893998129,-24.6113341764296,9.55318766881064e-134,1.06554785536734e-132
"Trit1",1.18130361602988,0.10833575117959,0.215425421675222,0.502892139363748,0.615040108018029,NA
"Oxct2b",34.721034723643,-6.96019988912783,0.271840297346077,-25.60400336918,1.37671389661166e-144,1.78989951190856e-143
"Ppie",11.1793846712271,-5.09797178878779,0.271343430789236,-18.7878946394969,9.48690616129745e-79,3.81816886368332e-78
"Pabpc4",1.27199910964425,0.234698787555774,0.21286767435278,1.10255720258781,0.270219504391733,0.313589896068377
"Macf1",1.97782579145625,1.08247644651064,0.209090173193547,5.17707948669892,2.25386207790872e-07,3.97069188210715e-07
"Ndufs5",1.19703275853431,0.187407424780609,0.213671831305414,0.877080631712923,0.380442843898129,NA
"Akirin1",1.38177003219408,0.393157864240202,0.209955336462633,1.87257857249166,0.0611266025268605,0.0834338131386528
"Mycbp",22.3559979581686,-6.11729486034959,0.288965878482116,-21.1696096870766,1.82058883262131e-99,1.12069265404284e-98
"Rragc",1.29793290168773,0.140239494396021,0.20435194346429,0.68626454937791,0.492546299676435,0.514465789643433
"Utp11l",1.37689434481266,0.426092260008183,0.20951002445369,2.03375595568395,0.0419762073180853,0.0585557996259768
"Sf3a3",1.79192072184594,-1.17378230687504,0.214153504183803,-5.48103245542792,4.22850895342015e-08,7.56695808599699e-08
"Inpp5b",12.3907753731777,-5.25224481945517,0.286404639071958,-18.3385465978279,4.07547790533445e-75,1.55568516752072e-74
"Mtf1",1.18878427898249,0.128495730466607,0.214992346227803,0.597675836936328,0.550056251228676,NA
"1110065P20Rik",1.22820330611073,0.21593189839868,0.213147371128367,1.01306385931748,0.311029659476669,0.351037806053935
"Yrdc",1.27570756159952,0.25318425057907,0.212521604743456,1.19133417463462,0.233522422926713,0.276695742225986
"Gnl2",1.23250097027508,0.206503022280499,0.213359877812044,0.967862488477869,0.333113050584629,0.371194373059014
"Snip1",41.2694718795633,-7.09903420172476,0.278750492554431,-25.467342269677,4.53662321727144e-143,5.74089047131077e-142
"Meaf6",1.22416172725919,0.196940333649429,0.21361265283373,0.921950694572019,0.356554294497381,0.392000127749348
"Zc3h12a",1.82364613762936,-1.60769442181168,0.21571958326639,-7.45270502319837,9.14455900661769e-14,1.8013055854545e-13
"2610028E06Rik",9.12773158975873,-4.92519451953731,0.282382696327465,-17.441559215887,3.99037245275292e-68,1.36008777038003e-67
"Csf3r",38.8422399072597,-6.44834226983629,0.278429744719208,-23.1596745395839,1.16150764952855e-118,1.0181477633147e-117
"Mrps15",1.59618418097809,-0.253441828934172,0.197558015864771,-1.28287292127723,0.199536601148158,0.242594866191542
"Lsm10",8.11965793053243,-4.27424431817213,0.267784779508709,-15.9614908883689,2.37001652100514e-57,7.20109792761747e-57
"Stk40",1.22421163069943,0.234683662307489,0.212731700464107,1.10319083519518,0.269944300457179,0.313589896068377
"Fam176b",1.46999353912972,0.526261340954016,0.200032324983106,2.63088148877169,0.00851637279703685,0.0126762092958461
"Thrap3",3.70044663434674,-2.74969862193483,0.249090157887458,-11.0389693645671,2.47859768109401e-28,5.88772691481717e-28
"Mtap7d1",1.4273037373551,0.609374192253905,0.206572681492312,2.94992633029545,0.00317849709074517,0.00486990161834158
"Trappc3",1.38495400483733,0.404952765331198,0.205585475487358,1.9697537696728,0.0488665972670142,0.0676255667374906
"Adprhl2",1.2010730649226,0.158266717872413,0.214337937900964,0.738398061595337,0.460272592165728,NA
"Eif2c1",1.20900928370153,0.168065417359376,0.214184930744799,0.784674331545883,0.432644536200702,0.461156984598221
"Eif2c4",1.21203564508496,0.0572978219383854,0.209614317136213,0.273348799457967,0.784585106563167,0.795403817490723
"Clspn",1.34722748828494,-0.695595261014795,0.193611527057797,-3.59273681472046,0.000327223042987544,0.000527192680368822
"Psmb2",1.89856170247339,1.05078192532877,0.201503010637685,5.21472072304739,1.84094379653518e-07,3.24872434682679e-07
"Ncdn",1.18517468560007,0.128524596694415,0.21497957186689,0.597845625881117,0.549942943671648,NA
"AU040320",1.19304472923701,0.118449554425433,0.215257480229881,0.550269167412612,0.582134768623656,NA
"Zmym4",1.18534867100209,0.0878786115366545,0.215964080378009,0.406913091208677,0.684071820602694,NA
"Sfpq",1.87892120251398,0.835045405582331,0.204660132192104,4.08015668043503,4.5005355144738e-05,7.47345168937593e-05
"Gm12942",1.18150001443089,0.128540668619883,0.214966318975035,0.597957248525108,0.549868459285968,NA
"BC003266",1.33475867139833,0.359487002284421,0.21058246643328,1.70710794860179,0.0878019899995266,0.116090777051046
"Gja4",1.25224011701951,0.324913443478666,0.21133368047601,1.53744279069398,0.12418491447287,0.158746132980675
"Phc2",1.28312842937559,0.280466737898034,0.212031690977782,1.32275857728938,0.185915676514773,0.227031556315038
"Zfp362",1.18911096712888,0.148412620516448,0.214519478050282,0.691837505224868,0.489039380605453,NA
"Ak2",1.41225396913103,0.466255946289987,0.208761327029674,2.23344023016155,0.0255199277043949,0.0364171740341556
"Rnf19b",1.23542082062617,0.271371561602554,0.212057587839484,1.27970691531193,0.20064823162281,0.242915550177492
"Yars",1.20470470992397,0.168023017610904,0.214154447682039,0.784588036482774,0.432695146646317,NA
"Rbbp4",1.55068861526033,0.61665556074665,0.206297984548332,2.98914971029287,0.00279755019910436,0.00430709689996307
"Zbtb8os",1.25993778326265,0.262375254226412,0.212301543808135,1.23586126374819,0.216510137840519,0.259521314600617
"Bsdc1",1.21270468173607,0.19697303416233,0.21350134473506,0.922584513023839,0.356223769451509,0.392000127749348
"Marcksl1",1.40515778763631,0.505379216417157,0.208964329287206,2.41849514766968,0.0155848534211928,0.0227052567286147
"Hdac1",1.53071608655444,0.474135976182334,0.209010186960472,2.26848261837115,0.0232998072375922,0.0333356156722575
"Lck",1.87912054092715,0.958533969876528,0.210635309063247,4.55068038753518,5.34727213075369e-06,9.12629083620542e-06
"Eif3i",1.95148440039417,1.02971527252445,0.20154084490905,5.10921383201072,3.23502064394374e-07,5.68388009471098e-07
"2510006D16Rik",1.51105246706991,0.5730648809076,0.207404052246494,2.76303608680956,0.00572664346444959,0.00864086685487118
"Ccdc28b",1.23157159480501,0.253118672965244,0.212425978243657,1.19156176216315,0.233433125790083,0.276695742225986
"Txlna",1.23199280239764,0.225339881499443,0.21296634377503,1.05810090695591,0.290009440989498,0.331827717078859
"Kpna6",1.21665870976269,0.15825318485167,0.214434401061454,0.738002783454122,0.460512757693476,0.485759357622077
"Tmem39b",1.20121751742708,0.187424801053622,0.21368857049996,0.87709324188519,0.380435995110069,NA
"Khdrbs1",1.71095958655468,0.778422015281294,0.204613551349794,3.80435220515065,0.000142175768456478,0.000232032987757641
"Ptp4a2",2.09641524340039,1.1068988984315,0.2042586333622,5.41910459406972,5.98982687914215e-08,1.07032591685085e-07
"Pef1",1.28310890451196,0.324829490210282,0.211096083331807,1.53877554279254,0.123859102588064,0.158746132980675
"Tinagl1",1.42192848649652,0.659072737599161,0.211534965353193,3.11566807170025,0.00183528728384085,0.002854648278203
"Zcchc17",1.38929720447193,0.409731187635766,0.209745177519108,1.95347131448798,0.0507637731119658,0.0700966816197362
"Snrnp40",1.37793353270227,0.384812358379129,0.210147531653383,1.83115335855497,0.067077656138619,0.0907998862096847
"Pum1",1.31446005093866,0.342226119766298,0.210856566015653,1.62302804334247,0.104583410186289,0.135948916404084
"Sdc3",1.25025929002103,0.289322870082736,0.211797872373523,1.36603293904904,0.17192862497052,0.211829792717247
"Laptm5",3.76581336411442,2.27574698225426,0.216688206866544,10.5024035002323,8.42082658238609e-26,1.93812675308886e-25
"Srsf4",1.32648058959447,0.367905366684977,0.210349171996725,1.7490221767581,0.0802871860811201,0.107069142974425
"Epb4.1",1.2673775675049,0.253163031075294,0.212539155377996,1.1911359609247,0.233600214564841,0.276695742225986
"Ythdf2",1.31488168894534,0.316147530277361,0.211499281134689,1.4947924578336,0.13496861531474,0.17090928470252
"Rps15a-ps4",5.75107033780541,3.17352514675868,0.221825589451913,14.3063978984563,1.9958661457759e-46,5.5639098963686e-46
"Gmeb1",1.19304080443612,0.118449606851309,0.215243884890897,0.550304167346489,0.582110766384806,NA
"Taf12",1.38541911842409,0.376323011761444,0.210433826363454,1.78831995912801,0.0737244015223156,0.0988166326733823
"Snhg12",1.31124079501326,0.234675046482232,0.213101486049414,1.10123608630216,0.270793919824243,0.313612304841683
"Trnau1ap",1.38125555452273,0.458334010719552,0.208845396214637,2.19460911768679,0.0281916489487559,0.0400643466303584
"Snhg3",1.31487336667172,0.39317025308387,0.209864028896778,1.87345232601653,0.0610059501348024,0.0833532416447241
"Atpif1",1.71967063221639,0.864638366150911,0.20464878447529,4.22498657085995,2.38955027094808e-05,3.99918320434401e-05
"Dnajc8",1.84071694797019,0.986101231445824,0.201681416206066,4.88940057044367,1.01143494089967e-06,1.75989679716543e-06
"Smpdl3b",1.20806787295446,0.225298277575583,0.212972374100254,1.0578755978441,0.290112161557151,0.331827717078859
"Rpa2",1.24783817385442,0.215949268903147,0.213259115913712,1.01261448064205,0.311244340424604,0.351037806053935
"Ppp1r8",1.24401772757135,0.215942706753203,0.213217373174537,1.01278194894764,0.311164324639963,0.351037806053935
"Stx12",1.23590751710626,0.271416446663309,0.211987347893843,1.28034266837107,0.200424647632194,0.242915550177492
"Fam76a",1.2479117787019,0.280480279135454,0.211866723813686,1.32385243933874,0.18555205634682,0.227031556315038
"Fgr",1.47484511042471,0.739687306299158,0.205115650366244,3.6061963335241,0.000310718083072859,0.000501142713931816
"Wasf2",1.44457548366406,0.426079603865425,0.20957910676265,2.03302519247762,0.0420499778665634,0.0586352035430643
"Tmem222",1.27478135863278,0.316040347614027,0.211263707156215,1.49595191653215,0.134666185793251,0.170882100887308
"Wdtc1",1.18106157535535,0.138477706499226,0.21473155678796,0.644887545038235,0.519000063593218,NA
"Nudc",1.66682966937803,0.765565382334905,0.204949237233751,3.73539024915596,0.00018742430800409,0.000304688535590579
"Sfn",1.20544379963858,0.0981740700363712,0.215846317880855,0.45483319335826,0.649229248155019,0.663963458881628
"Zdhhc18",1.20526837013171,0.118481964546721,0.215274425608728,0.550376405426196,0.582061228448879,0.600036908991535
"Pigv",1.20141264825359,0.168080838784819,0.214129749413775,0.784948561537926,0.432483728172173,NA
"Arid1a",1.42835933964374,0.4741728540929,0.208801947773469,2.27092160369756,0.0231517241939771,0.0331328307861714
"Rps6ka1",1.29151482085496,0.289460138615297,0.211782532955486,1.36678003882472,0.171694261297819,0.211829792717247
"Hmgn2",1.96833825709885,1.13582064708675,0.210961828734667,5.38401024440923,7.28443549544672e-08,1.29954727567436e-07
"Dhdds",1.20068859532006,0.196980685110796,0.21346860874626,0.922761834949406,0.356131333811075,NA
"Cd52",10.748993976947,3.37708227142168,0.231107102828388,14.6126286474604,2.33338355698167e-48,6.5999795001053e-48
"Sh3bgrl3",7.42068618621879,3.12555895907621,0.216385675532956,14.4443894050657,2.71956650407648e-47,7.62618165526683e-47
"Ccdc21",1.17350965970248,0.0981446495125408,0.215637655607337,0.455136878742812,0.649010767997299,NA
"Zfp593",1.25567798423248,0.243947765720463,0.212641106419211,1.14722769190042,0.251287529492772,0.294845275205982
"Stmn1",1.68868904906915,1.00232840660228,0.227406316513643,4.40765420226199,1.0449620152555e-05,1.76727740794871e-05
"Paqr7",1.18150954423215,0.128528682375776,0.214953403982593,0.597937413385575,0.549881694661781,NA
"Fam54b",1.38430877574719,0.481927329469528,0.20842384469831,2.31224661538659,0.0207640967466103,0.0298920532314687
"Sepn1",1.20094756828561,0.196989905407313,0.213470445441865,0.922797087903954,0.356112958701234,NA
"Ldlrap1",1.22065743628296,0.225370126981286,0.212940143772918,1.05837313241238,0.289885363478394,0.331827717078859
"Tmem57",1.23583161715366,0.225321787080482,0.21308031696725,1.05745002770534,0.290306249837392,0.331827717078859
"Tmem50a",2.38365315639924,1.50788006970249,0.199593169521911,7.55476789769081,4.1960744635172e-14,8.30464784817432e-14
"D4Wsu53e",2.61727233194004,1.49179331342346,0.197153624715111,7.56665425542703,3.82959374839154e-14,7.58364164135199e-14
"Syf2",1.80699827329795,0.900837775982217,0.202625282205177,4.44583107388363,8.75527288374671e-06,1.48577777806105e-05
"Runx3",1.41301799790287,0.359462609342241,0.211416383183225,1.70025900514395,0.0890822178519749,0.117352473738122
"Clic4",1.6028751091207,0.906187334902611,0.205123665108583,4.41776103416892,9.97285921637309e-06,1.68746596789198e-05
"Srrm1",1.63724457509429,0.580458863333732,0.207451435939595,2.7980469776201,0.00514126344086441,0.00778459613091
"Nipal3",1.17341590235641,0.128514765454795,0.214921868511752,0.597960395304154,0.549866359551956,NA
"Srsf10",1.42800234246255,0.442216530489656,0.209238649394672,2.11345529025822,0.0345618179001394,0.0485698450501354
"Pnrc2",1.51198468510428,0.550895350212019,0.207551254641069,2.65426172038669,0.00794821527132163,0.011862668682287
"Cnr2",1.20932056470448,0.0775389226559638,0.216266977899177,0.358533343412752,0.719944219678831,0.732646228038502
"Fuca1",1.55405035559384,0.637885545992916,0.206262333658889,3.09259346909084,0.00198415738668457,0.00307978042179407
"Hmgcl",1.3381492937075,0.359386094168596,0.210590362826255,1.70656477032191,0.0879029779373111,0.116106666202622
"Lypla2",1.38921397951522,0.497657320636721,0.208022896119862,2.39231993169623,0.016742241208922,0.024343871618544
"1110049F12Rik",1.27560693508581,0.271421432835147,0.212191713111487,1.27913304838884,0.200850207534097,0.242915550177492
"Tceb3",1.32195047784707,0.333558838372744,0.211036245244967,1.58057606637929,0.113975001771144,0.147046970803584
"Rpl11",14.25620273961,3.82401969887128,0.210056425018094,18.2047261755592,4.73414794979378e-74,1.76516087842311e-73
"Id3",2.08538363482543,1.33369736259527,0.230654214852297,5.78223711823054,7.37137054131497e-09,1.33559716159889e-08
"E2f2",1.1771645209177,0.0981496503537713,0.215663178039542,0.455106204248626,0.64903283475588,NA
"Hnrnpr",1.45626458308388,0.466216779934566,0.209226196507971,2.22829066204816,0.0258611386349379,0.036828575548868
"Luzp1",1.27117828792768,0.350830312154011,0.210541852232972,1.6663210113959,0.0956494939515641,0.125633284354681
"Kdm1a",1.23622460395484,0.168020108328667,0.214250378250311,0.784223158441136,0.432909178689819,0.461156984598221
"Cdc42",4.13182947501772,2.35642965547754,0.204184211837315,11.540704515171,8.22487953824763e-31,2.00625566306788e-30
"Usp48",1.23572776599953,0.225308845551154,0.213023400547691,1.0576718096316,0.290205091631714,0.331827717078859
"Ece1",1.30668050212662,0.434246967474465,0.209211494760197,2.07563627405946,0.03792760388157,0.0531269604473594
"Eif4g3",1.40059036894144,0.426074303864718,0.209571877265629,2.03307003508241,0.0420454478480118,0.0586352035430643
"Hp1bp3",1.50285887389011,0.5357892746724,0.208021817999048,2.57563980464229,0.0100054815486635,0.0147998338577568
"Ddost",1.52468091708773,0.67932393750433,0.205706946476385,3.30238695941323,0.000958657191108865,0.00151389821134118
"Pink1",1.30299950480174,0.342234564597797,0.210773162975821,1.62371034227472,0.104437642700391,0.135948916404084
"Camk2n1",1.27054772020066,0.307170739533088,0.211662781552464,1.45122698133376,0.146716666089887,0.183772092529983
"Nbl1",1.32638822781544,0.482029726080834,0.210601171622786,2.288827371503,0.0220893844622648,0.031690693113377
"Minos1",2.16845063668515,1.25214170312421,0.201040164646536,6.22831614431721,4.7147494262299e-10,8.73039801522528e-10
"Capzb",3.08792196717913,1.92989243418933,0.204594891763016,9.43274984804971,3.99476100550862e-21,8.67054155873389e-21
"Akr7a5",1.27962683206981,0.225361689939456,0.213153661801488,1.05727336811759,0.290386844015516,0.331827717078859
"Mrto4",1.28665004581556,0.271376119867154,0.212253795881176,1.27854542596296,0.201057178468111,0.242994003049273
"C230096C10Rik",1.20922852549788,0.216008934658549,0.213105883379272,1.01362257687701,0.310762880505001,0.351037806053935
"Ubr4",1.28722909666361,0.280451076393846,0.212017866408669,1.32277095861945,0.185911557784087,0.227031556315038
"Aldh4a1",1.1893102490304,0.138507589039106,0.214763710070375,0.644930137376186,0.518972460459207,NA
"Rcc2",1.33842771720666,0.359376000607347,0.210593159384618,1.70649417890635,0.0879161091989036,0.116109320687736
"Padi2",1.21278590879969,0.187418612311113,0.213745189325994,0.876831955386239,0.380577919499844,0.414225210457603
"Sdhb",1.79990970563514,0.923737080266826,0.202826866564208,4.55431322247638,5.2556997421926e-06,8.97440387773811e-06
"Atp13a2",1.25936512458167,0.324826988298053,0.211039375967771,1.53917716449114,0.123761050863089,0.158746132980675
"Mfap2",1.27144792469614,0.367927957501607,0.210578374854254,1.74722574317642,0.0805981879337024,0.107245103495775
"Necap2",1.49453296688191,0.623629199547409,0.206443850261893,3.02081751893446,0.00252093238460967,0.00388982176992683
"D4Ertd22e",1.34239180036951,0.384791506900552,0.210056242951591,1.83184989645478,0.0669737870029881,0.090782437848766
"Spen",1.22412926218638,0.168003238370935,0.214237371936241,0.784192024260521,0.432927444374492,0.461156984598221
"Plekhm2",1.20023255363221,0.19692503160937,0.21347992849266,0.922452208972612,0.35629274770418,NA
"Casp9",1.17698182397786,0.0981000993106003,0.215662973317781,0.454876874789485,0.649197820595699,NA
"Efhd2",1.70142414446215,0.923725557461578,0.204636723290341,4.51397746508569,6.36229802605566e-06,1.08515587962786e-05
"Tmem51",1.27376702167801,0.367766955468263,0.210349626865879,1.74836038907145,0.0804016423561864,0.107077115354982
"Prdm2",1.25592877470571,0.225342525365891,0.213137358193845,1.0572643260453,0.290390969520048,0.331827717078859
"Pramef8",1.18520992543239,0.118460025474659,0.215201786859107,0.550460231783369,0.582003746212519,NA
"Dhrs3",1.44568342951073,0.699541680140229,0.206011652488192,3.39564132266899,0.000684680176377551,0.00108781936408182
"Tnfrsf1b",1.34839440117223,0.520559348971547,0.207823796978663,2.50481107813169,0.0122516814914531,0.0180151485592635
"Gm13157",1.27529609121663,0.271424190083104,0.212173276664993,1.27925719180773,0.200806501941486,0.242915550177492
"Rps19-ps3",1.27186884910816,0.324892872383959,0.211043871233386,1.53945656173389,0.123692874697363,0.158746132980675
"Miip",1.23662954381915,0.168040629400996,0.214238969097059,0.784360707621154,0.432828487188722,0.461156984598221
"Mfn2",1.17748046834717,0.118466221980055,0.215173306241693,0.55056188915454,0.58193404027605,NA
"2510039O18Rik",1.31137618923043,0.342262295951088,0.210802100897963,1.62361899854479,0.104457148167866,0.135948916404084
"Agtrap",1.25528448675627,0.202673288083697,0.210723472949443,0.96179739849069,0.336151385107371,0.373064787979265
"Mad2l2",1.2477203516836,0.215912437848659,0.213229379236404,1.01258296873472,0.311259398223315,0.351037806053935
"Fbxo6",1.2123744470645,0.187369047646943,0.213715084069665,0.876723552118886,0.380636811028987,0.414225210457603
"Exosc10",1.2285913076919,0.187393137580369,0.213788440115527,0.876535407990746,0.380739036137986,0.414225210457603
"Srm",1.29467316746833,0.307238228333539,0.21171196022806,1.45120865161598,0.146721768513969,0.183772092529983
"Tardbp",1.40490687020262,0.442256169846047,0.209161664527123,2.11442269235096,0.0344791811931153,0.0484863485528184
"Casz1",1.22004303552533,0.243944474788141,0.212525155849405,1.14783811738974,0.251035398439214,0.294845275205982
"Pex14",1.2443262979848,0.271462743483756,0.212035439706766,1.28027061824748,0.200449977345229,0.242915550177492
"Pgd",1.3809424075826,0.51300895170416,0.207954726434841,2.46692614541225,0.0136278462327559,0.0199655788198108
"Kif1b",1.26422422608788,0.243983649331104,0.212702414327146,1.14706572608925,0.251354457741599,0.294845275205982
"Ube4b",1.19282021415242,0.158231786008902,0.214319907553006,0.738297192339763,0.460333872269389,NA
"Lzic",1.19307885010163,0.12849707240924,0.214996135644824,0.597671544299377,0.550059116041296,NA
"Ctnnbip1",1.18880474274883,0.158228089717478,0.214317926216653,0.738286771016652,0.460340203693118,NA
"Pik3cd",1.36208580250788,0.384757306160734,0.210300139454484,1.82956277232526,0.067315344758308,0.0909823886831357
"Slc25a33",1.1931296978799,0.158276015126172,0.214335006152409,0.738451538866334,0.460240105498145,NA
"H6pd",1.1930291056743,0.158252341415512,0.214348454240696,0.738294763897889,0.460335347652982,NA
"Rere",1.28018269862056,0.280538631076165,0.211981623844956,1.32341014276479,0.185699020601977,0.227031556315038
"Errfi1",1.20150931953317,0.206566970278217,0.213383499596551,0.968055030819056,0.333016886817003,NA
"Park7",2.02669551552868,1.02967172336466,0.202254769112433,5.09096387631915,3.56247898695689e-07,6.25185419798788e-07
"Vamp3",1.35723360453766,0.466212388331526,0.208567210232474,2.23531008451365,0.0253969984678285,0.036271499863766
"Camta1",1.22450163535664,0.196974676492313,0.213558191242523,0.922346622933435,0.356347802251531,0.392000127749348
"Dnajc11",1.19711222838712,0.14843542617457,0.214549306864339,0.691847614629801,0.489033031259833,NA
"Thap3",1.252127744304,0.225359702221977,0.213067890680224,1.05768964766353,0.290196956457234,0.331827717078859
"Nol9",1.19686194402081,0.13848442837474,0.214777290470402,0.644781522624825,0.519068777621738,NA
"Tnfrsf25",1.17750671646494,0.108347584647673,0.215424741686079,0.502948657613149,0.615000370023625,NA
"Acot7",1.32623632393798,0.401467277600096,0.210079945677188,1.91102142713325,0.0560018273599613,0.0767473327519932
"Icmt",1.18872879524702,0.138474852520255,0.214759923283723,0.644789076113206,0.519063881986208,NA
"Rpl22",6.98321177384232,2.89723685397233,0.210926835570911,13.7357432312036,6.20163755394572e-43,1.68081765480772e-42
"Kcnab2",1.30330337074871,0.333626121516055,0.211170495494731,1.57988984556973,0.114132095092909,0.147127226193556
"A430005L14Rik",1.25886205225827,0.289365597561078,0.211817306230387,1.36610932652663,0.171904651393784,0.211829792717247
"Lrrc47",1.24042938179827,0.187397051014437,0.213843035105551,0.876329925461169,0.380850701052643,0.414225210457603
"Wdr8",1.18123872995576,0.138493842241941,0.214732549179607,0.644959708116267,0.518953296775157,NA
"Tprgl",1.74320219006343,0.894960631643163,0.203117086166931,4.40613169739765,1.05232996937112e-05,1.77887384718823e-05
"Rer1",1.81510254144116,0.946618306496257,0.202838663612751,4.66685339784871,3.0584738664517e-06,5.25950702779703e-06
"Ski",1.30584364337308,0.409612718542966,0.209708066390213,1.95325208798016,0.050789731717194,0.0701103793636791
"2610002J02Rik",1.33773377116348,0.315983018299366,0.2114265573702,1.49452851254675,0.135037535252102,0.170925299227927
"Gnb1",2.13041138917291,1.43627878850289,0.204184565716554,7.0342182008836,2.00381336074644e-12,3.86473517202897e-12
"Nadk",1.62751892720163,0.912278988076866,0.204202524335418,4.46752061976658,7.9131386044249e-06,1.34527221999993e-05
"Cdk11b",1.34249801069776,0.342198680118292,0.211023428039422,1.62161463917819,0.104885886172708,0.136009023927844
"Mib2",1.18158300885352,0.118486376715226,0.215215596209325,0.55054735252543,0.581944007728818,NA
"Ssu72",1.80462230944673,0.985931612859223,0.202288561958657,4.87388710124266,1.09423539030303e-06,1.90080157649977e-06
"Atad3a",1.2248399239221,0.168048808066091,0.214242156854021,0.784387211806287,0.432812939841257,0.461156984598221
"Mrpl20",1.55763422140109,0.726551883988029,0.204777621205114,3.54800431664496,0.000388161859810999,0.000623735542008132
"Ccnl2",1.33836102802255,0.393180742361058,0.209858614491194,1.87355064415312,0.0609923862157875,0.0833465621613087
"Aurkaip1",1.71961650794036,0.847093841269246,0.203327394031753,4.16615697704244,3.09777433684438e-05,5.1728669348457e-05
"Mxra8",1.43213134052503,0.679397868105049,0.209437542476271,3.2439163488658,0.00117898365208908,0.00185426172458722
"Cpsf3l",1.2436710689823,0.234654825855954,0.212815699363064,1.10261990331659,0.270192263180113,0.313589896068377
"Pusl1",1.18102192201666,0.138469954285644,0.214731426629655,0.644851834028291,0.519023207678028,NA
"Ube2j2",1.33752609007333,0.409677202733352,0.209520216538061,1.95531108884154,0.0505463631559255,0.0699223574066334
"Sdf4",1.74684918875649,0.809987389432522,0.204041781320775,3.96971338021763,7.19591400262151e-05,0.000118625204780307
"Tnfrsf18",1.30357272476188,0.243992611073127,0.212882012567903,1.14614009953189,0.25173718798139,0.294884914585097
"Isg15",1.33405911404141,0.458333916922491,0.210089231824017,2.1816154637874,0.0291379246360805,0.0412810331389171
"Noc2l",1.24789076176457,0.196963868090457,0.213681076957737,0.921765609265501,0.356650849638539,0.392000127749348
"Dhrsx",1.32273153871957,0.367934428102591,0.210339574744614,1.74924014441563,0.0802495175346605,0.107069142974425
"Fam133b",1.28016798478275,0.225367493898058,0.21315821375688,1.05727801864161,0.290384722198918,0.331827717078859
"C030048B08Rik",1.18939603441384,0.128533879378207,0.215009794772338,0.597804762868149,0.549970212288942,NA
"Gatad1",1.33732091718185,0.401368658700431,0.209767804592572,1.91339495343435,0.0556975099682278,0.0764355917210169
"Ankib1",1.22837227670663,0.16799852495668,0.214253516887121,0.78411093268163,0.432975020972233,0.461156984598221
"Krit1",1.22506011522002,0.177789396323373,0.213980527878971,0.830867173222098,0.406048669949583,0.436795720715753
"Akap9",1.35136471079188,0.307324185084499,0.211752523629386,1.45133658771588,0.146686157909937,0.183772092529983
"Cyp51",1.18483981543957,0.118438138672012,0.215212801094553,0.550330361714759,0.582092803125223,NA
"Cdk14",1.19296994241902,0.177748758965462,0.213861342956471,0.831140198168682,0.40589443327756,NA
"Sri",2.04915848631917,1.08221281839369,0.201918326752218,5.35965623230284,8.33804601674504e-08,1.48497441854006e-07
"Dbf4",1.18131116514274,0.0981360496890901,0.215679667337557,0.455008350580859,0.649103231235807,NA
"Abcb1a",1.19303895386552,0.148422667569625,0.214561109265625,0.6917500943094,0.489094282040216,NA
"Crot",1.21258725737266,0.196969741515458,0.213514390404105,0.922512722176087,0.356261197398485,0.392000127749348
"4930420K17Rik",1.42966512318336,0.333610023025065,0.21154305423504,1.57703132457566,0.114788317574998,0.147839876077348
"Dmtf1",1.24814303426948,0.243989923585066,0.212615973127299,1.14756158719544,0.251149595000986,0.294845275205982
"Sema3c",1.33429480469923,0.497650826327297,0.209236807646496,2.37840957298523,0.0173875010118009,0.0252434307555558
"Cd36",1.7609520260155,1.13231098023734,0.211445141069446,5.35510522734331,8.55066403917142e-08,1.52206193638448e-07
"Tmem60",1.33092908013047,0.376400921609698,0.210128624071982,1.79128818490125,0.0732470611435811,0.0985183352665533
"Rsbn1l",1.51217256648038,0.573271066586746,0.20722542207399,2.7664128312503,0.00566767348581518,0.00855683459029797
"A630072M18Rik",1.22458953079482,0.225357940292417,0.212955184395234,1.05824115497542,0.289945512947614,0.331827717078859
"Ptpn12",1.39132273510704,0.580277465414328,0.207449802069465,2.79719459659943,0.00515484756073614,0.00780290104887419
"Pion",1.24715412409619,0.280426123194915,0.211877533383314,1.32352929882183,0.185659419512318,0.227031556315038
"Fgl2",1.43904825808885,0.665391714771523,0.210672607543725,3.15841590669741,0.00158629067851173,0.00247583714810322
"Armc10",1.25204169425334,0.225374013586849,0.213111374663123,1.05754098739736,0.290264758829076,0.331827717078859
"Pmpcb",1.27555261076661,0.243941233639073,0.212735474915487,1.14668808169386,0.251510557976571,0.294845275205982
"Dnajc2",1.4642532374725,0.426092330860127,0.209881316281523,2.03015846483729,0.0423404342733489,0.0590165732728655
"Psmc2",1.53417052712003,0.693120432961995,0.205319691007849,3.37581081268771,0.000735985089330699,0.00116755574116586
"Gm15421",2.04881608303572,1.34569787320103,0.202408097474039,6.64843892114362,2.96217854304458e-11,5.59731112930053e-11
"5031425E22Rik",1.33160377716021,0.3336299053172,0.211107974136602,1.58037566644127,0.11402086078288,0.147087333074665
"Mll5",1.67019305953814,0.644924516341184,0.206612673956705,3.12141798463111,0.00179982373595149,0.00280073927609682
"Srpk2",1.3973234391784,0.458326498647311,0.208996897443979,2.1929823086018,0.0283086537547559,0.0401733856453959
"Tomm7",2.5768432342541,1.65755165386892,0.198262865075556,8.36037375550504,6.25198685356346e-17,1.28866224582828e-16
"Fam126a",1.177495505489,0.118491630517016,0.215172822858603,0.550681210307312,0.58185222735238,NA
"Klhl7",1.17309980227235,0.128501441763342,0.214919772918414,0.597904231976471,0.549903835941893,NA
"Cdk5",1.20501654917265,0.17776081017342,0.213907679551181,0.83101649527682,0.405964310916344,0.436795720715753
"Slc4a2",1.20820890374308,0.206456558482801,0.213324284383703,0.967806169275373,0.333141182158049,0.371194373059014
"Fastk",1.25541402437443,0.2622950952453,0.212343010163325,1.23524242706908,0.216740293501279,0.259521314600617
"Tmub1",1.25965434994161,0.243949588411099,0.212715128730976,1.14683703912581,0.251448977983116,0.294845275205982
"Agap3",1.17345193828326,0.108341301812422,0.215395976439096,0.502986655570402,0.614973654285964,NA
"Abcf2",1.28330253274276,0.289446651944162,0.211815664136647,1.36650258196879,0.171781271019987,0.211829792717247
"Chpf2",1.19302143392208,0.158243489659503,0.214307722099464,0.738393783057705,0.460275191370795,NA
"Nub1",1.31847772486856,0.307259928707264,0.211528751499037,1.45256815695176,0.14634369262032,0.183714983016129
"Rheb",1.67286832804179,0.882735543816555,0.203221476224319,4.34371189609005,1.40095218992334e-05,2.36397945091315e-05
"Galnt11",1.1856175469535,0.118486000407749,0.215217675387696,0.550540285291657,0.581948853607269,NA
"Mll3",1.33905095496911,0.298411880562948,0.211869227392289,1.40847202888233,0.158991343834576,0.197556490077716
"Insig1",1.21590945761581,0.234630239905068,0.212755631114657,1.10281565134519,0.270107229818988,0.313589896068377
"Rbm33",1.21674721004515,0.138494561462187,0.214861513252558,0.64457593808061,0.519202032099986,0.540189398685829
"Nom1",1.21695840096863,0.128532519325288,0.215107504083465,0.597526896483425,0.550155655146849,0.569195319323794
"Dnajb6",1.64809434145872,0.772128433976626,0.204157711206541,3.78201944669866,0.000155561205979788,0.000253600716806526
"Hadha",1.38155200133225,0.367831756735855,0.210612651052379,1.74648462425163,0.0807267765493485,0.1073888311895
"Hadhb",1.40075239536317,0.489833951292626,0.208342159036716,2.35110336552816,0.0187178333370289,0.0271032149845467
"Ept1",1.18457261190739,0.128463459790836,0.214976306644182,0.59757031738136,0.55012667481688,NA
"4930471M23Rik",1.20453546865593,0.206474010846834,0.213269691249728,0.968135742293844,0.332976581432744,NA
"Cenpa",1.28536091957521,0.350587459863113,0.211533498540389,1.65736142162927,0.0974464261314567,0.127358624037607
"Mapre3",1.17722629576094,0.138502219635881,0.214703322604292,0.645086521977803,0.518871117627509,NA
"Tmem214",1.24005710849591,0.215946427700004,0.213174740518138,1.01300194936384,0.311059229815237,0.351037806053935
"Ost4",2.39066982412789,1.55671135791552,0.200164296393716,7.77716798631019,7.41660943814223e-15,1.48389042802232e-14
"Emilin1",1.23202995582371,0.262333896840007,0.212331071999745,1.23549461870716,0.216646477988653,0.259521314600617
"Khk",1.25469104881294,0.262246782568292,0.212337678418671,1.23504591611487,0.216813416011906,0.259521314600617
"Preb",1.30291992268701,0.37638809132036,0.210136265174128,1.79116199199823,0.0732673034886866,0.0985328672448652
"0610007C21Rik",1.52240975324693,0.637764611669914,0.206683380783886,3.08570824248699,0.0020306797133194,0.00314918244311565
"Mpv17",1.25126647583155,0.289405172310296,0.211745029936253,1.36676252754279,0.171699751813226,0.211829792717247
"Gtf3c2",1.22384211279984,0.206449238560598,0.213369383135919,0.967567302892223,0.333260513518717,0.371194373059014
"Eif2b4",1.20928762628194,0.15829008248551,0.214382445807989,0.738353748549368,0.460299512671265,0.485759357622077
"Snx17",1.41363781589698,0.434254420254983,0.2093575517836,2.07422381736602,0.0380585292400028,0.0532758172788454
"Zfp513",1.19339204203744,0.0981513712788926,0.215723831284771,0.454986223331653,0.649119150138099,NA
"Ppm1g",1.51952930129632,0.513063797762298,0.208176477464346,2.46456181799007,0.0137180897723587,0.0200808829533686
"Nrbp1",1.40460386381872,0.489792683964435,0.208484077938806,2.34930498677314,0.0188084937017527,0.0271930029422931
"Zfp512",1.20525447452956,0.158276589668792,0.214367745748743,0.738341438055262,0.460306991544481,0.485759357622077
"Gpn1",1.22872210726568,0.197014195739256,0.213559375351333,0.922526559253801,0.356253983285937,0.392000127749348
"Supt7l",1.17341548641174,0.108350955980898,0.215395471490057,0.503032655381986,0.614941313259577,NA
"Slc4a1ap",1.19313163709739,0.138488403322996,0.214777911530689,0.644798165397973,0.519057990987977,NA
"Mrpl33",2.31931666987243,1.54891666041094,0.202912004223781,7.63344025079322,2.2857066364877e-14,4.53837529192308e-14
"Rbks",1.17673724678778,0.148358289870267,0.214484077540274,0.691698384195489,0.489126761920356,NA
"Bre",1.2514754812078,0.262314093212925,0.212241046939419,1.23592536408756,0.216486307915036,0.259521314600617
"Fosl2",1.27799285791576,0.367796239340392,0.210403874369304,1.74804879635833,0.0804555782362617,0.107096294375439
"Ppp1cb",1.53567658656368,0.665835545747093,0.205817525530581,3.23507701314853,0.00121609924558481,0.00191090850751135
"Pisd",1.26334861348637,0.289438285850175,0.211744922383433,1.36691960587396,0.171650505918759,0.211829792717247
"C330019G07Rik",1.20896559329274,0.087867259117073,0.216032845063204,0.406731018569727,0.684205555876401,0.698114347473576
"Ywhah",2.10427579665667,1.30610710582786,0.201247854615033,6.4900423824458,8.58122305268764e-11,1.61071500665334e-10
"Spon2",1.2474532495553,0.316050011407157,0.211556074206572,1.49393021492048,0.135193860116021,0.170977867265806
"Ctbp1",1.75799550950054,0.935395672288863,0.202344019392219,4.62279871230448,3.78597056311195e-06,6.49984092729629e-06
"Maea",1.30261080833136,0.342226586351221,0.210835696119342,1.62319091430089,0.104548599490835,0.135948916404084
"4933407H18Rik",1.21696000756257,0.197005775413434,0.213559964818831,0.922484584507959,0.356275867565047,0.392000127749348
"Fam53a",1.25207137415487,0.196971775700259,0.213666129186401,0.921867103832923,0.356597900001153,0.392000127749348
"Slbp",1.42295584815208,0.417818355562339,0.210316309554306,1.98661890011176,0.0469646451529607,0.0650711208224167
"Tmem129",1.18529284069816,0.12851734800428,0.214980647788858,0.597808915947183,0.549967440834827,NA
"Letm1",1.26413591469907,0.271471354045136,0.212137807052742,1.27969341163993,0.200652982617675,0.242915550177492
"Whsc1",1.2084242480613,0.148371375752701,0.214658412675877,0.69119758179119,0.489441383350182,0.512050895553324
"Whsc2",1.27516152247211,0.298349291661234,0.211596607894397,1.40999090028009,0.158542369862092,0.197436157265757
"Mxd4",1.27966563025231,0.289465517953383,0.211895770251963,1.36607501701984,0.171915418838655,0.211829792717247
"Rnf4",1.2787438734173,0.280420049762118,0.211942132237023,1.32309723792207,0.185803043142699,0.227031556315038
"Fam193a",1.19311903178296,0.0981559601891122,0.215708113447133,0.455040650166221,0.649079994385534,NA
"Tnip2",1.1736774286894,0.0981562797781209,0.215638637278567,0.455188740834604,0.648973459908157,NA
"Sh3bp2",1.20473388594666,0.148409953874077,0.214603999039608,0.691552601714033,0.489218336287089,NA
"Add1",1.392794409301,0.513024388459831,0.207805820337628,2.46876813953673,0.0135579033719347,0.0198798470790727
"Mfsd10",1.3181694356708,0.271406662105401,0.21239058248954,1.27786580235387,0.2012967478315,0.243223001032086
"Nop14",1.25599999528048,0.206502607114313,0.213496642912302,0.967240535014583,0.333423802829516,0.371194373059014
"Htt",1.22516757192167,0.177793490720597,0.213995439038314,0.830828411668928,0.406070569880403,0.436795720715753
"Lrpap1",1.33820945774664,0.384754604801604,0.21006021202154,1.83163960989504,0.0670051313960693,0.0907998862096847
"Acox3",1.20491065024392,0.158251919723946,0.214351862493395,0.738281057524388,0.460343674917987,0.485759357622077
"Sh3tc1",1.18481021192435,0.16800491264054,0.214064302749682,0.784833858249582,0.432550985786366,NA
"Grpel1",1.38934413118693,0.482054138717033,0.208288093976489,2.31436242712675,0.0206478500794675,0.0297411085581734
"Tbc1d14",1.23199178912501,0.215913303094163,0.21316065726695,1.0129134797317,0.311101489194986,0.351037806053935
"D5Ertd579e",1.17736623175364,0.128517084599348,0.214937112558389,0.597928775861988,0.549887458263481,NA
"Cno",1.28691610543525,0.298362465366836,0.211620060695218,1.40989688967412,0.158570131228583,0.197436157265757
"Mrfap1",2.00299844760756,1.24305325319802,0.199978437428062,6.21593642387162,5.10194593505814e-10,9.43900683360039e-10
"Jakmip1",1.24901924859959,0.177807841864664,0.21407524523674,0.830585720773231,0.406207704097229,0.436795720715753
"Stx18",1.20412437250548,0.177696318239755,0.213915798540807,0.830683471963657,0.406152465766589,NA
"Nsg1",1.22053692790224,0.2531952337362,0.212486201302306,1.19158435787544,0.233424261368987,0.276695742225986
"Lyar",1.34130920119644,0.376326971819041,0.210233825750463,1.79004006836522,0.0734474702293122,0.0985740622157015
"Tmem128",1.40164064372241,0.417967825342477,0.209525912812508,1.99482641422253,0.0460618154154957,0.0639815530784693
"Wdr1",1.82211673494043,0.935066728568368,0.203606157617303,4.59252676594346,4.37911324138453e-06,7.49966244095382e-06
"Hs3st1",1.23663118170012,0.234737279665759,0.212867516569821,1.10273884643534,0.27014059184761,0.313589896068377
"Rab28",1.28391717819194,0.289498171452966,0.21184847033804,1.3665341599636,0.171771366582087,0.211829792717247
"Bod1l",1.44061036626146,0.324820863257921,0.211637807921782,1.53479601044616,0.12483394309477,0.159420962190752
"Fbxl5",1.28320901934995,0.342231745935639,0.210704988225936,1.62422232533322,0.104328367784157,0.135927782726587
"Bst1",1.27089709300232,0.350793005475183,0.210808127583533,1.66403928300241,0.0961045793420301,0.12589293489345
"Cd38",1.39496310708667,0.316161581454925,0.211688217251247,1.49352470137571,0.135299893296851,0.17104999830699
"Tapt1",1.18526698455712,0.118475366238183,0.215215227985072,0.550497134182349,0.581978441976355,NA
"Ldb2",1.21311603841238,0.234744086582211,0.212790416705337,1.10317038810669,0.269953178182943,0.313589896068377
"Qdpr",1.39610819258292,0.481937488287689,0.208615507987027,2.31017095966642,0.0208786911296477,0.0300239029467661
"Lap3",1.24387285149425,0.225347743451405,0.213036965654954,1.05778705004835,0.290152538042254,0.331827717078859
"Med28",1.77699292740508,0.900619204238161,0.203139610751003,4.43349871996206,9.27160581889337e-06,1.57135657060466e-05
"Lcorl",1.1927991722495,0.128497301729317,0.215007419640746,0.597641243934849,0.550079338055189,NA
"Dhx15",1.41606318045125,0.481973468438259,0.208581516419393,2.31071993679995,0.020848329294203,0.029986400187041
"Sod3",1.55892046285977,0.883049706482526,0.222777595979925,3.96381737848586,7.37606873692843e-05,0.00012153749623348
"Anapc4",1.21689044603328,0.138488967596831,0.214890939080653,0.644461642679374,0.519276123002175,0.540189398685829
"1810013D10Rik",1.30249331996846,0.253109602515878,0.212661676199867,1.19019847411528,0.233968392793897,0.276767969991067
"Rbpj",1.20060593645324,0.177739153845068,0.213903408211705,0.830931845972065,0.406012131994434,NA
"Stim2",1.29142066386422,0.307287157794495,0.211481777628306,1.45301955204185,0.146218325467807,0.183714983016129
"Arap2",1.30365215300262,0.262360768850992,0.212426071895773,1.23506858884874,0.216804978491371,0.259521314600617
"Rell1",1.25155697136676,0.316085791264781,0.211135304174818,1.49707692183523,0.134373243968845,0.170882100887308
"Pgm1",1.22093338405202,0.215989448528156,0.213136375731238,1.01338613733639,0.310875758284899,0.351037806053935
"Tbc1d1",1.26470741850073,0.168059864055654,0.214356382197709,0.784020808396763,0.433027900626806,0.461156984598221
"Klf3",1.51166163692674,0.595064820935582,0.207070298702944,2.87373333917503,0.00405651302094072,0.00618338384269544
"Tlr1",1.20131893578247,0.0568007363690425,0.215229774385449,0.263907428845415,0.791851251137676,NA
"Fam114a1",1.1812655191803,0.12850565182398,0.214952046505929,0.59783404676929,0.549950670551832,NA
"Klhl5",1.21622204670806,0.234658926112,0.212687094463405,1.10330589970223,0.269894345433743,0.313589896068377
"Rfc1",1.35834741213054,0.393151726105217,0.209986377883547,1.8722725258076,0.0611689097398426,0.0834339453467411
"Rpl9",16.4429950593001,4.03260698383627,0.218308300966581,18.4720735124662,3.46515104839727e-76,1.34334114167351e-75
"Lias",1.20467739440713,0.187382155262873,0.213728533699318,0.876729709503784,0.380633465797106,NA
"Ugdh",1.22471025263721,0.225371838575962,0.212941520886304,1.05837432567364,0.289884819681095,0.331827717078859
"1110003E01Rik",2.13023691517424,1.05076719891095,0.203779826846658,5.1563847863196,2.51763271526051e-07,4.43239216649573e-07
"Ube2k",1.54622649004526,0.616609156523827,0.206571476748432,2.98496755810459,0.00283608400955897,0.00436192060397697
"N4bp2",1.18557414637696,0.0671338935242934,0.216435575561689,0.310179568908989,0.756424406493965,NA
"Rhoh",1.48112358324793,0.409759147353546,0.210041918664422,1.95084462167862,0.0510755319507139,0.0703653409297247
"Rbm47",1.18871582552833,0.177716560158153,0.213844241678734,0.831056093739214,0.405941941643368,NA
"Limch1",1.35124884229308,0.528519438839916,0.20975851443064,2.51965666459123,0.0117469352555858,0.0172851309469085
"Tmem33",1.32194604011811,0.384723986619333,0.2100810312067,1.83131234842807,0.0670539355763812,0.0907998862096847
"Slc30a9",1.25244721280053,0.23472329678706,0.212864082902177,1.10269094525885,0.270161400286953,0.313589896068377
"Atp8a1",1.20481558308234,0.168018702392226,0.214155379701313,0.784564471957533,0.432708967396668,NA
"Gnpda2",1.20135626064751,0.177781721372171,0.213908298379652,0.831111848950517,0.405910446629423,NA
"Commd8",1.53072342939796,0.686308812277302,0.20533439790725,3.34239571777599,0.00083058557883608,0.00131523031139825
"Atp10d",1.18119931639334,0.0775329814378558,0.216155893643298,0.358690110785511,0.719826927219833,NA
"Txk",1.35882692412972,0.376476381858546,0.210647054874214,1.78723781390324,0.0738990600417681,0.0989871935894354
"Tec",1.20870026401817,0.138484980722601,0.214861071824718,0.644532671956398,0.519230078309771,0.540189398685829
"Slain2",1.24437939077768,0.215968951422392,0.213219781963532,1.01289359473845,0.311110988201338,0.351037806053935
"Fryl",1.27153693478743,0.280475449465588,0.211966671701268,1.32320542288305,0.185767073105563,0.227031556315038
"Ociad1",1.64070643652931,0.778563206624946,0.203976339079115,3.81692901313896,0.000135123025645371,0.000220695304714905
"Fip1l1",1.31100610239951,0.307289483037223,0.211540696184238,1.45262584731968,0.146327665539418,0.183714983016129
"Chic2",1.50578098303401,0.602051993220019,0.206900519329299,2.90986216550672,0.00361588182665505,0.0055254400278511
"Pdgfra",1.44978520101518,0.706968697597763,0.222386733093339,3.17900572468519,0.00147781172479016,0.00231379040294081
"Kit",1.1928491634869,0.158248410534853,0.214347132112059,0.738280978968833,0.460343722644415,NA
"Srd5a3",1.26309277960406,0.262260366043539,0.212311835127413,1.23526022883346,0.216733670270393,0.259521314600617
"Tmem165",1.33332241718534,0.409649289289211,0.209707844415377,1.95342854451263,0.0507688366308834,0.0700966816197362
"Exoc1",1.19326710848251,0.108352547056111,0.215482421725053,0.502837058302436,0.615078836611907,NA
"Ppat",1.1927923852886,0.158229167985341,0.214319778796957,0.738285420382245,0.460341024267991,NA
"Paics",1.29807807334744,0.359319943728055,0.210413595724077,1.7076840614389,0.0876949811374537,0.116060506021613
"Srp72",1.41000129775686,0.384833987070694,0.210448114454512,1.82864069876889,0.0674534515378121,0.0910787665480901
"Hopx",1.18913067390711,0.158256247172889,0.214346420694213,0.738319989950558,0.460320021862641,NA
"Rest",1.30693215470564,0.253146466349702,0.212612546804008,1.19064688399156,0.233792237969924,0.276695742225986
"Noa1",1.21262337545588,0.148394455641918,0.214618583622406,0.691433393778235,0.489293224513845,0.512050895553324
"Polr2b",1.26799885095323,0.177774545131762,0.214188075368688,0.829992728707021,0.406542894777348,0.436795720715753
"Igfbp7",2.16211183111395,1.58911458870236,0.243905263300554,6.51529436961827,7.25472441383229e-11,1.36418088761544e-10
"Cenpc1",1.18097235976693,0.0981375859410064,0.215676987044135,0.455021128058154,0.649094038868717,NA
"Stap1",1.25161492404546,0.206453152355503,0.213510297323154,0.96694705100349,0.333570503844806,0.371194373059014
"Ythdc1",1.378428844354,0.384823981405309,0.210398982242818,1.8290201658922,0.0673965873219654,0.0910246276379454
"Igj",1.18547085951858,0.0981557388539877,0.21569525233051,0.455066756423472,0.649061213366426,NA
"Utp3",1.52702325472764,0.489763299023623,0.208771115009264,2.3459342016825,0.0189794576771838,0.0274211926584278
"Grsf1",1.24803411053286,0.225351046865432,0.213067336313777,1.05765177696484,0.29021422786961,0.331827717078859
"Dck",1.26277091161822,0.307180617060671,0.211512799048174,1.45230273743722,0.146417446672202,0.183714983016129
"Cox18",1.18880861570296,0.148382956116515,0.214517786484014,0.69170467656104,0.489122809531281,NA
"Ankrd17",1.24427787806066,0.243971156038078,0.212617745908479,1.14746375000652,0.251190006757469,0.294845275205982
"Cxcl2",2.01494383480382,1.44716587359228,0.23906985750879,6.05331800785079,1.41892360589309e-09,2.60664480829207e-09
"Rchy1",1.42464304680096,0.558362154889735,0.206990423877794,2.69752650595754,0.00698567232158402,0.0104920758218008
"G3bp2",1.55781892800777,0.587710907260043,0.207125227040036,2.83746656869779,0.00454731086253215,0.00691032393083488
"Uso1",1.22057797956318,0.177728383839288,0.214019640838552,0.830430249966446,0.406295568510362,0.436795720715753
"Naaa",1.51644913143262,0.80811118056482,0.212621105941837,3.80071007995736,0.000144282035434655,0.00023539685106076
"Sdad1",1.19721420971345,0.108351070573434,0.215496491524818,0.50279737645267,0.615106738377471,NA
"Nup54",1.22834803188948,0.196968252072474,0.213571538566652,0.922258899263411,0.356393547101498,0.392000127749348
"Scarb2",1.32086973183585,0.41779956591213,0.209397553513585,1.99524568889018,0.0460160901737046,0.0639435620143053
"Shroom3",1.20504591827974,0.215988394121826,0.213229426636869,1.01293896217081,0.311089316583898,0.351037806053935
"Sept11",1.39202866980262,0.458241357745021,0.208959751958586,2.19296469032869,0.0283099231985802,0.0401733856453959
"Ccni",1.62356166118345,0.82850639950228,0.204144151712585,4.05843808187431,4.94020279892896e-05,8.18662178108228e-05
"Ccng2",1.28015552929528,0.280519510136682,0.212046255563039,1.32291659379614,0.185863116349955,0.227031556315038
"Cnot6l",1.35120588901348,0.316154898646764,0.211467154062716,1.49505439768201,0.1349002459039,0.170882100887308
"Mrpl1",1.21680678832912,0.138495147046068,0.21484813235208,0.644618808317641,0.519174243285859,0.540189398685829
"Anxa3",1.34552273819607,0.520672234819485,0.208355001443765,2.49896681726652,0.0124555973374175,0.018296951766236
"Bmp2k",1.18142037147864,0.0671330300729219,0.216445931815789,0.310160738572148,0.756438725319124,NA
"Antxr2",1.23982496989339,0.271405888978675,0.212045810994581,1.27993987575454,0.20056628211068,0.242915550177492
"Mir703",1.94008186850891,1.18227320038891,0.199664568106858,5.92129696119229,3.19412485711671e-09,5.82169404823645e-09
"Rasgef1b",1.22508256629924,0.108347276625336,0.21566126774065,0.50239562143181,0.615389258428163,0.631540731150105
"Hnrnpd",1.56570601671225,0.565722018421015,0.20748142626078,2.72661523788624,0.00639876046738605,0.00962718825183894
"Hnrpdl",1.68302191397668,0.840829486923733,0.203784315466149,4.12607557652494,3.6900604670826e-05,6.15108275209043e-05
"Sec31a",1.31833815846834,0.367924481885508,0.210307001095978,1.74946378374535,0.0802108837507885,0.107069142974425
"Lin54",6.05651942257481,-4.2182962502361,0.271413382523271,-15.5419611627825,1.80377889272297e-54,5.35440763151204e-54
"Cops4",1.77116305479973,-0.993195322197869,0.208272222642139,-4.76873636627201,1.8538507344081e-06,3.20433802437427e-06
"Plac8",5.43361286874569,2.71545145311189,0.284586033234693,9.54175938378714,1.40429374587552e-21,3.06519479551336e-21
"Coq2",1.23656691741347,0.196993714400918,0.213601056700504,0.922250654766791,0.356397846510672,0.392000127749348
"Hpse",1.18874591469638,0.158218258883896,0.21435808168054,0.738102606831917,0.460452099776697,NA
"Mrps18c",1.44325684755507,0.573045511273351,0.206974748623338,2.76867354633779,0.00562850004969251,0.00850384088549781
"Agpat9",1.18542735266704,0.128528687134451,0.215007609742507,0.597786688984529,0.549982273526282,NA
"Wdfy3",1.18862443813924,0.177707868410193,0.213857156177473,0.830965264789733,0.405993252242131,NA
"1700016H13Rik",19.631886342126,-6.10886929545194,0.284532375877862,-21.4698565553546,2.97936496780913e-102,1.92240854536016e-101
"Aff1",3.26322752427666,-3.00175435920164,0.259516314749141,-11.5667269786228,6.07564252058919e-31,1.48373585765968e-30
"Klhl8",18.846955596703,-6.02509469432647,0.288560529350528,-20.8798296422846,8.16825561425235e-97,4.72446474309111e-96
"Hsd17b11",1.39096317402151,-0.298182058996947,0.198748483991392,-1.50029853314434,0.133537089260426,0.170119244890646
"Nudt9",1.40279096493476,-0.0903046182724888,0.19587892757001,-0.461022629604773,0.644782369574464,0.660731050093973
"Gm17660",5.9935028906622,-4.23692467254913,0.26836834197331,-15.7877216120018,3.77987880053604e-56,1.13592212658596e-55
"Sparcl1",6.33841648616882,-3.13292500784578,0.280015906291278,-11.1883822934932,4.64836856462758e-29,1.11356052810261e-28
"Spp1",1.59273131334183,0.0728259380632008,0.21942781269088,0.331890188258836,0.739972179507759,0.752440786408981
"Pkd2",1.19654779479248,0.187366350557294,0.213883008933125,0.876022604562657,0.381017745294136,NA
"BC005561",16.8751819140754,-5.66694652321995,0.279813998141789,-20.2525483387302,3.37329840001193e-91,1.74429100030334e-90
"D930016D06Rik",1.31944761850482,-0.574791553650271,0.203302694032015,-2.82726973386666,0.00469467653092581,0.00712804290035856
"Zfp951",31.2869800457023,-6.78414416726357,0.291410666410956,-23.2803563809718,7.01097370636931e-120,6.2935997845654e-119
"Abcg3",1.73043810580781,-1.57618596675136,0.213398762956322,-7.38610639028851,1.5119083387639e-13,2.96530585322095e-13
"Gbp9",1.18932521952118,0.108335125068944,0.215468697097219,0.502788231090771,0.615113168896147,NA
"Gbp4",7.58752653288701,-4.40172698645387,0.268471281974376,-16.3955226573321,2.05862494423022e-60,6.43474383765374e-60
"Gbp6",1.64202764640519,-1.36500171416012,0.21054988708756,-6.48303227820047,8.98972556966235e-11,1.68648220929515e-10
"Lrrc8c",1.23667022825919,0.206536451113141,0.213417967321877,0.967755684795006,0.333166400577435,0.371194373059014
"Lrrc8d",1.21211214882059,0.234647199732969,0.212740846866084,1.10297201120326,0.27003931994937,0.313589896068377
"Zfp326",23.4076385691183,-6.12060869069272,0.278803729337417,-21.953109110981,8.08767022363618e-107,5.71667414588773e-106
"Barhl2",28.4708298141672,-6.66569993594646,0.291010225184247,-22.9053804955692,4.10654795083658e-116,3.46023895131024e-115
"Zfp644",1.20538842349538,0.148444207912114,0.214580834229263,0.691786889753223,0.489071170990348,0.512050895553324
"Cdc7",27.8279689512205,-6.62076814026181,0.300095248282142,-22.0622225048933,7.29111858259724e-108,5.24960537947001e-107
"Ephx4",20.8115466448393,-6.19683242247308,0.290311082336976,-21.3454904049449,4.29434646242707e-101,2.7204476376055e-100
"Lpcat2b",25.7918041139525,-6.51831671156273,0.314346994196493,-20.7360554797869,1.63821585598594e-95,9.23985604348633e-95
"Glmn",38.2515795270551,-7.05922117370953,0.20821332090298,-33.90379224103,5.85732469382971e-252,2.09419417135555e-250
"4930428O21Rik",23.7026977991141,-6.39196746897942,0.289174904867755,-22.1041569008299,2.88268033894705e-108,2.09430638403669e-107
"Gfi1",119.933990185916,-8.76379855426408,0.235481499936344,-37.2165055710667,3.69091839784306e-303,1.76757743456337e-301
"Evi5",13.2396383000211,-5.34949589503936,0.290430275367291,-18.4192088385901,9.21403991126853e-76,3.55223695249791e-75
"Rpl5",7.24602390787443,2.93169007841111,0.214196254631115,13.6869343652158,1.21529401104337e-42,3.28696100396186e-42
"Fam69a",1.31859648467251,0.32481122262977,0.211261283291732,1.53748579753364,0.124174390354774,0.158746132980675
"Mtf2",1.26779591986553,0.187394743737067,0.213927482640231,0.875973210287408,0.381044597742734,0.414225210457603
"Tmed5",1.71734850398942,0.900624076795046,0.20308449686872,4.43472589331739,9.21895099575395e-06,1.56319389955613e-05
"Dr1",1.30154445280835,0.298295525927986,0.211708248322568,1.40899340621576,0.158837117881972,0.197436157265757
"Atp5k",1.88326548012319,1.14788639678809,0.199934084655876,5.74132419073927,9.393905352009e-09,1.69969448656801e-08
"Gak",1.21620801060822,0.196954026961619,0.2135267928364,0.922385543965539,0.35632750746916,0.392000127749348
"Tmem175",28.8227353003834,-6.63038484641867,0.287359626012429,-23.0734739546602,8.55141023340067e-118,7.39045718846879e-117
"Dgkq",1.99069230618977,-1.99194339267046,0.23109911540683,-8.6194332209529,6.72863280149374e-18,1.4010156850338e-17
"Idua",2.64177714187221,-2.65869485732368,0.244702280505517,-10.8650187151146,1.69188487813523e-27,3.9800085911969e-27
"Fgfrl1",3.59473982159009,-3.27697716581597,0.25602008199276,-12.7996879788072,1.64611300831059e-37,4.27073056828094e-37
"1700047L14Rik",17.9968756423235,-5.97741592677911,0.289291745148574,-20.6622415849067,7.57643001762213e-95,4.21630753645923e-94
"Crlf2",1.58452546693295,0.658598669321271,0.206594648241148,3.18787865478741,0.00143320668365931,0.00224428945213787
"Gm10416",2.43215624231979,-2.52435670883857,0.242000379344733,-10.4312097182401,1.78599820003577e-25,4.10068643245513e-25
"LOC100642166",3.34328670118623,-3.15747377046292,0.250092830004104,-12.6252070897479,1.5333752943775e-36,3.94685356836813e-36
"Zfp932",1.18954031143242,0.138526753704109,0.214765045890745,0.645015361459612,0.518917230928509,NA
"Gtpbp6",1.20120261871927,0.11774332542067,0.213803597863445,0.550707876748977,0.581833944157678,NA
"Chfr",16.3596100259338,-5.70319555474633,0.274385790130989,-20.7853167324142,5.8775118441234e-96,3.33847789187423e-95
"Golga3",1.48588388113429,-1.05316199729462,0.201776474563701,-5.21944889547635,1.79456323145495e-07,3.1674116883161e-07
"Ankle2",1.19731052521825,0.118478766701927,0.215259836738292,0.550398850510935,0.582045836924014,NA
"Pgam5",1.2406027084752,0.185797686221062,0.212422128270149,0.87466257745414,0.381757527787263,0.414641290070195
"Gm1679",16.8268026646367,-5.87538498124374,0.291347570336884,-20.1662398435314,1.93827494796355e-90,9.90484114377848e-90
"Noc4l",6.44903749501024,-4.25339041613157,0.266877044439412,-15.937640590505,3.4721800225662e-57,1.05346002428338e-56
"Ep400",1.39321293711083,-0.234422440603717,0.194652658793899,-1.2043115262655,0.228469193327175,0.27212987773368
"Pus1",1.31713079380561,-0.130419866605747,0.199884150790423,-0.652477277913301,0.514093326301928,0.536337996061969
"Ulk1",1.1920464206148,-0.00178734182542706,0.209642679624191,-0.00852565817528701,0.993197591378962,NA
"Hscb",1.27609636769326,0.298447964049116,0.211571394360914,1.41062531137835,0.158355124219512,0.197436157265757
"Mir701",35.6422514689276,-6.9989120853569,0.313522684566502,-22.3234631172991,2.18678212367811e-110,1.650759607462e-109
"Pitpnb",34.7376407174952,-6.73896357814424,0.302119577046938,-22.3056170143429,3.25911362613809e-110,2.45314681015729e-109
"E130006D01Rik",50.389021678176,-7.48779496314788,0.267778644693366,-27.9626292519412,4.6291973482932e-172,8.70789555246504e-171
"Miat",2.08514604769188,-2.16323642482201,0.229481207362022,-9.42663867638347,4.23441207413119e-21,9.1868790635764e-21
"Cryba4",75.6187736560875,-8.09242667037429,0.226817891358099,-35.6780791053119,8.64918196218506e-279,3.472979218662e-277
"Tpst2",1.52763455339139,0.67275513942087,0.206015951508373,3.26554878151523,0.00109252185767579,0.00172035116050306
"Tfip11",1.27797170376138,-0.333053459564938,0.198085162782414,-1.68136499920885,0.0926920396501457,0.121923257395429
"Srrd",1.19288241084561,0.138478109696934,0.21478980252832,0.644714544484372,0.519112189145838,NA
"Hps4",1.18854519779922,0.148358918275766,0.214529729062494,0.691554121305714,0.48921738169648,NA
"Asphd2",6.35274005500464,-4.32249629790808,0.245804220758592,-17.5851182887265,3.20312347761233e-69,1.10767171600771e-68
"1700095B10Rik",13.3330353804254,-5.51881157221663,0.277059039509345,-19.9192619089062,2.77044376912529e-88,1.34402569468718e-87
"Adrbk2",1.32544919522566,0.425987115151059,0.209881808737343,2.02965239204776,0.0423918853386798,0.0590804008724893
"Crybb2",10.5147872607831,-5.14911876183649,0.279681603850591,-18.4106451441376,1.07929219469829e-75,4.15326594642467e-75
"2900026A02Rik",1.17753695295735,0.138515025659365,0.214718643541814,0.645100133712381,0.518862297218835,NA
"Tmem211",14.8120376484298,-5.68043666405395,0.287287183132807,-19.7726769503254,5.11865727124847e-87,2.42352752434621e-86
"Cmklr1",11.2357548138758,-5.08228604330606,0.277719421012565,-18.3000743152065,8.26360942623793e-75,3.12806680239028e-74
"1700069L16Rik",13.6502799571757,-5.54387664207282,0.270119459452931,-20.5237958542519,1.31993049806415e-93,7.14734149366687e-93
"Ficd",5.14833029718424,-3.93961959096521,0.267663108097236,-14.7185752230525,4.89872837171737e-49,1.39467478049439e-48
"Sart3",2.29733729199466,-2.22919771282321,0.236770023206218,-9.41503355296656,4.72931325343686e-21,1.02494424261258e-20
"Iscu",1.8780826729136,0.0247442358196557,0.194233918077384,0.127394000309449,0.898628564611355,0.903997129942431
"Tmem119",14.0321663945172,-5.33202361740698,0.263776186508591,-20.2141963153801,7.34315159026263e-91,3.7764779607065e-90
"Selplg",2.4785789186801,1.62878225817795,0.210922624273762,7.72217899234893,1.14357647985337e-14,2.27929332754279e-14
"Coro1c",1.69995609942153,-0.808764222472948,0.203507337068623,-3.97412807873474,7.06375463609351e-05,0.000116483333439925
"Ssh1",10.0354686037109,-5.07552332789119,0.274405285245049,-18.4964488689008,2.20534656548061e-76,8.58457052334735e-76
"Dao",35.188600007745,-6.97988207833596,0.279697936628006,-24.9550717552096,1.88115657053445e-137,2.21662241494127e-136
"Usp30",2.45766052822499,-2.47495280525257,0.241177324073481,-10.2619631209546,1.04559148614458e-24,2.37200676126671e-24
"Alkbh2",23.0457659663815,-6.27475995452929,0.289963744154482,-21.639808703761,7.58171290340608e-104,5.03198237199997e-103
"Ung",28.0041006143896,-6.57693289047319,0.26791140332327,-24.5489098593436,4.44250502972309e-133,4.91310937609206e-132
"Kctd10",1.41715160014474,0.558439154857335,0.207078345500851,2.6967530260427,0.00700191800192371,0.0105149631674458
"Ube3b",1.25034167104571,-0.0269496925120758,0.205879883454651,-0.130900076587677,0.895854354096186,0.901293192325738
"Mmab",1.22618363702165,-0.212856813879922,0.203001277362754,-1.04854913547936,0.294385676558202,0.335376087218205
"Mvk",12.8447532314654,-5.42583530366978,0.28045292118861,-19.3466884947181,2.17367256317983e-83,9.5469674209497e-83
"Gltp",1.73256019479131,0.963672929438321,0.202481992287011,4.75930189422648,1.94263689166741e-06,3.35669135203703e-06
"Tchp",1.35207514734323,-0.751113182218058,0.197802736806766,-3.79728407373768,0.000146290109961285,0.000238598460864836
"Git2",2.43396714545587,-2.06542045538839,0.223247816676007,-9.25169386263642,2.20962796483508e-20,4.75443445030467e-20
"Ankrd13a",1.5178021896983,-0.420582899127548,0.199176223245643,-2.11161197995428,0.0347197441688379,0.048765522551146
"1500011B03Rik",17.1850294544256,-5.83087056199304,0.222305658272586,-26.22906950413,1.23886733770203e-151,1.74309636194193e-150
"2610524H06Rik",1.22455980711258,0.185781314339151,0.212334945863024,0.874944600306146,0.381604049962861,0.414641290070195
"4930519G04Rik",13.6121538647759,-5.55057807313897,0.287845672522402,-19.2831735995857,7.43705525359412e-83,3.22973614174387e-82
"Oasl2",2.64747185887537,-2.52073329217893,0.243937219699046,-10.3335329282216,4.96957944323894e-25,1.13305108948274e-24
"Oasl1",1.36230553441132,-0.698977367022673,0.201156328598954,-3.47479680053331,0.000511240454747277,0.000817306234260143
"2210016L21Rik",1.28718102778594,0.181061958138959,0.208459465011924,0.868571538013888,0.385081527781448,0.417601656802567
"Sppl3",1.24815203132541,0.215946538269228,0.213217583841358,1.01279891826324,0.3111562175161,0.351037806053935
"Acads",1.71017434195388,-1.14301126421954,0.216468812045188,-5.28025840498877,1.29001821265758e-07,2.28694008153254e-07
"Unc119b",18.2715891846376,-5.89361567520664,0.295170177156926,-19.9668399157863,1.07013312147514e-88,5.24269816433622e-88
"Mlec",1.46659629436816,-0.208511846152342,0.196017974567063,-1.06373839752642,0.287447224778138,0.3314866924427
"Pop5",1.48005170566442,0.453489757382114,0.207816910825151,2.18216003491488,0.0290977237040069,0.0412296736522574
"Rnf10",38.4495647242767,-6.80707496653929,0.278074751323807,-24.4792989443789,2.45447481380411e-132,2.67481388894728e-131
"Coq5",1.20503636015004,0.177770405235947,0.213921385201881,0.831008106404054,0.405969049906579,0.436795720715753
"Dynll1",4.46174386105388,-0.425523977798028,0.217989660549154,-1.9520374348309,0.0509337603155152,0.0702174547973166
"Srsf9",1.44698557646166,0.565648783957229,0.207122740915795,2.73098348088775,0.00631456366460541,0.00950736150252098
"Gatc",1.18149642778721,0.10834167183717,0.215426756372537,0.502916507036922,0.615022974962796,NA
"Triap1",1.56834052228192,-0.773173602420066,0.200678627309056,-3.8527949527447,0.000116777177791537,0.000191119883389817
"Cox6a1",3.15295028089267,1.82709516726525,0.193540839133573,9.44035985089571,3.71501337290737e-21,8.06670957012333e-21
"Pxn",1.28317977533016,0.30726675798155,0.211406766924814,1.45343861244909,0.146102012291112,0.183714983016129
"Rplp0",20.3611242704529,3.39452914950153,0.21272473948265,15.9573783367045,2.53143574107735e-57,7.68708235510399e-57
"Gcn1l1",1.21646885172541,0.187382193995528,0.213772533929716,0.876549435752748,0.380731413795732,0.414225210457603
"Rab35",1.32667025155401,0.355610742633515,0.209073729710996,1.7008867786741,0.0889642497720532,0.117237783572065
"Prkab1",1.20499235796493,0.17776410039583,0.21396219800502,0.830820126420926,0.406075251062902,0.436795720715753
"Ccdc60",5.51183780274056,-4.09436097469899,0.263151722956779,-15.5589366039281,1.38378891836564e-54,4.10886129344065e-54
"2410137F16Rik",24.4436969031282,-6.43818017311262,0.286314799603869,-22.4863687871538,5.64331203154711e-112,4.39017716910222e-111
"Srrm4",35.0182121783775,-6.97270917653834,0.302048474871867,-23.0847355858898,6.59097770379701e-118,5.71510026807647e-117
"Suds3",1.40487653416095,0.297530270843467,0.203929952655737,1.45898268973632,0.144569872132084,0.182371854163721
"Taok3",1.6217546457165,-0.459225073298217,0.201578876173484,-2.27814085491277,0.0227181867924687,0.0325883306009032
"Pebp1",2.50190252063582,-0.878710267237092,0.206668411310311,-4.25178798088168,2.120705832131e-05,3.55665363653777e-05
"Vsig10",1.46733281325059,-1.08132180485259,0.203571945006845,-5.3117427591323,1.08581803453941e-07,1.92788100010059e-07
"Wsb2",1.3373659656489,-0.454455177576354,0.197162199829855,-2.3049812690695,0.0211676224742948,0.0304100699919688
"Rfc5",1.35007546197398,-0.580443876130532,0.201493583608683,-2.88070650059905,0.00396784935855072,0.00605707666373294
"Ksr2",12.4806418394582,-5.41647309408487,0.287260062541325,-18.855642675026,2.64109943351733e-79,1.07665279523315e-78
"Fbxo21",4.15479360310675,-3.55931973742306,0.25363437583971,-14.0332702364937,9.75475771591248e-45,2.68777172219916e-44
"Tesc",1.76644845819126,-1.54616428832186,0.218449611782281,-7.07789899788358,1.46356327609051e-12,2.82850807152628e-12
"Fbxw8",1.97453589720171,-1.96479704362864,0.221124446072222,-8.88548090692294,6.36448576565257e-19,1.34259913908694e-18
"Rnft2",2.2849630042237,-2.38057435423249,0.231852044213588,-10.2676444467293,9.85823062266566e-25,2.23787622745444e-24
"2410131K14Rik",2.25923662284228,-2.30032109104312,0.237297757610381,-9.6938172286483,3.20327517204398e-22,7.05382678678321e-22
"Med13l",1.3973875923608,-0.421064194627481,0.19601407038681,-2.14813249781795,0.03170323122793,0.0447212179461679
"Gm7538",8.38294814783647,-4.78852232807364,0.28051646871903,-17.0703786124939,2.46595513044051e-65,8.12131595009429e-65
"LOC433944",1.4922677264874,-1.20662886175277,0.205149572352468,-5.88170303216454,4.06066432023182e-09,7.38817279596031e-09
"Rbm19",1.36093495951013,-0.597802547921975,0.200402354476231,-2.98301159926182,0.00285427176906755,0.0043879542437145
"Plbd2",1.22785951008431,0.225310720849533,0.212965337781027,1.05796897841281,0.290069585496303,0.331827717078859
"Slc24a6",1.25769022596266,0.132861944586128,0.20703730915041,0.64172947924862,0.521048845103441,0.541214798814041
"Tpcn1",1.1925914876095,0.167994347943011,0.214094401292366,0.784674176106074,0.432644627360171,NA
"Ddx54",1.42892500545545,0.450355725371038,0.209222986519324,2.15251551879288,0.0313567743488848,0.0442803630734962
"Dtx1",1.35525699901284,0.126843945582578,0.213108926502893,0.595207097441112,0.551705046638126,0.570107956735825
"Oas3",1.17353198494813,0.138510864775563,0.21470275613552,0.645128489585552,0.518843922852028,NA
"Oas1c",11.2764411356206,-5.24531955945791,0.271841829954945,-19.2954835550042,5.86140541720838e-83,2.54864941922763e-82
"Oas1f",2.21312239242931,-2.30607489859437,0.233062078584336,-9.89468090476971,4.39008193505033e-23,9.7807203162453e-23
"Oas1a",1.24753434803182,0.262317025007229,0.212377978932998,1.2351422982982,0.216777549598963,0.259521314600617
"Oas1d",68.5631610694301,-7.95991816515689,0.266419440030428,-29.8773924464663,3.87047777785792e-196,9.20450751727488e-195
"Ptpn11",6.91708099418268,-4.21562159599282,0.252819834308932,-16.6744100893665,2.0118775845855e-62,6.44096963602349e-62
"Rpl6",75.1888806142444,-3.90914067244161,0.221145657327552,-17.6767688756897,6.33227653643271e-70,2.21619064835258e-69
"Gm15800",13.3746038288474,-5.44577740106515,0.263841583962828,-20.6403301529315,1.19245280826341e-94,6.61136872983008e-94
"Trafd1",1.32534547611292,0.384702803339016,0.210085072408355,1.83117628934266,0.0670742345437123,0.0907998862096847
"Naa25",1.18552675287992,0.0981646172245366,0.215695471384564,0.455107455870126,0.649031934352626,NA
"Erp29",2.02099619877404,1.07559016910992,0.204232471874057,5.26649929484866,1.3904978071687e-07,2.46214333562436e-07
"Mapkapk5",1.17748634360259,0.0981440464421236,0.215652636433449,0.455102465081205,0.649035524676386,NA
"Aldh2",2.26441649498779,1.50761271680438,0.211339880299468,7.1335931233996,9.77820997893941e-13,1.89396126493743e-12
"Brap",1.27518241830203,0.280440743040118,0.212024478754467,1.32268096913885,0.185941494911846,0.227031556315038
"Atxn2",1.20440489793823,0.17771745620784,0.213903852099442,0.830828685241351,0.40607041531196,NA
"Ppp1cc",1.71003575608144,0.752494705242409,0.205252804451652,3.66618476786592,0.000246196072804458,0.000398927052627432
"Hvcn1",1.58674885575657,0.558199695158363,0.208260808451303,2.68029159835363,0.00735580514653038,0.011017877436123
"Pptc7",1.19284192459808,0.177732069146275,0.213887827205667,0.830959253119975,0.405996648458738,NA
"Vps29",1.45901925601147,0.573032900545922,0.20732381896158,2.76395111481191,0.00571060940610369,0.00861791879151814
"Gpn3",1.22070610693692,0.148409686169564,0.214632983007742,0.691457967409466,0.489277786482241,0.512050895553324
"Arpc3",3.14600843153755,1.86302888202771,0.199129638865552,9.3558592916727,8.29228970487505e-21,1.79385628924359e-20
"Anapc7",1.20125437384524,0.158275066242526,0.214352822090961,0.738385735716422,0.460280080140562,NA
"Atp2a2",1.24778848974134,0.280466071314681,0.211866990129084,1.32378371516866,0.185574886049896,0.227031556315038
"P2rx7",1.20091944429914,0.158248264977996,0.214350770134189,0.738267769595268,0.460351748038843,NA
"P2rx4",1.27143092877513,0.333571968281059,0.210812468178586,1.58231612751898,0.113577420850515,0.146841891477322
"Camkk2",1.33722554472159,0.450257504287345,0.209041434316257,2.1539151114231,0.0312468296675447,0.0441549677489398
"Anapc5",1.49003298096776,0.62365397133297,0.20650605142338,3.0200275828932,0.00252751666235433,0.00389882889405722
"Rnf34",1.27195675574687,0.2346946475029,0.212913506104054,1.10230042141245,0.270331086226931,0.313589896068377
"Kdm2b",1.2160543421139,0.138471581564475,0.214897789501724,0.644360195074802,0.519341890014818,0.540189398685829
"Orai1",1.4121901765635,0.550848666815578,0.207423686852389,2.65566905677259,0.00791512488992072,0.0118200406023133
"Rhof",1.37864840630087,0.350906580594897,0.21108347134166,1.66240671694716,0.0964312530352616,0.126189807180763
"Psmd9",1.23622611871814,0.21595951987525,0.213190430003024,1.01298880945165,0.311065506131072,0.351037806053935
"Mlxip",1.18518396918014,0.128502339809324,0.214980147407688,0.597740495384591,0.55001310047452,NA
"Diablo",1.3616870193836,0.409673745404331,0.209609275804587,1.95446381765213,0.0506463898483015,0.0700209439110189
"Vps33a",1.17364379657533,0.098150868152202,0.215638512373926,0.4551639086714,0.648991323338408,NA
"Clip1",1.26359127821656,0.206471130782629,0.213580201946653,0.966714746501646,0.333686653172721,0.371194373059014
"Zcchc8",1.22459697641226,0.187402882098798,0.213774004511079,0.876640181426203,0.380682107083889,0.414225210457603
"Rsrc2",1.56727814133183,0.515210845564098,0.207102417305431,2.48771043944057,0.012856836472094,0.0188624750939658
"Denr",1.41679193661434,0.466245294202352,0.208811942568635,2.23284783651252,0.025558980479158,0.0364629347092661
"Hip1r",1.20134684719408,0.128524730992004,0.215026801027482,0.597714937755957,0.550030156529723,NA
"Vps37b",1.3868966704636,0.528488954740338,0.207950473059291,2.54141742004912,0.0110404023229028,0.0162845154353073
"Ogfod2",1.22040953618765,0.196958350345704,0.213543157470052,0.92233510396289,0.356353808783881,0.392000127749348
"Arl6ip4",1.29470779423311,0.342220831814198,0.210773607473564,1.62364176386325,0.104452286609209,0.135948916404084
"Pitpnm2",1.18149919383181,0.118478793885197,0.21518846263084,0.550581534143164,0.581920570258188,NA
"2810006K23Rik",1.18146101684784,0.0775377724709663,0.216184280755062,0.358665173065089,0.719845585039727,NA
"Cdk2ap1",1.23121790811698,0.215859996589113,0.213184272366984,1.01255122712581,0.311274566269456,0.351037806053935
"Sbno1",1.44470895269306,0.48203278206858,0.20860948843361,2.31069442568518,0.0208497393637673,0.029986400187041
"Setd8",1.20023749026262,0.187346472305149,0.213723248254939,0.876584432600769,0.380712397774374,NA
"Rilpl2",1.26360925501653,0.262364783140706,0.212358503040242,1.23548046998141,0.216651740553275,0.259521314600617
"Snrnp35",1.17334057846128,0.0878638297477134,0.215880808115931,0.407001578855167,0.684006828584495,NA
"Tmed2",2.11353219606683,1.28999531600814,0.198164844061071,6.50970822862294,7.5296912891988e-11,1.41563077722376e-10
"Ddx55",1.19309009696917,0.128498457770326,0.215049929081344,0.597528482428473,0.550154596629235,NA
"Eif2b1",1.23218254692651,0.206470628058363,0.213386545277262,0.967589722164004,0.333249312267423,0.371194373059014
"Gtf2h3",2.77398654233448,-2.67132526877336,0.228783870865861,-11.6761957854083,1.68676960576981e-31,4.14349992570279e-31
"Ccdc92",1.32510151677296,-0.666526891596277,0.200265642115192,-3.32821388909483,0.000874047326012541,0.00138300304388768
"Zfp664",1.17745796066036,0.108355577898583,0.215411001755677,0.503017845028555,0.614951725873397,NA
"Ncor2",10.7875634674593,-5.00224220336912,0.265654035101719,-18.8299123762745,4.29470778790417e-79,1.74190945243666e-78
"Scarb1",1.30256066497922,0.409685426784569,0.209985009144364,1.9510222584647,0.0510543980389024,0.0703547934960588
"Ubc",4.27428700118177,0.477935780995765,0.199435975813949,2.39643714753663,0.0165553325314354,0.0240790408798903
"Bri3bp",2.59715384997628,-2.13369513158524,0.226421541962385,-9.42355181001156,4.36081526905758e-21,9.45915466631231e-21
"Aacs",7.58285767211571,-4.58096214640083,0.272799475617683,-16.7924155133672,2.77324304820344e-63,8.96922472839032e-63
"4930572K03Rik",21.5137498865317,-6.24665548092539,0.273878086157048,-22.8081609908118,3.8051632684388e-115,3.14038770928862e-114
"Tmem132c",21.7580451391196,-6.1784379480817,0.272383540131596,-22.6828608846802,6.61458093954872e-114,5.3656740488647e-113
"1700085B03Rik",1.68054222418828,-1.57754375730709,0.210338575596018,-7.50002111042612,6.38075563630628e-14,1.2595025305925e-13
"Slc15a4",12.9625294664779,-5.20141387850816,0.280701337776076,-18.5300644440016,1.18145364911188e-76,4.60925863106429e-76
"Tmem132d",1.95315614310378,-1.99413450620412,0.222588373319054,-8.95884397046098,3.2810003168358e-19,6.94941028763759e-19
"Ran",2.46287205346061,1.41923942563787,0.206890506978054,6.85985764338824,6.89292022428527e-12,1.31822837775303e-11
"Sfswap",1.21999145287678,-0.00179294833365482,0.209681828756194,-0.00855080454176866,0.993177528212716,0.993558201853273
"Mrps17",1.65358371406909,-0.298540749490855,0.191810546683402,-1.5564355279359,0.119604562439072,0.153796234987549
"Gbas",1.21654121324183,0.187372313953618,0.213759140864691,0.87655813545875,0.380726686635681,0.414225210457603
"Psph",1.79028840760543,-1.45739846214162,0.215244763980247,-6.77088926667394,1.27993212951817e-11,2.43396929547717e-11
"Cct6a",1.20885177827883,0.0774103714378453,0.21477751565348,0.360421207044495,0.71853216989163,0.731280547247867
"Snora15",2.39735093136102,-2.49134351737686,0.228228879221789,-10.9159871698612,9.66732750376682e-28,2.28031855262823e-27
"Sumf2",1.26333590276405,-0.337823735497196,0.201227179566084,-1.67881762406878,0.0931875927358304,0.122528774327717
"Phkg1",2.89837104403536,-2.90220610169779,0.243536235810579,-11.9169375022907,9.65942922743154e-33,2.39649337296543e-32
"Chchd2",3.75384176856851,2.15265013373176,0.198634523458047,10.8372406581498,2.29282504192349e-27,5.38396163690537e-27
"2410018M08Rik",10.4350793586111,-5.11477698061702,0.289541804831199,-17.6650725224253,7.79126216276376e-70,2.72315959086889e-69
"4930579G22Rik",3.11099151773961,-2.96550744306396,0.230254940240685,-12.8792348166955,5.891677497085e-38,1.53772782673919e-37
"Vkorc1l1",1.18464493789994,0.158212044954309,0.214287793414423,0.738315712870932,0.460322620331754,NA
"Gusb",1.3054530867931,0.401318778185049,0.209711251128398,1.91367309109866,0.0556619393980626,0.0764204894269407
"Asl",19.4587770202091,-5.93838605098317,0.277412952150921,-21.4063042296328,1.16709371498598e-101,7.45226812504807e-101
"Crcp",7.61539339156492,-4.4414000159281,0.268423905840711,-16.5462163364977,1.70486256632763e-61,5.38703546987303e-61
"Tpst1",1.36365028126559,-0.496679049471489,0.201623830653421,-2.46339456929201,0.0137628365477726,0.0201435600110396
"Kctd7",2.94040909083538,-2.90357280925461,0.249783161411716,-11.6243736881393,3.09857493209212e-31,7.5865671414263e-31
"Rabgef1",11.2529936387268,-5.16506762807301,0.285166364305205,-18.1124714363051,2.54081175616203e-73,9.35664011793001e-73
"0610007L01Rik",31.3773185315301,-6.52267254455936,0.215974529571807,-30.2011193518572,2.28976646566843e-200,5.71893825396612e-199
"Sbds",10.6560599852918,-4.54303059214258,0.259992710705726,-17.4736844729644,2.27328445040638e-68,7.76860545408923e-68
"Tyw1",37.2437950523898,-6.90929376942622,0.281528139114259,-24.5421071981088,5.25126723183036e-133,5.79526743132231e-132
"Caln1",28.6809929915982,-6.67664027986269,0.283898908537683,-23.5176680116629,2.690383414098e-122,2.50558455336157e-121
"A330070K13Rik",8.87758630070408,-4.88069029061366,0.285338253494605,-17.1049280313407,1.36370115524685e-65,4.50967376014478e-65
"Wbscr17",1.79555767294031,-1.75428446227859,0.218660149034333,-8.02288148995608,1.03292994913307e-15,2.0923144487678e-15
"4930563F08Rik",9.58841133788897,-5.00313483026563,0.284666599700419,-17.5754192291294,3.80070540602326e-69,1.31301669221982e-68
"Gatsl2",3.5104879131091,-3.219810908218,0.258998440660982,-12.4317771952635,1.75684563697866e-35,4.47243805170867e-35
"Ncf1",1.67287966602815,-0.133739530725133,0.187818370555751,-0.712068421898239,0.476422407519023,0.500639147911283
"Gtf2i",1.30680742728113,0.243544557693751,0.207218691810685,1.17530207128348,0.239873886148549,0.28338614590821
"Rfc2",1.31871698551052,0.289458902167889,0.211887958360165,1.36609415847912,0.171909411560725,0.211829792717247
"Lat2",2.22613959018255,-1.38021460793283,0.21300974281854,-6.4795844061866,9.19756032159222e-11,1.72485233981359e-10
"Eif4h",1.87161302668445,0.432519101958558,0.188440950458106,2.29525005529366,0.0217187980787356,0.0311718795631014
"Limk1",124.768405360932,-8.78986083195771,0.224372636399005,-39.1752798961036,0,0
"Eln",1.6782147739222,1.05462030141708,0.230954154576673,4.56636211351184,4.9626120796374e-06,8.48504259931453e-06
"Abhd11",4.49896263496953,-3.52492167200424,0.263616776212156,-13.3713860045365,8.88693008155868e-41,2.37713425701954e-40
"Wbscr22",1.73591567110527,-1.29902858664272,0.207577613323105,-6.25803797358784,3.8985090772816e-10,7.2279230628343e-10
"Dnajc30",1.3066916864176,-0.0946021617347966,0.201950542590416,-0.468442226108118,0.639468377210689,0.65554299470538
"Bcl7b",2.3703719160287,-2.03969352970265,0.230947676825587,-8.83184259629091,1.02965274281691e-18,2.16376301026742e-18
"Baz1b",1.37734367030447,0.304060235199302,0.210417221157204,1.44503493358149,0.148448073506217,0.185671245645729
"Nsun5",1.19267145167609,-0.0119005374461023,0.209823065018132,-0.0567170127129442,0.954770621645083,NA
"Pom121",1.17364133686456,0.108352908531388,0.215397129028867,0.503037849296808,0.614937661627805,NA
"Hip1",1.33321310408867,0.281148966481835,0.204217091920257,1.37671613985973,0.168600026746692,0.209097681068599
"Ccl26",29.3601714353118,-6.71147046041149,0.291789218188317,-23.001091342861,4.54551054215081e-117,3.88339853191935e-116
"Rhbdd2",28.503416180427,-6.62382927340275,0.29965346273367,-22.1049648916954,2.83154881464971e-108,2.05859119950856e-107
"Por",1.74409491340651,-1.06609077110202,0.20715243113559,-5.14640723865907,2.65522668746981e-07,4.67305573452206e-07
"Tmem120a",1.26255306561894,0.283547907479314,0.209025510646879,1.35652297464461,0.17493283052258,0.215035764824648
"Styxl1",89.1275414847912,-8.34265519831537,0.274362714957711,-30.4073940936226,4.38596779988634e-203,1.11139572404887e-201
"Mdh2",2.60526806016933,-0.732349046731283,0.200857144109537,-3.64611898659625,0.0002662307385584,0.000430788733811174
"Hspb1",47.4628977482417,-6.49566140749114,0.288414082934098,-22.5219980293937,2.52713713400755e-112,1.98669515655413e-111
"Ywhag",1.39226608790517,0.461181695352428,0.207418605383052,2.22343455882724,0.0261865115454481,0.0372817646985515
"Dtx2",1.2234139001675,0.0188753049618415,0.207929767632294,0.0907773099387136,0.92766953964367,0.931864716047332
"Rasa4",21.3127913636748,-6.1473091892536,0.297291207335612,-20.6777362988536,5.49599911447103e-95,3.06671463148464e-94
"Polr2j",28.7612154305069,-6.0297046608389,0.295416927446715,-20.4108299174105,1.33990199052349e-92,7.09719775802398e-92
"Lrwd1",1.23232504102362,0.155735568272171,0.21157508983357,0.736077051389537,0.461683807767632,0.48603196058224
"Alkbh4",1.20047893687867,0.0770634254441712,0.211846143200685,0.363770726621951,0.7160292239309,NA
"Orai2",16.048023778998,-5.68448777834165,0.2826225160616,-20.1133577662392,5.63752834976245e-90,2.85015961121162e-89
"Prkrip1",2.01058957459404,-1.80147468187561,0.224155045822895,-8.03673490936694,9.22639777244752e-16,1.87072427159355e-15
"Sh2b2",1.59829013023489,-1.28991446239827,0.213235619860623,-6.04924478959657,1.45526397559489e-09,2.67246365966766e-09
"Cux1",1.55351603337595,-0.831745969481023,0.202180899045166,-4.11387016977907,3.89080318055565e-05,6.47640070232796e-05
"Rabl5",1.47144304877058,-1.05115371490665,0.197723171904808,-5.3162899663208,1.05904337090076e-07,1.88130215963994e-07
"4933404O12Rik",2.76841839412933,-2.78967659239131,0.239115547007925,-11.6666466371543,1.88716164784751e-31,4.62922171135528e-31
"Fis1",3.98729255072692,-1.5952390530948,0.227968349533211,-6.99763390997574,2.60321215073995e-12,5.01245570891277e-12
"Znhit1",1.60576058238032,0.00360539049455732,0.19405244395158,0.01857946450526,0.985176584960009,0.985932088476083
"Plod3",1.26650801852946,0.350760259645512,0.210507482089802,1.66626029708473,0.0956615808949922,0.125633284354681
"Mir702",1.549817309159,-1.32845037837789,0.204925558214534,-6.48259977892629,9.01554219117429e-11,1.6910215680176e-10
"Vgf",1.57943932206159,-1.3867077493946,0.205894914093651,-6.73502672709951,1.63899804429155e-11,3.11224801426041e-11
"Ap1s1",1.29366194977333,0.359291046389687,0.210524190434388,1.70664969972495,0.0878871816508301,0.116106666202622
"Ache",1.38295709729288,-0.92895338847999,0.199650960254493,-4.65288715514248,3.27319394861319e-06,5.62689689173748e-06
"Srrt",1.34594765801346,0.272166657622631,0.208152957279099,1.30753202443192,0.191032085979302,0.232661569951459
"Trip6",1.57791112314385,-1.26218841130224,0.214729327370496,-5.87804389255337,4.15142855232442e-09,7.55068189656219e-09
"Slc12a9",1.17342661492194,0.118455479750936,0.215157629584821,0.550552076538087,0.58194076856657,NA
"Ephb4",17.5623846816581,-5.77333606427586,0.286782452551236,-20.131413246926,3.91663742369148e-90,1.9887983805126e-89
"Pop7",1.31050969063469,0.199178285211609,0.208135114522654,0.956966274856666,0.338584277641554,0.37548543218375
"Gigyf1",1.25248090514208,0.253221000347413,0.212446726151916,1.1919270535915,0.233289849229634,0.276695742225986
"Gnb2",3.09099742647552,1.99738387204506,0.203766758364081,9.802304792405,1.10045521707103e-22,2.43870780433487e-22
"Actl6b",15.5616266124448,-5.75617267129863,0.289963107420644,-19.8513966914704,1.07180098918284e-87,5.15175061098932e-87
"Mospd3",1.32552950764499,0.321389619453936,0.209916223828487,1.53103754246517,0.125760114408504,0.160466340066583
"Pcolce",3.45360582974737,-2.71534823527606,0.249673090440135,-10.8756143102539,1.50637614127535e-27,3.54521346143252e-27
"Lrch4",2.58800382064491,-2.09738239418352,0.235283320496049,-8.91428423299027,4.90977362231756e-19,1.03803233327249e-18
"Sap25",3.26996505736668,-3.10244795031917,0.253877954636601,-12.22023375271,2.42386752634032e-34,6.1094101822774e-34
"Agfg2",1.18922548231416,0.118462086934346,0.215216820809965,0.550431357960386,0.582023545555736,NA
"Tsc22d4",1.60172806792023,0.631404165225635,0.203575543271262,3.10157180513721,0.00192496180393256,0.00299101075056644
"Ppp1r35",1.32640930409338,0.367878657189841,0.210334822767532,1.74901451100387,0.0802885111162475,0.107069142974425
"Mepce",15.1771488622223,-5.61928484263598,0.284690548407701,-19.7382205839467,1.01282490308261e-86,4.76730928231848e-86
"Pilra",1.45169885655669,0.713243020097116,0.206434434976641,3.45505835873663,0.000550173722884694,0.000877856284107627
"Pilrb1",1.22022164710815,0.24394034834595,0.212640052123098,1.14719849769756,0.251299592335298,0.294845275205982
"Pilrb2",1.26302284178838,0.178131451627343,0.205901288524495,0.865130339415778,0.386967254153832,0.419559469661025
"Smok3a",33.9728967370963,-6.92789793147423,0.306456755897436,-22.6064454385624,3.74512180423187e-113,3.00993623065286e-112
"Smok3b",11.0914401063966,-5.23271474877894,0.259285862446538,-20.181257471598,1.43060255273708e-90,7.32490958831542e-90
"Zkscan1",1.18905620512966,0.128524417403212,0.214980393238385,0.59784250771509,0.549945024455969,NA
"Zfp113",1.35735276843018,-0.712191969560555,0.197360443777537,-3.60858516493473,0.000307871449564982,0.000496704981217496
"Cops6",8.03732252057953,-4.09012041655738,0.26941846527781,-15.1812920927297,4.70422929340957e-52,1.36993455573768e-51
"Mcm7",1.34147393913282,-0.263727566874741,0.199471382847396,-1.32213234354777,0.186124085276593,0.227031556315038
"Taf6",1.38877088610105,-0.714033680056771,0.199349033782806,-3.58182664097946,0.00034120018688346,0.000549372293501437
"Cnpy4",1.18535200448187,0.0977104696709198,0.214199801179513,0.456165081073218,0.648271273418802,NA
"BC055004",7.68908037827317,-4.64807759305405,0.279905042542247,-16.605908742614,6.31564040208581e-62,2.00777362356199e-61
"0910001L09Rik",1.88557880705977,0.114130115586226,0.181191908291136,0.629885278336182,0.528769645422495,0.548797603957734
"BC037034",17.305202804948,-5.74626458150472,0.293753239672669,-19.561536029042,3.2901527164453e-85,1.49865594937561e-84
"6330418K02Rik",3.84967150515434,-3.40441811770598,0.2636356221133,-12.9133464226731,3.78487702668608e-38,9.90576990689462e-38
"Gpc2",1.99102396927211,-2.04394330976192,0.221758236529085,-9.21698937434435,3.05558811075773e-20,6.56385594162772e-20
"1700123K08Rik",2.85432705655438,-2.87004317993711,0.245567432270733,-11.6873933705221,1.47855068987841e-31,3.63372627173508e-31
"Zfp68",9.28483176591574,-4.79135669029761,0.28294256219733,-16.9340259488992,2.52503489420681e-64,8.23792634234971e-64
"Fam20c",2.62857286710805,-2.66535434561286,0.244932864087508,-10.8819792539583,1.40479073249554e-27,3.30688055180462e-27
"Gm5294",2.27396278019436,-2.35367754941058,0.235294061257328,-10.0031319823091,1.47651895691223e-23,3.30365578871918e-23
"Pdgfa",6.24783053657162,-4.28303726142177,0.256690067277154,-16.6856369116819,1.66718475981836e-62,5.34400027402631e-62
"Heatr2",56.2467294970215,-7.58647738397156,0.220764562566311,-34.3645614847845,8.53635292039328e-259,3.11606728982188e-257
"Sun1",1.20116966295938,0.147338508522954,0.213121123472579,0.691336954883832,0.489353813401647,NA
"Get4",1.30927249607143,0.217036147558259,0.207890612828761,1.04399205238301,0.296489066704456,0.337624984336226
"Adap1",1.86594883349219,-1.60062818017754,0.213478861141236,-7.49782986296978,6.48830395991746e-14,1.28024746440254e-13
"Cox19",11.9324464989894,-5.08463504634539,0.282792494503466,-17.9800919231365,2.79029611417853e-72,1.01218524781181e-71
"Cyp2w1",3.92220315549161,-3.49023483888595,0.26066844109554,-13.3895565731592,6.95950023556611e-41,1.86396055565188e-40
"Mir339",17.3942379473586,-5.92557651028098,0.288694863167564,-20.5253964177453,1.2771749215221e-93,6.923004247503e-93
"D830046C22Rik",413.097647993192,-10.5663489584234,0.177552951006406,-59.5109734787914,0,0
"Gpr146",1.24363966222551,0.271408178394185,0.212001339277589,1.28021916898746,0.200468066113951,0.242915550177492
"C130050O18Rik",1.2557322087989,0.324878113747492,0.211023700503325,1.53953377261704,0.123674039517635,0.158746132980675
"Uncx",13.8168440047877,-5.57364807100498,0.256733607442238,-21.7098498577324,1.65597714493709e-104,1.11466159852632e-103
"Ints1",1.21564063126164,0.0181790364670999,0.20921276505036,0.0868925778153357,0.930756899251661,0.934426582189378
"Mafk",1.47874860278116,-0.77410440156278,0.19780772012489,-3.91341855148036,9.09986032809741e-05,0.000149633866475566
"Tmem184a",16.3990395270287,-5.83598284429716,0.290655933354608,-20.0786640649,1.13403672881436e-89,5.67290055046568e-89
"Psmg3",1.27474135843631,0.29834783247817,0.211670586999115,1.40949121324739,0.158689969831058,0.197436157265757
"Nudt1",1.18487012179771,0.0570507360280803,0.212261170831302,0.268776129918846,0.788101963196858,NA
"Snx8",31.5059543385991,-6.70832282266012,0.281565543771183,-23.825084322504,1.83589259567015e-125,1.80307795849449e-124
"Eif3b",1.40844404194367,0.497632416640649,0.208305758843856,2.38895179568064,0.0168965191393647,0.0245579367694511
"Chst12",1.32537942227487,0.157768296270214,0.203954056952413,0.773548212904756,0.439198007037904,0.466499867074547
"Grifin",33.3928947214752,-6.89158743483759,0.276047911241861,-24.965185948462,1.46086875217094e-137,1.72723326983744e-136
"Lfng",1.72674140580536,0.95251869332894,0.203885358323555,4.67183470731304,2.98521153556477e-06,5.1352131209913e-06
"Ttyh3",27.1701102953367,-6.33660186724468,0.281782842570627,-22.4875361801223,5.49681213109368e-112,4.28259094392672e-111
"Iqce",184.565459672267,-9.38946076946016,0.23604373145331,-39.778479655654,0,0
"Amz1",1.22750394575175,0.234623605939724,0.212799726951504,1.10255595390493,0.270220046918661,0.313589896068377
"Card11",3.23188852257018,-2.84983557941394,0.248527219529534,-11.4668951948552,1.93477069355272e-30,4.69525942368442e-30
"Foxk1",1.26589094704625,-0.0600945114028683,0.202345239878981,-0.296989993136532,0.766474148977504,0.777949651499624
"C330006K01Rik",1.40202896791563,-0.763033092368481,0.207050641159454,-3.68524863335657,0.000228479484021842,0.000370564830384966
"Wipi2",1.21326091777166,0.158276208839593,0.214383188154031,0.738286477603243,0.4603403819557,0.485759357622077
"Tnrc18",1.2397616976664,0.262292866237355,0.212198271528535,1.23607447104998,0.216430883252504,0.259521314600617
"Fbxl18",2.59750930820217,-2.61886239247546,0.247172733207036,-10.5952722150864,3.1342778279201e-26,7.26184210463513e-26
"Actb",33.3829172846664,3.76004482340082,0.235159062930627,15.9893681176559,1.51560488336741e-57,4.61713305583767e-57
"Fscn1",7.59686588696606,-4.52940073381206,0.281528522872953,-16.088603341467,3.06677777321122e-58,9.39195070470084e-58
"Rnf216",1.23206376590686,0.225309323051913,0.212953117086562,1.05802312797482,0.290044898399561,0.331827717078859
"Gm3925",19.185923558601,-6.07394160577888,0.291180547564556,-20.8597094022301,1.24425226991924e-96,7.16887069423668e-96
"4933411G11Rik",2.82514437024085,-2.84712235001181,0.238339458327829,-11.9456609072916,6.84044174811287e-33,1.70074331627288e-32
"Spdyb",1.70399718153798,-1.62107997866039,0.214507832137295,-7.55720647823633,4.11817969596148e-14,8.15357406141435e-14
"4930448H16Rik",9.94342499660007,-5.06109114694102,0.264863921630163,-19.1082693172835,2.15498025674862e-81,9.10481338747695e-81
"Zfp12",34.4294515163659,-6.90437342776339,0.303914469430591,-22.7181464597566,2.96455725525533e-114,2.4141948318928e-113
"E130309D02Rik",16.7230566338621,-5.73458367141561,0.289782198442129,-19.7892889978914,3.68199219337164e-87,1.74806723505229e-86
"Zdhhc4",1.73509464954129,-1.31647139361603,0.206148113503019,-6.38604628121787,1.70229501162884e-10,3.1769681661432e-10
"Kdelr2",2.6960868109958,-1.87344046523701,0.231373025119365,-8.09705653574136,5.63049095073631e-16,1.14563097886741e-15
"Daglb",1.73901442434422,-1.43803392745653,0.223060279571717,-6.44683997625037,1.14206258660905e-10,2.1375283980277e-10
"Rac1",5.31182086647716,-1.82583589645015,0.234105640998316,-7.79919650233152,6.23025858773834e-15,1.24748560905233e-14
"2810453I06Rik",1.35925027422546,-0.381086625319149,0.199145711287544,-1.91360699085758,0.0556703911346931,0.0764204894269407
"Cyth3",8.00537775417959,-4.37121465582109,0.264604945587953,-16.5197768549195,2.64374391602146e-61,8.33605753043311e-61
"Usp42",8.22514937846912,-4.65611605131463,0.274957422472424,-16.933952935137,2.5281696401082e-64,8.24557670813171e-64
"Eif2ak1",1.22023314919266,-0.0384341001327168,0.206914901219658,-0.185748343430885,0.852642115389241,0.86038891210745
"Aimp2",1.94984789121124,-1.73326453281456,0.210509296420037,-8.23367215743342,1.81560143992931e-16,3.72248213528319e-16
"Pms2",4.997854412643,-3.8770296622096,0.26717649345183,-14.5111181456111,1.0302733159869e-47,2.89998744106314e-47
"Ccz1",11.9303272768756,-5.02877695898407,0.264647471003918,-19.0017948779477,1.6481075866403e-80,6.86601883660204e-80
"Ocm",2.62120108554444,-2.68973563323327,0.242540053902496,-11.089861612361,1.40504956780648e-28,3.34672997670537e-28
"Tecpr1",16.1281501573572,-5.52319967059321,0.273589871628111,-20.1878806321487,1.25117553959451e-90,6.41250497465229e-90
"Bri3",13.9520740851956,-4.33282139554366,0.269595329220765,-16.0715744151325,4.03701292661336e-58,1.23379434876591e-57
"Nptx2",2.91145013186633,-2.91088720459789,0.249295795259248,-11.6764392338459,1.68194706240817e-31,4.13262587233263e-31
"Trrap",1.1971712183853,0.128510992932575,0.215024818499779,0.597656558108927,0.550069117556768,NA
"Smurf1",5.08908294247095,-3.85897137081692,0.257275372459929,-14.9993811452667,7.41070521895785e-51,2.14196463139313e-50
"Arpc1a",1.39658020048032,0.512990301419941,0.207904845504534,2.46742830921059,0.0136087469014684,0.0199431945046786
"Arpc1b",4.79622269951524,2.49440022237359,0.206613479790297,12.0727854973707,1.47070373402469e-33,3.68116686243534e-33
"Pdap1",1.90964454595499,-0.866259906183798,0.194399334117233,-4.45608473978311,8.34700491056205e-06,1.41741592820865e-05
"Bud31",1.49585025543539,0.580528034293477,0.206920624244851,2.80555907083739,0.00502293737417848,0.00761316291905101
"Ptcd1",1.92198678146208,-1.88772019726683,0.234476815303128,-8.0507754885122,8.22710667439538e-16,1.67070596538976e-15
"Cpsf4",1.3106173294965,-0.217492763037114,0.199357058572293,-1.09097096734222,0.275285657784061,0.318059126523417
"Atp5j2",2.96093769545427,1.77801702671332,0.199524448130069,8.91127399863418,5.04494685764575e-19,1.06617905250651e-18
"Zkscan14",1.243020547684,-0.162321250696628,0.202217947707643,-0.802704470778746,0.422145568254216,0.452252409704876
"Zkscan5",3.22431969086134,-3.08886193961286,0.246087707083728,-12.551874192407,3.88211310971647e-36,9.94339079132481e-36
"Zfp655",1.2323084373052,-0.0198243735489439,0.207884854748614,-0.0953622791468702,0.924027076372559,0.928741954108935
"1700001J03Rik",38.1472786937683,-7.09928671711393,0.280784254868354,-25.2837778259413,4.817595628836e-141,5.98758313869617e-140
"Rnf6",1.36925955714547,0.30048855962283,0.204983118329585,1.4659185696438,0.142670472348798,0.180019305211681
"Cdk8",1.20500410479152,0.107741259390608,0.214063680612967,0.50331405627565,0.614743485400818,0.63131241270751
"Gm6370",2.10690744112942,-2.18592728520533,0.232060700819355,-9.41963579997518,4.5265535715835e-21,9.81458344492871e-21
"Gm3415",2.13042077750258,-2.2130172489347,0.233342352189701,-9.4839930607007,2.44734434948426e-21,5.32630289944042e-21
"Gm3402",3.98408345307997,-3.51824517542329,0.253205195189024,-13.8948380296733,6.80773354455984e-44,1.86249313954939e-43
"Gm3409",18.9328580775277,-6.05405470536804,0.282180228094724,-21.4545673389128,4.13943747060321e-102,2.66434816233647e-101
"Usp12",1.25934032219688,0.215911325989636,0.213325611646274,1.01212097470814,0.311480214792189,0.351037806053935
"Rpl21",16.9691482075893,3.07271781293011,0.187910144402416,16.3520592392807,4.20525186339034e-60,1.3101411355952e-59
"Gtf3a",20.9738196392915,-5.91497026029992,0.251812804318917,-23.48955318733,5.21571143253276e-122,4.8401802093904e-121
"Mtif3",1.30227928583855,-0.179856427087607,0.200433085873344,-0.897339011191297,0.369538045819589,0.404569756539063
"Lnx2",32.2260844988234,-6.80686563509324,0.284801874567423,-23.9003540458854,3.03688497665984e-126,3.01665834027866e-125
"Polr1d",2.22815864762865,1.23373214768925,0.200451724025658,6.15475947481166,7.51915233290922e-10,1.38643501157846e-09
"Pan3",1.70563571281378,-1.14178736703653,0.212941061989436,-5.36198775552822,8.23111207813779e-08,1.46668049318584e-07
"Flt1",1.26923192625139,0.0309102676678191,0.20214652672812,0.152910209085078,0.878469084906714,0.885081764758356
"Pomp",2.3468859877523,1.15269202026808,0.193548357556307,5.95557634702604,2.59156878939986e-09,4.73669085457538e-09
"Slc46a3",1.22055030355258,0.206495626234577,0.213388100152237,0.967699820595701,0.333194307753961,0.371194373059014
"Slc7a1",1.68420170361167,-1.47399166872588,0.216777266306059,-6.79956756463941,1.04933644269155e-11,1.99800701471818e-11
"Ubl3",1.67476345539639,0.859788127735015,0.198954164935352,4.32153872232025,1.54944852380939e-05,2.61117717329621e-05
"2210417A02Rik",10.761794042439,-5.18551920345699,0.286461523156579,-18.1019745560125,3.07445974952374e-73,1.1305868187752e-72
"Katnal1",16.2172800508224,-5.79653807613178,0.274735025052067,-21.0986497809416,8.18397993726363e-99,4.97906471707647e-98
"8430423G03Rik",1.4792840184667,-1.16797571773895,0.207679393981069,-5.62393646933222,1.86654319522125e-08,3.36325698275973e-08
"Hmgb1",3.18284000631093,1.86054128618441,0.20000733700296,9.30236517351796,1.37355601726616e-20,2.96463196614817e-20
"5730422E09Rik",14.1138114537793,-5.59472049596451,0.290417685250978,-19.2643932518419,1.06911099271085e-82,4.62557760625828e-82
"Uspl1",3.16136898528748,-2.96426646084766,0.247276063325577,-11.9876805744224,4.12288354679525e-33,1.0277675317226e-32
"Alox5ap",2.42225732322977,1.53488039610651,0.222137763843738,6.90958785911887,4.86063759502806e-12,9.31614769452781e-12
"6330406I15Rik",5.15307351883222,-3.91903885013247,0.265789289203838,-14.7449088782765,3.31767288823155e-49,9.46352594348015e-49
"Gm15997",11.9788291609606,-5.35273747970678,0.280433538232039,-19.0873656319872,3.21582831672698e-81,1.3564948536012e-80
"Wdr95",3.20204249204349,-3.0597748658822,0.243211074957965,-12.5807382184838,2.69499595472407e-36,6.91296259639294e-36
"Hsph1",1.24009802832953,0.195216892391368,0.212236566655887,0.919808002302859,0.357673100826199,0.392616841885072
"Rxfp2",9.66137857538271,-5.01519762431157,0.285070582473082,-17.5928276457117,2.7957243476752e-69,9.67429969828606e-69
"Fry",1.98657885370981,-1.90712482126721,0.224437289375962,-8.49736167536993,1.93948407397792e-17,4.02548980762018e-17
"Gm5",36.8934969082667,-7.04990876721455,0.293129498279281,-24.0504923885132,8.24932679041094e-128,8.40224114067221e-127
"Zar1l",12.8125631068827,-5.45723011178387,0.280510857679416,-19.4546127623363,2.66357308294976e-84,1.18836337546989e-83
"N4bp2l1",11.5397515440361,-4.98539023778987,0.274129912740603,-18.1862321698082,6.63473957659089e-74,2.46500644767291e-73
"N4bp2l2",1.74176153914083,-0.325688765417076,0.196012413960471,-1.66157213635845,0.0965985940242715,0.12634544244718
"Pds5b",1.24404981838118,0.107738717394125,0.214191353550771,0.503002178230257,0.614962740706479,0.631413356901617
"Stard13",35.7237166328194,-6.85834264966604,0.303494045225036,-22.5979479913047,4.53983021814969e-113,3.64303055168968e-112
"1700028E10Rik",2.63434989685474,-2.69570551394671,0.243673872463233,-11.06275977271,1.90155021236995e-28,4.52110776978872e-28
"Vmn2r18",4.55986399464291,-3.7641788461129,0.263914309653334,-14.2628827177176,3.7273367150898e-46,1.03741389777493e-45
"Rfc3",121.082246520178,-8.69535726245807,0.259916601454007,-33.4544127378364,2.22024023899072e-245,7.70076680899106e-244
"Gm8579",61.2257495576639,-7.79442743679759,0.272776136291685,-28.5744476872524,1.39609085266308e-179,2.8301336896704e-178
"Samd9l",49.3930989235512,-7.20167683679517,0.265135361687935,-27.1622645540264,1.81394919481293e-162,2.9636353042014e-161
"Hepacam2",23.3837489448458,-6.25653758403077,0.245692586889539,-25.464901742614,4.82798526616421e-143,6.10219929524871e-142
"Calcr",9.60499257398145,-5.00600838041739,0.285465656585187,-17.5362894447638,7.57124953338777e-69,2.60612743582487e-68
"Mir653",3.0462995023507,-3.00322893861454,0.247245960578169,-12.1467260034974,5.97090990748192e-34,1.50027194787271e-33
"Tfpi2",3.30275922772652,-3.14947402795519,0.237307033332268,-13.2717264369717,3.3770960556083e-40,9.00328979074326e-40
"Gng11",17.8167949730065,-4.89688981430341,0.288977123425851,-16.9455967872139,2.07418579258408e-64,6.77338119317416e-64
"Bet1",1.49432095766897,-0.509369125870945,0.193121350169088,-2.63755988359115,0.00835048803978918,0.0124331906253651
"Col1a2",16.7468002815768,-5.08783412408797,0.280067687609841,-18.166444574555,9.51688507439474e-74,3.52577289484319e-73
"Casd1",1.19712964293259,0.158286552738579,0.214322853795445,0.738542576936995,0.46018480413972,NA
"Sgce",54.9161165577503,-7.4343339204797,0.239425416820626,-31.0507297813306,1.11526993673104e-211,2.99316661683088e-210
"Ppp1r9a",1.79863757881998,-1.71458084143463,0.220662793506734,-7.77014019530348,7.83993046114662e-15,1.5673855613629e-14
"Pon2",23.7966921845794,-5.82152432602936,0.280813497031633,-20.730927777925,1.82242694316127e-95,1.02622099711994e-94
"Shfm1",3.6482879451317,1.63036498769731,0.187787264685056,8.68197846340454,3.88943082944149e-18,8.11788441810659e-18
"Dlx6",16.9527460099872,-5.88652489384976,0.288181829644223,-20.426426263991,9.73731443332635e-93,5.16815265297037e-92
"Acn9",11.6710503781931,-5.23600329917763,0.286104995240499,-18.3009852546484,8.12658926131143e-75,3.07731562887528e-74
"Tac1",2.53590275343706,-2.61528463594301,0.23086010494152,-11.3284390848106,9.48805044924378e-30,2.28765003903245e-29
"C1galt1",19.5587379412779,-6.06995737774877,0.277254731694666,-21.89307046501,3.02440859437106e-106,2.10358599102157e-105
"Col28a1",135.226785917435,-8.94894099010978,0.240986678146028,-37.1345879322303,7.77430133665845e-302,3.67256588030381e-300
"Mios",16.8736182964621,-5.824612835494,0.291139394547323,-20.0062682844772,4.85674243684473e-89,2.39963989780686e-88
"Rpa3",10.7534368447711,-4.86773505989858,0.277687507080882,-17.5295428702191,8.52520930316194e-69,2.93255964168075e-68
"Gm16039",34.6089871699366,-6.8209035392226,0.294551407650826,-23.1569205308582,1.23814648878411e-118,1.0844168911834e-117
"Glcci1",1.23238079432326,0.11845480344191,0.215418006490079,0.54988348175697,0.582399294568243,0.600044274676055
"Ica1",1.41750429423758,-0.963052660466214,0.204971536794642,-4.6984702145795,2.62117406241554e-06,4.51643129420997e-06
"Ndufa4",2.79193918941452,1.62543836200864,0.201110018745867,8.08233409824615,6.35387451085398e-16,1.29155860384181e-15
"Phf14",1.33844904593599,0.271413406883932,0.212581009512851,1.27675283651113,0.201689521206908,0.243595395812138
"Tmem106b",2.05031406545413,-1.84548987486012,0.231968081962664,-7.95579227644414,1.77988809766422e-15,3.59281356141037e-15
"Tmem168",1.24400823419572,0.165313818237085,0.211432191009514,0.781876295410695,0.43428727722629,0.461703979134157
"B630005N14Rik",1.75685920762111,-1.47115323673265,0.216629584176489,-6.79110031219971,1.11281511764347e-11,2.11810206530499e-11
"2610001J05Rik",1.40363941588856,0.520583319388965,0.207794807969324,2.50527587515958,0.0122355916501797,0.0179940240636535
"Mdfic",1.21225055970026,0.167996242210646,0.214181204058576,0.784365009754549,0.432825963536521,0.461156984598221
"Tes",1.30791053027806,0.307340461495127,0.211553187912294,1.45278104541041,0.14628455630186,0.183714983016129
"Cav2",1.64431700684477,0.757983882037794,0.200322071234482,3.78382610246954,0.000154435747068952,0.000251805278681846
"Cav1",5.77702856918791,-3.04959757239047,0.254763934954476,-11.9702876034452,5.08520489455217e-33,1.26644892889133e-32
"Capza2",153.761407389278,-8.00426862441953,0.220290708005614,-36.3350260974946,4.52990775005602e-289,1.98706877775566e-287
"Wnt2",25.7437049563815,-6.30239538599709,0.278601613147636,-22.6215322832942,2.66077075844417e-113,2.14009604916465e-112
"Asz1",4.52812601736392,-3.73841195136204,0.249860583422811,-14.9619916040776,1.30074293733601e-50,3.75338758037257e-50
"Naa38",1.52444748123514,0.623537733315543,0.206616427484499,3.01785168249665,0.00254573465710856,0.00392635098540602
"Tspan12",2.07010265252555,-1.75987927492854,0.231201256179509,-7.61189322242321,2.70109678149082e-14,5.36009321398292e-14
"Ing3",1.55406202403451,-0.850451293752123,0.198266524725858,-4.28943461296877,1.79128539351322e-05,3.00949782881847e-05
"Fam3c",1.61906073970997,-0.516024984085226,0.200778193437765,-2.57012464974279,0.010166192804101,0.0150269082365588
"Ndufa5",1.65612746787496,0.784875867034731,0.204611719957313,3.83592820195478,0.00012509095096257,0.000204533990297453
"Wasl",1.2205624987355,0.234700917192616,0.212704578138879,1.1034126263111,0.269848015960797,0.313589896068377
"Gpr37",70.9921589335713,-8.01078666449339,0.277464630260215,-28.8713795952321,2.73178138559745e-183,5.74995920678173e-182
"Pot1a",1.21638876056308,0.0769161286420997,0.210562834168983,0.365288247309457,0.714896250459609,0.728076953936037
"LOC626904",11.2420974741386,-5.25388061873752,0.288612277148961,-18.2039401464056,4.80258263024375e-74,1.79003793858425e-73
"Zfp800",205.265025081764,-9.43046792622992,0.234049246467129,-40.2926651915299,0,0
"Gcc1",1.17734364124451,0.0981486180340076,0.215651420159587,0.45512623084687,0.649018427894702,NA
"Arf5",2.39121147091703,1.48451260373555,0.199625955319258,7.43647088055956,1.03410749023607e-13,2.03507675741086e-13
"Snd1",25.9784921201396,-6.18854664740553,0.265765904694718,-23.2857057210338,6.18853774567077e-120,5.56009759593828e-119
"Lep",142.900652916246,-9.02907228806798,0.236369020701718,-38.1990510484962,0,0
"Rbm28",1.34928921145681,0.330039302250534,0.209822726546582,1.57294353992328,0.115731892171091,0.148944890811908
"Prrt4",198.168563671287,-9.49271385615301,0.261127625774048,-36.3527751152878,2.37535146106004e-289,1.04635735246695e-287
"Impdh1",4.30025205736512,-3.18404408360019,0.262611495517859,-12.1245419105565,7.82967774074631e-34,1.96494797147576e-33
"Hilpda",2.4489803181491,-1.39423150982372,0.229257476555895,-6.08150944854263,1.19056348705294e-09,2.18983136096418e-09
"Fam71f2",2.28176049502457,-2.34865072953738,0.234504197959086,-10.0153888500842,1.30447914039799e-23,2.92122741865187e-23
"Calu",1.32514631100589,0.356493691159584,0.20655049307387,1.72593967631967,0.084358265804129,0.111948683741592
"Atp6v1f",2.27089019428258,1.26129800101819,0.200613427061095,6.28720629269783,3.23229741009251e-10,5.99914399313171e-10
"Kcp",37.4522688167647,-7.07211014000383,0.281101899314367,-25.1585284811428,1.1399543913064e-139,1.38707737123996e-138
"Irf5",1.60660203211694,0.790578298181657,0.208014952867645,3.8005839834249,0.000144355481604127,0.000235479879366732
"Tnpo3",1.33485621375953,0.384837522397932,0.210036785987391,1.83223867471022,0.066915869208214,0.0907510619035793
"Smo",2.00980142050702,-2.00749190693297,0.221649388916291,-9.05706041757296,1.34013375800842e-19,2.85588822894629e-19
"Ahcyl2",1.18493501179764,0.0567511739862551,0.215184458504923,0.263732680234231,0.791985911607115,NA
"Nrf1",1.21260626767133,0.18737447919294,0.21375874187223,0.876569900963114,0.380720293669834,0.414225210457603
"Mir183",2.11072964255319,-2.195296063184,0.237769135909558,-9.23288909969815,2.63428773369044e-20,5.66466816472259e-20
"BB283400",228.278313491994,-9.70813713781233,0.251014041404945,-38.675673613616,0,0
"Ube2h",1.32732824890557,0.316107539772026,0.211374593292878,1.49548502896008,0.134787904203885,0.170882100887308
"Zc3hc1",1.20830152837625,0.196959888195614,0.213497113760706,0.922541221875124,0.356246338867648,0.392000127749348
"Tmem209",2.05932324961905,-2.06542294245726,0.236284042009087,-8.74127141594198,2.30501510513124e-18,4.82348320255966e-18
"1700025E21Rik",19.2803084995362,-6.08153811765037,0.288682547149833,-21.0665250729339,1.61346239303439e-98,9.73110767376028e-98
"Cpa2",69.5989235641181,-7.98185189432809,0.249306324666564,-32.0162430897149,6.48004339248433e-225,1.97235139992817e-223
"Cpa5",10.5230732644472,-5.15008621654642,0.283794579884303,-18.1472324758493,1.35035196511765e-73,4.99386274028631e-73
"Cpa1",12.2244751155763,-5.37334842627498,0.289470235613971,-18.5626975252845,6.4388867926901e-77,2.52240067976303e-76
"Tsga14",2.19899527294267,-2.27311679621011,0.232614249077425,-9.77204451243011,1.48426096629084e-22,3.28367969656206e-22
"Mir29b-1",10.1388094915639,-5.09150805157252,0.286136543652787,-17.793980407308,7.86865318979271e-71,2.78659224224681e-70
"Gm13845",32.8456973196697,-6.86705557930177,0.287080239613608,-23.9203352642606,1.88182437584661e-126,1.87107109369892e-125
"Mkln1",2.23357974937432,-2.0929914831579,0.231911326919447,-9.0249644593034,1.79753709894792e-19,3.82361192196747e-19
"Podxl",2.09377965883713,-1.79162328939248,0.222571321102334,-8.04965923066398,8.30248769775005e-16,1.68535818713806e-15
"1700012A03Rik",6.85094016000275,-4.45973908573279,0.264130179652808,-16.8846251935125,5.83859253111456e-64,1.89890672974567e-63
"Chchd3",1.66820054131209,-0.465484771215249,0.19891015013115,-2.34017605893081,0.019274651285695,0.0278207326728405
"Slc35b4",1.18536723700461,0.10776696106352,0.213963893188562,0.503668910943525,0.614494058690507,NA
"Akr1b3",18.4205794100715,-6.01248541248709,0.274776910019433,-21.8813342506176,3.91228836978203e-106,2.71751767002823e-105
"Gm6644",4.63012542961061,-3.79038136848952,0.266296881276592,-14.2336678909604,5.66317986663976e-46,1.57327295922616e-45
"Akr1b8",1.63685582566287,-1.44532921787783,0.212472102600261,-6.80244229802266,1.0286022087371e-11,1.95888490682512e-11
"Akr1b10",18.2361671629878,-5.91173061867657,0.281075494274231,-21.0325365928515,3.30498345563425e-98,1.97504449209053e-97
"Bpgm",6.72057842341457,-4.29016568086921,0.249754236289771,-17.1775491963694,3.91088047652601e-66,1.30154900143231e-65
"Cald1",26.5566399768863,-6.18936900597083,0.268880966596703,-23.0189926952112,3.00853759964676e-117,2.58298787338093e-116
"Tmem140",1.31043836794298,0.434208930799696,0.209675350901944,2.07086302196178,0.0383715986857914,0.0536636959517297
"3110062M04Rik",73.012591253323,-7.898772082247,0.268148739348961,-29.456681770813,1.03381505627474e-190,2.34122108188899e-189
"Wdr91",2.37440466768881,-2.36375289271595,0.232046014290146,-10.1865696764796,2.27655795149407e-24,5.13775724461697e-24
"Cnot4",1.33046663312771,0.262282731301,0.21258614743868,1.23377150609804,0.217288059926005,0.259743699840829
"1810058I24Rik",2.64625258367158,-1.51796659450162,0.213543620187526,-7.1084614617313,1.17343653311278e-12,2.27116748344409e-12
"Slc13a4",2.81676629288914,-2.84020556861223,0.240438150383661,-11.812624427863,3.35909782742517e-32,8.30231565301107e-32
"Mtpn",1.65775872830111,0.696384408035641,0.199195132011335,3.49599109679053,0.000472304458463899,0.000756150674185418
"Ptn",66.213772685993,-7.90896540465309,0.27813272651877,-28.4359395733294,7.27278113069521e-178,1.44349496206194e-176
"Dgki",1.25422557365001,-0.500101083080587,0.195850869508716,-2.55347900336143,0.0106652708814797,0.0157512276138984
"Creb3l2",15.1070141316038,-5.69923779898142,0.288463681885599,-19.7572108964541,6.95427364774834e-87,3.28370044696937e-86
"Trim24",1.19299187480152,0.0362829682148279,0.214239985071491,0.169356659555034,0.865516111674907,NA
"Zc3hav1",1.27230668014211,0.215991524246578,0.213429700596316,1.01200312628985,0.311536558640104,0.351037806053935
"Ttc26",103.77064326321,-8.56407974517841,0.299723041473482,-28.5733112245097,1.44222766568911e-179,2.91235141775518e-178
"Ubn2",1.33304712063648,0.0407521301674762,0.199963328206806,0.203798019031417,0.838511340939886,0.846702621086411
"1110001J03Rik",1.53613193665636,-0.0782108596372918,0.195053379710339,-0.400971568672317,0.688441056462155,0.702161452663629
"Luc7l2",1.87927658791541,-0.824438753127965,0.205468810397685,-4.01247640229319,6.00850869701043e-05,9.93487975875655e-05
"Hipk2",1.1732098521729,0.0773694716132658,0.214634751695216,0.360470385164521,0.71849539935568,NA
"Parp12",32.429897034641,-6.74406906167856,0.274226112557376,-24.5930958171152,1.49740368323145e-133,1.66661987771176e-132
"Jhdm1d",2.06021525544122,-1.27592452092074,0.211643803578779,-6.02864104379891,1.65344064187043e-09,3.03266344011373e-09
"Slc37a3",1.33062715389854,-0.540816179187304,0.201572132096127,-2.68299081605882,0.00729669940814267,0.0109309143092279
"Rab19",1.19336624412979,0.118483682745706,0.215245599695071,0.550458094909057,0.582005211498103,NA
"Mkrn1",1.50248745729942,0.6237077347975,0.206325605554489,3.02292937961491,0.00250340656388069,0.00386563593061891
"Dennd2a",51.22637427234,-7.48069345396641,0.285506336264574,-26.2014971430763,2.55502883605615e-151,3.58046993938606e-150
"Adck2",1.20511343293207,0.177768174015491,0.21390825153231,0.831048698411894,0.405946119226839,0.436795720715753
"Ndufb2",1.62461998177441,0.746227471877046,0.204754914892906,3.64449113354544,0.000267921371182212,0.000433322868341177
"Braf",1.1931671058565,0.0973119655376996,0.212792349858836,0.457309511372263,0.647448594193476,NA
"Mrps33",3.07900949631619,-1.61414651632693,0.225820160711666,-7.14792918063644,8.80967379864025e-13,1.70731380096165e-12
"Agk",1.23516528916678,-0.185618944988668,0.203696117678371,-0.911254210950421,0.362161446415267,0.396785129664748
"E330009J07Rik",2.49924102600011,-2.58411492300173,0.244152243225507,-10.5840310490818,3.53418317958567e-26,8.18293909844186e-26
"Wee2",7.38432735055922,-4.58317217306537,0.27756061844385,-16.512328725743,2.99114863602688e-61,9.42862070051951e-61
"Ssbp1",1.37023284357581,0.307253352717978,0.211685196107757,1.45146358067275,0.146650816365326,0.183772092529983
"Tas2r137",1.23723850994357,-0.44083074045037,0.197816655282236,-2.22848141791404,0.0258484291202231,0.0368154979556793
"Prss37",2.21435082422006,-2.30885987896567,0.233228426502379,-9.89956461821825,4.18091167975123e-23,9.32067434050883e-23
"Mgam",21.4816611009595,-6.23339083570705,0.298778936999629,-20.862885778708,1.16429977901727e-96,6.71562966460788e-96
"Prss58",1.19550406870232,-0.265396739253298,0.203772497267539,-1.30241687574182,0.192773916745255,NA
"Gm5409",7.72978092622833,-4.65731846242771,0.267586213517419,-17.4049268129598,7.57026978192403e-68,2.57103502027609e-67
"Gm10334",4.79614235372838,-3.85311108943946,0.268626029845716,-14.3437740998238,1.1654141318807e-46,3.2540581804853e-46
"Prss2",18.1065558115985,-5.9756858322571,0.290400280913147,-20.5774106466664,4.37432027469215e-94,2.39852435229969e-93
"Trpv5",24.8399145098111,-6.46219721978349,0.291616096093155,-22.1599469520337,8.36491961145528e-109,6.15865731619133e-108
"Pip",7.68591062713375,-4.64837018715761,0.269715790993159,-17.2343271784021,1.46750855457047e-66,4.90108423215475e-66
"Sval2",1.96781544331995,-2.01528486095068,0.220427657760893,-9.14261341531265,6.09609864080998e-20,1.30496759913997e-19
"Sva",49.4236062870262,-7.48050582190837,0.267316250516458,-27.9837301602726,2.56349505386734e-172,4.8395819823463e-171
"Tas2r139",39.2811745649752,-7.14245582613451,0.276779437565067,-25.8055868924707,7.67503461356153e-147,1.01813673907983e-145
"Gstk1",1.37410227344543,-0.603989567443953,0.199764032366539,-3.02351509572912,0.00249856563006135,0.0038587315351835
"Casp2",1.20490254902996,0.177747814100012,0.2139070515052,0.830958179495504,0.405997254991056,0.436795720715753
"Zyx",1.77284174160194,1.08205056392418,0.199856428752998,5.41413939334164,6.15841782061078e-08,1.1001690973165e-07
"Tas2r143",11.4081002309396,-5.27690746705522,0.281575502299583,-18.7406483304106,2.30798260349436e-78,9.22133118273293e-78
"Olfr455",10.5683966038639,-5.15718280008882,0.279818080821787,-18.4304844952938,7.48100936468978e-76,2.88731008382112e-75
"Fam115a",12.4172490054764,-5.36486105000357,0.287422114467526,-18.6654428450728,9.45878365949525e-78,3.74335486751821e-77
"Olfr453",11.617269322362,-5.30511677654142,0.273656049552709,-19.3860752766571,1.01168335746651e-83,4.46784020810085e-83
"Olfr452",29.6077886303204,-6.72394715459987,0.287480180919373,-23.3892546369507,5.4974935334371e-121,5.04783047397391e-120
"Olfr447",17.7382874219207,-5.95533016019954,0.297129572572725,-20.042872571164,2.32929082111674e-89,1.15578879146667e-88
"Olfr444",2.1897968337953,-2.27808644768724,0.231574665899656,-9.83737335358768,7.77132511154591e-23,1.72439179945886e-22
"Tpk1",2.21095592233038,-2.24350228891295,0.2396186867019,-9.36280187406251,7.76496904016176e-21,1.68013008868992e-20
"9430018G01Rik",29.3263342023579,-6.70969604709755,0.267396614147224,-25.0926739236994,5.97889864987708e-139,7.18293462654968e-138
"Cul1",19.3166826629215,-5.67008825810638,0.243480490648099,-23.2876492199177,5.91421067538035e-120,5.32278960784231e-119
"Ezh2",3.38917835974828,-3.09493448835689,0.252900072922346,-12.2377761801089,1.95310822123492e-34,4.92522942746197e-34
"Rn4.5s",18.2556797158079,-5.9987236709268,0.301518262726188,-19.8950591472938,4.49077591132941e-88,2.17356052453774e-87
"Pdia4",3.42398612765803,-2.45273247028817,0.24206531168115,-10.1325235460375,3.96287649322228e-24,8.92224079992249e-24
"Mir704",29.9222921890987,-6.73965261430717,0.289358743801297,-23.2916846602544,5.38276048529079e-120,4.84866431979602e-119
"Zfp786",10.7904855771444,-5.18958435142919,0.270181197068057,-19.2077924287306,3.18525669444572e-82,1.36287212663989e-81
"Zfp398",22.8700906561949,-6.32697547299234,0.282697156294876,-22.3807538636603,6.06111807169996e-111,4.60874527811709e-110
"Zfp282",1.63841413295062,-1.41313715827775,0.21994609779339,-6.4249248904848,1.31934644970041e-10,2.46712823479711e-10
"Zfp212",9.04761422193611,-4.76657939996335,0.266880800046909,-17.8603309010072,2.40210999783732e-71,8.6001469058373e-71
"Zfp783",17.1638777400976,-5.89396993548975,0.265620674226821,-22.1894246471821,4.34516663484434e-109,3.20817112219059e-108
"Zfp956",2.42891734212948,-2.50667709151348,0.223078479161454,-11.236749958741,2.69108108264839e-29,6.46602681308383e-29
"Zfp777",3.82545904161272,-3.42641539091089,0.229232950768276,-14.947307441741,1.62174935377899e-50,4.67708929653389e-50
"Zfp746",3.72694109359214,-3.30280925080012,0.255215646492171,-12.9412490816915,2.6331321694752e-38,6.89963616663297e-38
"Zfp467",1.32461902283428,-0.38935882167826,0.195167570685824,-1.99499753114743,0.046043149132356,0.0639726479826719
"Sspo",3.30389408053908,-3.16213105809732,0.255081091006006,-12.3965717945862,2.7274474683649e-35,6.93317544916717e-35
"Lrrc61",1.16973419731855,0.0358677036422352,0.215636154216379,0.166334368986399,0.867893820224203,NA
"Rarres2",1.42498589731232,0.665755426858664,0.212944865650195,3.12642159662258,0.00176947679609069,0.00275474765153398
"Zfp775",3.30167439371703,-3.0678372396618,0.251382723471506,-12.2038507551198,2.96464828522204e-34,7.46705141078845e-34
"Gimap8",5.10796207799231,-3.71685790663143,0.260753308945496,-14.2543077273407,4.21460929577367e-46,1.17209699115283e-45
"Gimap9",1.4543447087049,0.44247926756479,0.209719758331687,2.10985970556469,0.0348704419021932,0.0489705963759614
"Gimap4",2.2937900985698,1.20178193962805,0.206755043964935,5.81258825217281,6.15142348681733e-09,1.11572031275839e-08
"Gimap6",2.431186818231,1.15855203771016,0.202958304343501,5.70832536987174,1.14093156209715e-08,2.06185312589481e-08
"Gimap7",2.03784104552043,-1.19563263563847,0.218404922906113,-5.47438500803593,4.3903361778398e-08,7.85385704192041e-08
"Gimap1",44.4201896938325,-6.38648888080427,0.247290540522073,-25.8258519202606,4.54502797385794e-147,6.06003729847726e-146
"Gimap5",1.42210989499165,0.376849625631302,0.207843048321751,1.81314520102651,0.0698094291424723,0.0940886186738202
"Gimap3",1.85544520132174,0.520653409630915,0.197356429090822,2.63813756678438,0.00833627568855858,0.0124169950333217
"Tmem176b",1.76556571471872,1.0821268841739,0.214909251443825,5.03527361853365,4.77166749291568e-07,8.36123004800935e-07
"Tmem176a",30.9516121612755,-5.90281499081417,0.281749113512474,-20.9506071455761,1.85254378134533e-97,1.08715891384178e-96
"Gpnmb",2.60687727620127,-2.52878553758763,0.244502641593041,-10.3425693935717,4.52246554432737e-25,1.03291490445806e-24
"2410003K15Rik",1.32240812339403,0.0400415491907485,0.202638986658513,0.19760042157251,0.84335770494054,0.851431625527438
"Igf2bp3",1.24066227767624,0.185777052984326,0.212436620337236,0.8745057828985,0.381842872311331,0.414641290070195
"Tra2a",10.032668796964,-4.7854229162759,0.279886329985222,-17.0977372011294,1.5427906336038e-65,5.09389595917731e-65
"Ccdc126",1.17731739406331,0.108325350063105,0.215410604683155,0.502878445666309,0.615049736229893,NA
"Npy",14.371235538917,-5.62300753695236,0.264464621865757,-21.2618515750156,2.56110120340272e-100,1.59724591179954e-99
"Mpp6",1.20842384402537,0.148364213886847,0.214617231018181,0.691296841278688,0.489379016443047,0.512050895553324
"Cycs",2.40164864341953,1.37092496651063,0.200262618736441,6.84563587133982,7.61369162549285e-12,1.45500531887507e-11
"5430402O13Rik",23.2347662578868,-6.36200859843524,0.229858199084006,-27.6779711308454,1.2859829258644e-168,2.29106855734204e-167
"Hnrnpa2b1",3.07155306764547,1.8143765227395,0.19989316505761,9.0767311739578,1.11884515911296e-19,2.38577276575557e-19
"Cbx3",1.57256595525105,0.771961943616107,0.204645845069892,3.7721847875898,0.000161824335467333,0.000263646389244532
"Snx10",1.37216147356005,0.512890040844831,0.208353801094016,2.46163035256266,0.0138307128921983,0.0202372309172459
"Skap2",1.4347015790564,0.616478057190045,0.206321287657416,2.98795177264339,0.00280853868608157,0.00432273977335863
"2700086A05Rik",3.86230445549507,-3.46174031418384,0.263356718082502,-13.1446820092107,1.8257142353397e-39,4.83767934440265e-39
"Hoxa5",1.25174213276686,0.208216129116996,0.207812604601021,1.00194177112957,0.316371716672792,0.355573336426305
"5730457N03Rik",35.5935654498029,-6.99681774995525,0.298432182819975,-23.4452520630993,1.4778727234088e-121,1.36660684077837e-120
"Hibadh",2.01217922438357,-1.38181178068679,0.214973077092101,-6.42783644993265,1.29432887959005e-10,2.42077991811539e-10
"Tax1bp1",1.79015277563558,0.791268436197678,0.205729009331941,3.84616850470988,0.000119979266561701,0.000196298941060047
"Creb5",26.4847521895912,-6.52581190019732,0.258741973086505,-25.2213114955862,2.33868695951662e-140,2.872457865571e-139
"Chn2",11.3483812311177,-5.16700369627333,0.276982267723534,-18.6546371316113,1.15785546099809e-77,4.57359478351117e-77
"Wipf3",9.11596516457453,-4.92296954210568,0.283126328411108,-17.3878903093653,1.01917200028209e-67,3.45123440899937e-67
"Plekha8",7.09754058169062,-4.4839009751289,0.272466197505835,-16.4567238658398,7.50542448975056e-61,2.35871859340746e-60
"2410066E13Rik",119.524149266551,-8.76958875510892,0.17999699064436,-48.7207520732166,0,0
"Znrf2",29.8944031010277,-6.62373227030879,0.274363583096473,-24.1421700196258,9.0234837490616e-129,9.31801882692415e-128
"Nod1",1.25860744490848,0.151134536650581,0.206397593204689,0.732249510781344,0.464016289827611,0.487946219359413
"Ggct",1.32901030029677,-0.0305046091064721,0.200517940107177,-0.152129076780698,0.879085131156225,0.885531529261964
"Gars",1.92038506546476,-1.29082508808744,0.211577164113091,-6.10096601633945,1.05429324262619e-09,1.9402117844205e-09
"Inmt",2.63884050812956,1.97303489510112,0.265960251182822,7.41853298124932,1.18424689907373e-13,2.32659721985881e-13
"Fam188b",8.35565161536425,-4.74965649661217,0.260542393088174,-18.2298797532145,2.9897771850767e-74,1.11795393310174e-73
"Aqp1",2.49222574106785,0.273395217416781,0.229097482559287,1.19335758019964,0.232729360716547,0.276695742225986
"6430584L05",7.03640814844659,-4.50354971243282,0.26831641219644,-16.7844735085965,3.17028370992862e-63,1.02406441620219e-62
"Neurod6",11.8679304879892,-5.33831005660766,0.278961995900908,-19.1363344650858,1.25816157349548e-81,5.341686387675e-81
"Ppp1r17",2.88519297027535,-2.89018023671957,0.248845868838124,-11.6143388283438,3.48473571514914e-31,8.5300447517367e-31
"Lsm5",6.84412843772464,-3.56464252825393,0.252692352927175,-14.1066497935584,3.45611029056325e-45,9.55302923841152e-45
"Avl9",2.47957726570343,-2.49674680131069,0.232920203716118,-10.7193225897815,8.26061110988486e-27,1.92458781493412e-26
"Kbtbd2",1.45935310535502,-0.509151640551971,0.193328298718808,-2.63361155053933,0.00844820794051026,0.0125765422642132
"Fkbp9",1.35862263404053,-0.30598532956489,0.197050879493346,-1.55282397293346,0.120465193828905,0.154864748623786
"Nt5c3",1.38379604831179,0.0670262559405512,0.199533023018702,0.335915603976335,0.736934509839909,0.7495709550593
"Vmn1r4",11.4291381512382,-5.27973599109433,0.285254276480597,-18.5088758571283,1.7511707020158e-76,6.82172467501678e-76
"Vmn1r5",108.288099356833,-8.62608275762312,0.242109121468471,-35.6289044597044,5.00033321012844e-278,1.99249918754736e-276
"Vmn1r9",4.528438330268,-3.75149070370626,0.268041732758156,-13.9959202065415,1.65079040321551e-44,4.53891277576243e-44
"Vmn1r11",4.59132877399487,-3.77551736397386,0.271036465151746,-13.9299240117379,4.16798699863132e-44,1.14239391613838e-43
"Vmn1r13",143.200812932014,-9.03211155943631,0.249004768515453,-36.2728457502443,4.33715241418595e-288,1.8788328300457e-286
"Vmn1r14",21.7516032866409,-6.2633000476586,0.270433190532956,-23.1602490630503,1.14612673647286e-118,1.00550950661988e-117
"Vmn1r15",11.8687656903397,-5.33837737145077,0.268915308013691,-19.8515190930632,1.06919327547492e-87,5.14158350804151e-87
"Vmn1r16",12.3376100827771,-5.39856272850994,0.277961677614284,-19.4219677145614,5.03243038448814e-84,2.23473301633587e-83
"Vmn1r17",8.63569158047714,-4.83663760316732,0.270502385568029,-17.8802031376206,1.6822297945848e-71,6.03936693791792e-71
"Vmn1r18",29.4911535470231,-6.7180143710281,0.260114762567126,-25.8271168645971,4.39873053494884e-147,5.87247401340996e-146
"Vmn1r20",15.0429062333603,-5.70431346833291,0.275650242163396,-20.6940266896323,3.92064204187867e-95,2.19354249288389e-94
"Ppm1k",1.49781782338027,-0.939870598244401,0.196134354153373,-4.79197335062191,1.65148843627145e-06,2.85787158539267e-06
"Herc6",1.20886444779655,0.0977183314641096,0.214312242840386,0.455962432052413,0.648416993436281,0.663543757251007
"Pigy",1.22116539692175,0.17779469635795,0.214022975626707,0.830727148977005,0.406127785723516,0.436795720715753
"Lancl2",2.94675991496742,-2.89064026136765,0.241418012074759,-11.9735898598673,4.88675654024288e-33,1.2173165898386e-32
"Vopp1",1.19696953340781,0.137491046448827,0.213314994105954,0.644544688595752,0.51922228873794,NA
"Vmn1r22",49.0891041781095,-7.4705486486272,0.283360177289246,-26.3641444612786,3.53330182734478e-153,5.09498219302203e-152
"Vmn1r23",15.6039424284592,-5.76024808177349,0.273828126660353,-21.0359985733617,3.07236428649474e-98,1.83813657025817e-97
"Vmn1r27",16.8983542106661,-5.88183408040826,0.258823693938014,-22.7252535921881,2.52169167543579e-114,2.05675477277732e-113
"Vmn1r31",25.8649334346804,-6.52261628304634,0.281491493548453,-23.171628388563,8.80105096621156e-119,7.73425690970107e-118
"Abcg2",1.18898532719965,0.0771144502708619,0.211816858430163,0.364061911041357,0.715811778503435,NA
"Tigd2",1.31577610785056,0.225380267459067,0.213286081475228,1.05670405635561,0.290646673159426,0.331827717078859
"Gprin3",1.16953817853247,0.108340777195133,0.215381141526178,0.503018864267488,0.614951009281571,NA
"Smarcad1",1.20098426665106,0.148415988913059,0.214577295314877,0.691666789327685,0.489146607691484,NA
"Prdm5",5.48175442933211,-4.06135635958633,0.266384104108922,-15.246241412084,1.74386716133055e-52,5.10114126205965e-52
"Mad2l1",6.25087039785843,-4.15765174364893,0.251020730951191,-16.5629815828134,1.29038046226778e-61,4.08105786915349e-61
"Vmn1r32",87.6636115628851,-8.31850522516321,0.285076574465433,-29.179897509158,3.48950770694602e-187,7.58967926260759e-186
"Vmn1r33",11.924942645752,-5.34575225251986,0.280511844866834,-19.0571355553902,5.7328741066275e-81,2.40946882742315e-80
"Vmn1r34",44.8941583345625,-7.33924509934474,0.302479258683408,-24.2636309388288,4.74792448755763e-130,5.01196477756336e-129
"Vmn1r36",8.63931583532474,-4.83711725000933,0.274533792759123,-17.6193874036245,1.74888475838036e-69,6.0679152135231e-69
"Vmn1r39",2.10642106126703,-2.18761260618073,0.231430759418713,-9.45255769663194,3.30650589263627e-21,7.18715834251982e-21
"Gng12",1.35236971890972,0.0500881475723226,0.197237933676926,0.253947841769457,0.799535853577895,0.810010122402059
"Gadd45a",1.39547103373339,-0.184373003254657,0.189260306274447,-0.974176819661791,0.329968752095846,0.370297083938582
"Serbp1",11.6396758288882,-3.6270871778758,0.258441294883701,-14.034472236753,9.59077422837261e-45,2.64328624456732e-44
"Il12rb2",46.5506963938965,-7.37113008204845,0.247967233800263,-29.7262261996514,3.51942094175618e-194,8.20150773034253e-193
"Tacstd2",61.2054106434239,-7.74059231649738,0.25752995333119,-30.0570563399388,1.76568346086421e-198,4.34757908759961e-197
"4930515G16Rik",1.68946198716828,-1.59521312880954,0.214860400288247,-7.42441662898084,1.13278068024427e-13,2.22716201539552e-13
"Rprl1",2.48429434394019,-2.57134784936668,0.232238982957114,-11.0719906564589,1.71546954819052e-28,4.08147267162923e-28
"Rpia",9.03745862019445,-4.61540157463685,0.256410582442997,-18.0000432535304,1.94666893336919e-72,7.08373079971222e-72
"Eif2ak3",4.21888948361135,-3.52116338321393,0.255839215167859,-13.7631886530908,4.24388004708405e-43,1.15290418140925e-42
"Foxi3",27.7205845268478,-6.62590638404748,0.294353936249973,-22.5099975507737,3.31288939645349e-112,2.59658898640949e-111
"Fabp1",72.1990134243258,-7.45382238852261,0.263899900861346,-28.2448851408962,1.64488363203861e-175,3.20384050717969e-174
"Smyd1",9.94949010977209,-5.06196149726297,0.280470624422974,-18.0480986473261,8.16536088905936e-73,2.98795540419838e-72
"Krcc1",1.65325818321617,-0.0640133532954165,0.18797662180556,-0.340538906809544,0.733450728244602,0.746172832086693
"Cd8b1",4.13713673467513,-2.48354706611345,0.263242821175505,-9.43443416623187,3.93110219318894e-21,8.53414574691048e-21
"Cd8a",1.46966484268241,0.458481695318897,0.21369553201175,2.14549031981486,0.0319136645707424,0.0450058973549305
"Rmnd5a",1.42053496735597,-0.517628622835819,0.194738170214763,-2.65807479994787,0.00785884484479708,0.0117561742627427
"Rnf103",10.9123354923728,-5.08756154867506,0.283839911404716,-17.9240527644504,7.65431298290474e-72,2.75745436651226e-71
"Chmp3",24.699250895208,-5.92309740292874,0.278568432789632,-21.2626295937907,2.51899111394477e-100,1.57192272741084e-99
"Kdm3a",1.18155366674715,0.108350489376998,0.215426983263706,0.502956907883565,0.614994569351039,NA
"Reep1",17.450110618772,-5.90862225215517,0.30043919555179,-19.6666158731498,4.16678663006115e-86,1.94202019722493e-85
"Mrpl35",1.29419482426866,0.304005876534674,0.210175009111909,1.44644160035603,0.148053380854938,0.185228876082287
"Immt",2.61147815996622,-2.21920768182295,0.231187509204639,-9.59916774681189,8.0592523834771e-22,1.7672462693447e-21
"Ptcd3",1.31837453443333,-0.537693740468969,0.20368744107503,-2.63979820076832,0.0082955406625054,0.0123598465129951
"Polr1a",24.4715618629536,-6.32455289607159,0.286689257440701,-22.060655332995,7.5481446383335e-108,5.43091867844257e-107
"9130221F21Rik",4.34711384442857,-3.67767685029673,0.25296612921676,-14.5382184630158,6.93747283627884e-48,1.95590646531869e-47
"St3gal5",21.8643187678899,-6.12467019284982,0.279918184455692,-21.8802154806748,4.00944543296012e-106,2.78315228192178e-105
"4933431G14Rik",1.6485775235979,-1.52061606070702,0.206503627775044,-7.36362879960401,1.78976943141622e-13,3.50500710260464e-13
"Atoh8",1.26431971005863,-0.517644459501375,0.194811807798881,-2.65715135725129,0.00788040536712478,0.0117799874044649
"Sftpb",1.18914928844901,0.177757394832474,0.213860200865362,0.831185017657322,0.405869117291253,NA
"Usp39",12.5302900595876,-5.24591328010222,0.288201195607775,-18.2022606430877,4.95212959217444e-74,1.84446068292191e-73
"0610030E20Rik",17.2313398167148,-5.72058086415087,0.293139300158076,-19.5148888636428,8.20473434581903e-85,3.70650915492647e-84
"Rnf181",23.3704277352721,-6.03627423670116,0.303144091350242,-19.9122279105452,3.18816736769093e-88,1.5459576088571e-87
"Vamp5",1.6052250037128,-0.796033270837754,0.203721388993831,-3.90746045257849,9.32713019574201e-05,0.000153298550446389
"Vamp8",6.1134975683887,-2.45044444579704,0.240346799220204,-10.1954527946593,2.07774057876719e-24,4.69210721227115e-24
"Mat2a",2.07384622114136,1.30181827687334,0.217914249373599,5.97399335112532,2.31515241120527e-09,4.23518331399738e-09
"Capg",1.8800144020262,0.894321080572525,0.206950515909757,4.32142474562615,1.55024925550014e-05,2.61210494309578e-05
"Elmod3",1.23594625079759,-0.0650603190683098,0.205342091604481,-0.316838688843326,0.751366005985998,0.763134653418992
"Tgoln1",1.32182017667103,0.376315744813347,0.210160673654509,1.79060971907611,0.0733559463009992,0.098570756945393
"Kcmf1",1.26684784634363,0.289396491636939,0.21174154514207,1.36674402485712,0.171705553317728,0.211829792717247
"Tmsb10",28.6232107138877,5.17854541713432,0.239746376089129,21.6000988278093,1.79231608859133e-103,1.18579087229997e-102
"Suclg1",1.52042820757765,0.20790011349234,0.198236273054754,1.04874910271803,0.294293608349019,0.335307789060761
"Ctnna2",20.8653803085639,-6.20067327820947,0.2800864154411,-22.1384292003031,1.34854998811533e-108,9.87297466754845e-108
"Gm20362",18.6827220554522,-6.03383650485543,0.280873923915771,-21.4823662543515,2.27611603211936e-102,1.472283232672e-101
"Mrpl19",89.1047292984003,-8.13113748932763,0.246805040465091,-32.9455892554096,4.89276948389899e-238,1.61647194341473e-236
"Fam176a",36.1332131341305,-7.00831478983707,0.287570765935967,-24.3707484209212,3.49420643293685e-131,3.76465584725085e-130
"Tacr1",15.500599911877,-5.74998802618166,0.295348131995645,-19.4685098813032,2.03093950062818e-84,9.09609969393317e-84
"Pole4",1.77699656452519,0.0475181852328078,0.188464568068753,0.252133256238769,0.800938065372303,0.811351969967673
"Hk2",93.1433519923096,-8.26479732178662,0.246486541777258,-33.5304202095352,1.73717674545532e-246,6.08594806125957e-245
"2310069B03Rik",61.6122160352689,-7.80359543136402,0.290474341667931,-26.8650077199764,5.6333997849338e-159,8.75188895159359e-158
"D6Mm5e",21.9623583612858,-6.27776362999185,0.291011726027407,-21.5722016280561,3.27719774073856e-103,2.15182040335287e-102
"Dok1",67.74531479737,-7.77891864023837,0.273378028079248,-28.4548055851196,4.24960664942405e-178,8.4992132988481e-177
"Htra2",1.32489720880775,0.165374468186998,0.202831830811114,0.815327986370159,0.41488459326645,0.444747423113434
"Aup1",1.6391391280252,0.0330152055286705,0.187271613963045,0.176295834857201,0.860061534089855,0.867037699488034
"Tlx2",30.3672333282702,-6.76157041194636,0.276559766099714,-24.448857862819,5.17513803912346e-132,5.61626207156434e-131
"Pcgf1",1.20402031110222,-0.0684017674498743,0.207663950505862,-0.3293868159748,0.741863331648774,NA
"Mrpl53",1.33463284524014,0.367974453859296,0.210391745240265,1.74899663215908,0.0802916015657832,0.107069142974425
"Mogs",1.22388192272159,0.155736378936518,0.211558025699531,0.736140254767291,0.461645347010818,0.48603196058224
"Wbp1",1.20470777446433,0.108306071041987,0.215508224898776,0.502561195021018,0.615272817729983,NA
"Ino80b",1.28337452977269,0.262319320565083,0.212365072275942,1.23522817454761,0.216745596324487,0.259521314600617
"1700003E16Rik",1.33888990268328,-0.787148165824998,0.190855592188278,-4.12431282101749,3.71843241226601e-05,6.19540925375952e-05
"Dctn1",1.32231995434527,0.338627842781954,0.209520043656842,1.6162073893826,0.106049481688403,0.137296203971593
"Mthfd2",1.26224785161967,0.225229661628402,0.213257825126723,1.0561378532983,0.290905238596751,0.331954387468584
"Mob1a",1.41010774553967,-0.871625385680905,0.20625637347505,-4.225931887561,2.37953965007402e-05,3.98413994975821e-05
"Bola3",1.45986141669842,0.550871543061492,0.207335775100497,2.65690541246188,0.00788615660906514,0.0117821930208989
"Tet3",3.39917964175531,-2.98724348435015,0.254405182271636,-11.7420701012316,7.75643262872191e-32,1.91073989249308e-31
"Dguok",5.28507845195905,-3.52793709190654,0.252053047724022,-13.9968039417216,1.63039548841996e-44,4.48401709670821e-44
"Stambp",7.65468435389574,-4.53193590265675,0.278977855527286,-16.2447872218786,2.4318370357647e-59,7.51580185120885e-59
"Vax2os2",50.119443698292,-7.50104609916716,0.2776661756044,-27.0146195619237,9.95255997218615e-161,1.59363076855251e-159
"Tex261",34.6969378235345,-6.56774839303909,0.265737476305944,-24.7151756099227,7.34629122965995e-135,8.32739201277415e-134
"Nagk",1.40342722225831,-0.181561647488262,0.19303847770494,-0.940546411507553,0.346937354924687,0.384544642256474
"Paip2b",115.451462812776,-8.64599935157373,0.247866560237181,-34.8816691662661,1.41007067373425e-266,5.257549226352e-265
"Zfml",1.31788755677494,0.0671458727336146,0.208484348690155,0.322066731413998,0.747402141037959,0.759478134362107
"Gm10445",24.1225750777805,-6.41838293976204,0.288378451304328,-22.2568049406322,9.69130767844685e-110,7.2166371014968e-109
"Cyp26b1",1.24231918176043,-0.195931913852118,0.200778750291162,-0.975859813690368,0.329133938944717,0.369399948675859
"Npm3-ps1",23.8290040635123,-6.08613701714336,0.294563760161882,-20.6615267736894,7.68942414272324e-95,4.27690932605384e-94
"Spr",1.3495615967257,0.466233044072065,0.208805913986496,2.23285363508535,0.0255585979654291,0.0364629347092661
"Sfxn5",13.6004838235314,-5.49465782384078,0.284989759543391,-19.2801939011573,7.87806479122163e-83,3.4169919576383e-82
"Smyd5",1.69548338623518,-1.46788697307143,0.217043431163493,-6.76310250534934,1.35067602115864e-11,2.56616153974453e-11
"1700040I03Rik",1.3683367845653,-0.609891572294594,0.197332099660339,-3.09068607360069,0.00199694638992156,0.00309778905063612
"Cct7",2.19320044566919,-0.318587018139097,0.189573383506388,-1.6805471962701,0.0928508996639935,0.122116829490059
"Fbxo41",8.89228183955497,-4.88341674699124,0.271895967372214,-17.9606074859729,3.96445152116331e-72,1.43313275211028e-71
"Tprkb",1.18489777906426,0.148383027232098,0.214503037193056,0.691752569911402,0.48909272710747,NA
"Dusp11",1.56972945406428,0.630761781401033,0.20643926082769,3.05543518646638,0.00224734170236081,0.00347846514049619
"Fam136a",1.20086234487011,0.118472643144034,0.215270906249218,0.550342102461715,0.582084751780688,NA
"Snrpg",3.58258049411635,1.9674783964918,0.200258000894324,9.82471805223919,8.81202671869075e-23,1.95448393760636e-22
"Pcyox1",1.22311660650113,0.234558207516223,0.212837935349521,1.10205075580645,0.270439606345496,0.313589896068377
"Tia1",1.23290655021862,0.20653572954069,0.213434930023368,0.96767539183056,0.333206511712053,0.371194373059014
"C87436",1.25259287895558,0.215978308120248,0.213234148702825,1.01286923053421,0.311122627175234,0.351037806053935
"Pcbp1",1.98777153143526,1.08707735108225,0.202471518818785,5.36903835869971,7.91575835624937e-08,1.41072921200484e-07
"1600020E01Rik",1.20109932067532,0.156998540286681,0.212897384657863,0.737437618310743,0.460856265923779,NA
"Mxd1",1.26408555747679,0.333632246969143,0.210910082367691,1.58186959686216,0.113679342849592,0.146955465496501
"Snrnp27",1.48703362944284,0.595012023996155,0.206732266374603,2.87817685371853,0.00399980834490698,0.0061014025600276
"Gmcl1",1.20849657906486,0.187367352971821,0.21371487302198,0.876716488293028,0.380640648741392,0.414225210457603
"Anxa4",1.26635790161138,0.342116317271932,0.210827146276182,1.62273371012556,0.104646341885553,0.135948916404084
"Aak1",1.23286132354458,0.177764334018234,0.21400737238793,0.830645841938576,0.406173729629018,0.436795720715753
"Nfu1",1.33409160716573,0.367861459460073,0.210372104562901,1.74862280445591,0.0803562417295979,0.107070031986257
"Gfpt1",1.2353980608372,0.234600915159055,0.212815806847705,1.10236602550364,0.270302575584409,0.313589896068377
"D6Ertd527e",3.6479555524724,-3.35395149358757,0.249441776932279,-13.4458290621388,3.25734398292378e-41,8.7375825235674e-41
"Antxr1",1.31114277026166,-0.608121596418744,0.198605131446967,-3.06196316272487,0.0021989051170511,0.0034065246211624
"Arhgap25",1.44728546278942,-0.276715021848702,0.195817613914478,-1.41312630828785,0.157618589077069,0.19692892172865
"Rab43",1.22396050217985,0.166585619539738,0.212847583263629,0.782652154116348,0.433831405985838,0.461409930571735
"Isy1",1.39928483587669,-0.318408500969968,0.195595351269236,-1.62789401130337,0.103547361484888,0.134994312425353
"Cnbp",2.73021634774642,1.55762260310849,0.199797827357455,7.79599369877918,6.39035760197793e-15,1.27929690056854e-14
"Copg",1.28719038219617,0.333613022648629,0.210932198687358,1.58161259743519,0.113738036412353,0.147013136083318
"8430410A17Rik",1.18929986155949,0.128517477888144,0.214982444999836,0.597804522542488,0.549970372664512,NA
"Rpn1",1.4345373025828,0.535758775292302,0.207921967556549,2.57673001842189,0.00997398198602104,0.0147574223262556
"Gata2",1.33942032848712,0.0591398872864147,0.198224603946282,0.29834786453876,0.765437676074313,0.77697319768749
"Eefsec",4.57969159361283,-3.5941263191747,0.257964867492906,-13.9326194070731,4.01361112728261e-44,1.10037027754282e-43
"Ruvbl1",1.58407883696957,-0.781004142044197,0.196291789417258,-3.97879169761917,6.92663927192458e-05,0.000114294474472724
"Sec61a1",1.29388174484345,0.350755637666294,0.210653056476629,1.66508686621031,0.0958954266232392,0.125756595144657
"Kbtbd12",2.18216611658443,-2.27436363963374,0.232672435316423,-9.77495953287602,1.44214949843401e-22,3.19186787442252e-22
"Mgll",1.29797556958001,0.401386636273577,0.209786756602523,1.9133077929894,0.0557086606709979,0.0764355917210169
"Abtb1",1.26373122143225,0.280486733377259,0.211955193727807,1.32333031545083,0.185725554417899,0.227031556315038
"Mcm2",2.13750041531116,-1.95941932402397,0.231149474631697,-8.47684956734606,2.31373802348852e-17,4.79750247571403e-17
"Tpra1",2.63570101006812,-2.5248871539091,0.233676366321806,-10.8050599795444,3.25744055092871e-27,7.63359805874202e-27
"Gm839",3.11531317340951,-3.048848144279,0.252364788429197,-12.0811154490135,1.32904416774777e-33,3.32818928071162e-33
"Plxna1",8.30016196598373,-4.69431962240992,0.264185423301762,-17.7690334453007,1.22788187925785e-70,4.33956899778334e-70
"Chchd6",4.26923304249019,-3.58277561452776,0.257449746349573,-13.9164076303379,5.03586355394554e-44,1.37882023349571e-43
"Txnrd3",2.17083185290724,-2.24494435287323,0.232122011321381,-9.67139798631604,3.98891382640329e-22,8.7672127047685e-22
"Vmn1r40",23.2794988979613,-6.36507751232707,0.282045913849202,-22.5675225195079,9.03695287011132e-113,7.21298073118977e-112
"Vmn1r42",9.87975136353695,-5.05055806017422,0.262657791123415,-19.2286626586345,2.13051534314814e-82,9.1533251779698e-82
"Vmn1r43",2.45941998211466,-2.54861936300606,0.239947158821445,-10.6215859171835,2.36508399252522e-26,5.4869948626585e-26
"Vmn1r44",19.0221282362535,-6.06111936025657,0.282171726346707,-21.4802504798415,2.38218509059426e-102,1.53993884494143e-101
"Vmn1r48",2.05579517379233,-2.1298523611695,0.231716407698168,-9.19163378341267,3.86919353978341e-20,8.30135235415923e-20
"Vmn1r52",5.97815745417122,-4.23281841425065,0.274531396858871,-15.4183399883643,1.23231396817206e-53,3.63736438442645e-53
"BC048671",137.732624094903,-8.97561139233297,0.205552263844256,-43.6658357561737,0,0
"Chst13",33.5972703567506,-6.91145626693882,0.288548925008303,-23.9524589001325,8.71081459605152e-127,8.69415911881242e-126
"Zxdc",1.1926113291886,0.0271245745106639,0.211681015382131,0.12813890967831,0.898039044373727,NA
"Iqsec1",1.27833446313509,0.315975481650843,0.211339401638032,1.49510919024946,0.134885947778806,0.170882100887308
"Nup210",1.28364442980307,0.262330417987355,0.212498845498613,1.23450279163548,0.217015607121811,0.259521314600617
"Wnt7a",19.0212752016353,-6.06115994746992,0.299189208556922,-20.2586182058661,2.98214875540918e-91,1.54432703405118e-90
"Chchd4",2.72577409383373,-2.58692003526221,0.239335783983676,-10.8087474100348,3.12913456906396e-27,7.33456778199995e-27
"Tmem43",3.65219292048245,-3.09641405110842,0.231593593511275,-13.3700332732117,9.05003581193175e-41,2.41890358106932e-40
"Xpc",2.11675911699509,-1.92696133122304,0.226165179534329,-8.52015033963507,1.5934634059166e-17,3.30928147160719e-17
"Lsm3",38.2229460417385,-6.58380268116903,0.241843441018111,-27.2234080587532,3.4321388784886e-163,5.6785308861206e-162
"Slc6a6",1.54707110828199,0.784419342335083,0.205330088271034,3.82028444511091,0.000133297857460685,0.000217748338583877
"C130022K22Rik",1.25562082488743,0.234705769839938,0.212945026207751,1.10218949002809,0.270379300183161,0.313589896068377
"Nr2c2",1.22064573398638,0.187388566071823,0.213802067255267,0.876458158134144,0.380781013496983,0.414225210457603
"Mrps25",1.30330091662136,0.307288422404019,0.211519996665067,1.45276298812824,0.146289571557668,0.183714983016129
"Zfyve20",1.19309687636251,0.118459516468094,0.215257646414372,0.550315022213237,0.582103322433109,NA
"Lrig1",1.18001711285401,-0.167257048700749,0.207143651800611,-0.807444723730875,0.419410308886804,NA
"Suclg2",1.24434607973026,0.225382448112468,0.212997050325588,1.05814821270035,0.289987876960756,0.331827717078859
"Tmf1",1.36229185166884,0.342273398810031,0.211051842934469,1.62175034366465,0.104856814588046,0.136005111728066
"Uba3",1.22851649394828,0.185740214181815,0.212391247201234,0.874519155706225,0.381835592929183,0.414641290070195
"Arl6ip5",1.89849910402038,1.0871558186921,0.202281339398396,5.37447409595669,7.68065238275415e-08,1.36953050172422e-07
"Frmd4b",1.22808053286671,0.271425768478764,0.211970669879253,1.28048738362425,0.200373779056016,0.242915550177492
"Foxp1",2.00119519411376,1.01362710112973,0.204738387415443,4.95084050394977,7.38936463102524e-07,1.28918727854117e-06
"Eif4e3",1.21632571008945,0.177743740267111,0.214058014722864,0.830353119443961,0.406339163078398,0.436795720715753
"Rybp",1.18537250233249,0.0878911383276799,0.21592465102037,0.407045411037337,0.683974635782569,NA
"Ppp4r2",1.27539283287828,0.243945223525878,0.212867971788551,1.14599308424001,0.251798013592698,0.294884914585097
"Trnt1",1.23980836771278,0.166622579141328,0.212802101593553,0.782993109060425,0.433631158636527,0.461383370238218
"Crbn",1.25605250212629,0.26235775820434,0.212273393131294,1.23594273561203,0.216479850206746,0.259521314600617
"Sumf1",1.18482963471072,0.0872869538989223,0.21298071408848,0.409835013806274,0.68192697945844,NA
"Itpr1",1.2012033229892,0.148432194403699,0.214592414618173,0.691693574853548,0.489129782797539,NA
"0610040F04Rik",928.787175346039,-11.736872253031,0.210734287275069,-55.6951239629602,0,0
"Bhlhe40",1.32090425257416,0.417831166026638,0.209623377842295,1.99324698574881,0.0462344083964627,0.0641104029298806
"Arl8b",1.50351772788047,-0.364145728006,0.196088761536808,-1.85704537655334,0.0633046985501132,0.0860548245915601
"Edem1",1.28684788112699,0.316071615259114,0.211294703403257,1.49588044644872,0.13468481265996,0.170882100887308
"Grm7",1.42328914298184,-1.03353546773322,0.197569347398698,-5.23125414615824,1.68363846579463e-07,2.97414307663215e-07
"5031434C07Rik",12.6818521103958,-5.44138784111878,0.292348583087617,-18.6126704759434,2.53654037185459e-77,9.98171182893401e-77
"D630042P16Rik",16.6915634105913,-5.8630356924748,0.289533197566655,-20.2499600797074,3.55527957305352e-91,1.83748112587518e-90
"Cav3",3.78737799760845,-3.41114088551834,0.258125453315811,-13.2150504403953,7.18381466476773e-40,1.91031648242932e-39
"Oxtr",23.7075272504703,-6.39240671680221,0.259810845907456,-24.6040795351522,1.14236848435428e-133,1.27282038171384e-132
"Thumpd3",1.23650204298135,0.158244923123864,0.214503430438003,0.737726771085839,0.460680500536176,0.485759357622077
"Gt(ROSA)26Sor",1.2207486610722,0.168036181977008,0.214199096251864,0.784485952169588,0.432755021617304,0.461156984598221
"Setd5",1.30679500214284,0.324817880385293,0.211160692250698,1.5382497420479,0.123987562953447,0.158746132980675
"Mtmr14",1.21230082647449,0.196951514051948,0.213526467041612,0.922375182714782,0.356332910115189,0.392000127749348
"Brpf1",1.21212645674867,0.167994704909314,0.214180179553667,0.78436158406161,0.432827973063832,0.461156984598221
"Ogg1",1.17352145152647,0.118474178563732,0.215157950116106,0.55063816372948,0.581881741754058,NA
"Camk1",1.28578352878972,0.401335711448862,0.209617083154922,1.91461356778944,0.0555418035382725,0.0763069389313811
"Tada3",1.22837913232096,0.234688390108839,0.212820527120473,1.10275260231823,0.270134616446897,0.313589896068377
"Arpc4",2.24934035398304,1.38342020151409,0.200677918963084,6.89373404240144,5.43465884332148e-12,1.04048850768891e-11
"Rpusd3",3.08063235504754,-2.9566563317532,0.246220848679525,-12.0081477568194,3.21975842422458e-33,8.03784742919765e-33
"Cidec",2.20094782213326,-1.98717401944681,0.234138385492251,-8.48717742402208,2.1171640500739e-17,4.39165362264485e-17
"Jagn1",54.594005392262,-7.39640335638359,0.277047665750391,-26.6972231523779,5.06953207287837e-157,7.69272018035613e-156
"Il17re",48.2767676867316,-7.44603878733393,0.274803936877324,-27.0958228326181,1.10281290721253e-161,1.78225491506174e-160
"Il17rc",50.5813475584879,-7.41084537428309,0.260451588040118,-28.4538306333597,4.36929728892816e-178,8.7218859840172e-177
"Creld1",17.6670267614848,-5.86351390789357,0.282352614494862,-20.7666357840659,8.67238204092433e-96,4.91529144990499e-95
"Prrt3",26.5789406945896,-6.5632661323004,0.287232816118646,-22.8499870627225,1.46182145605148e-115,1.21411424034825e-114
"Tmem111",46.5766003222898,-7.05586542668174,0.265329794656399,-26.5928122991956,8.22024564144774e-156,1.22774484258533e-154
"Fancd2",51.5224475107859,-7.54160419954356,0.246847426692084,-30.5516824728779,5.37099672376856e-205,1.37098302680058e-203
"6720456B07Rik",44.7012860104778,-6.03045943068405,0.248308053317635,-24.2862015553313,2.74253063840434e-130,2.90975811635583e-129
"Vhl",65.5854273275827,-7.79130231457353,0.270709872196473,-28.7810054777716,3.70853965947721e-182,7.66676317721624e-181
"Irak2",1.20495770893855,0.148402678730084,0.214605947450626,0.691512423085233,0.4892435764192,0.512050895553324
"Tatdn2",44.5221741424557,-7.16316159196554,0.280758380227843,-25.5136163207397,1.39211671906627e-143,1.78766279791535e-142
"Ghrl",40.7007452704031,-7.19480787742083,0.272446368202771,-26.4081621820924,1.10418886896147e-153,1.60107385999413e-152
"Sec13",32.4945311213645,-6.47036816659662,0.270764739098453,-23.8966424806294,3.31908092041005e-126,3.29384076131948e-125
"Atp2b2",34.1155935689064,-6.93410632706289,0.277534993934246,-24.9846198807842,8.98431385112835e-138,1.06707891474152e-136
"Slc6a11",32.7681032313782,-6.87439470588834,0.284257635921116,-24.1836764863409,3.30422176586966e-129,3.43586406729873e-128
"Slc6a1",10.0427680324714,-5.07669901306981,0.268299081533266,-18.9217905035592,7.54473652686697e-80,3.10350864225734e-79
"Hrh1",111.740398686824,-8.66101547163738,0.243285536088392,-35.6002071100955,1.39064452693913e-277,5.49936699289566e-276
"Atg7",23.1288175213963,-6.15094428219881,0.268053972813109,-22.9466633814353,1.59095823967634e-116,1.34818214466079e-115
"Vgll4",12.2883096095836,-5.15134449020951,0.281499603160852,-18.2996509848221,8.32806680790862e-75,3.15018179255674e-74
"1500001M20Rik",12.6123847092648,-5.37628841183368,0.288977955109405,-18.6044932382412,2.9547227515549e-77,1.16229485780833e-76
"Syn2",24.5342637271703,-6.40080538722269,0.278748525077395,-22.9626520371561,1.10145107416136e-116,9.34890180019886e-116
"Pparg",10.5312668459671,-4.97274928740111,0.277499167178716,-17.9198710322563,8.25192100155364e-72,2.96966753727059e-71
"Tsen2",30.2169280143127,-6.74327126872403,0.300973616441928,-22.4048584339123,3.52913614523428e-111,2.70316811124328e-110
"2510049J12Rik",4.07370577823464,-3.55950418203623,0.256630679508074,-13.8701428405182,9.60852623493269e-44,2.62668274136416e-43
"Mkrn2",13.4656677608472,-5.50014728248569,0.277800977803461,-19.7988766129432,3.04406559929859e-87,1.44915845219687e-86
"Raf1",4.51273224726485,-3.27881055915693,0.260263851667386,-12.5980251892499,2.16497344462304e-36,5.56022700168869e-36
"Tmem40",30.8411640237862,-6.78445755999955,0.305233222604834,-22.2271268576257,1.87774609699631e-109,1.39428657557905e-108
"Cand2",12.1670770378065,-5.34267369659967,0.288057689294708,-18.5472351377979,8.58561649834571e-77,3.35707251845428e-76
"Rpl32",35.5926009607146,-1.02846327535803,0.263489666653783,-3.90323950240294,9.49136969626111e-05,0.000155899779151929
"Snora7a",27.3647064570344,-6.60668126807029,0.299130894463096,-22.0862551824628,4.28478173180028e-108,3.10000840471205e-107
"BC060267",30.9027363968106,-6.78747537238028,0.30366461296231,-22.3518812619194,1.15762299013304e-110,8.77038027357691e-110
"Mbd4",13.616860685151,-5.52706660481287,0.294198657126979,-18.7868519142401,9.67512161590574e-79,3.89241886975167e-78
"Ift122",37.5458049383165,-7.04376136592926,0.280973224359881,-25.0691551907713,1.07945617567069e-138,1.28941904736865e-137
"Rho",7.16184207605776,-4.5332706940188,0.280255335915239,-16.1755018123539,7.50834997959417e-59,2.30958084227941e-58
"H1foo",2.93155776848263,-2.92430955372223,0.244033955758061,-11.9832076017382,4.35154758786683e-33,1.084510785804e-32
"Plxnd1",14.4247702980981,-5.49152997646889,0.290046710072445,-18.9332606982415,6.06870415467159e-80,2.50127403769331e-79
"Tmcc1",38.9619430101549,-6.52020109442577,0.264098828228404,-24.6884892983577,1.42174945010115e-134,1.60292270616156e-133
"D6Wsu116e",12.0238365193143,-5.10277409055108,0.287237573198234,-17.7649951353316,1.31951628840337e-70,4.66026727027441e-70
"Anubl1",49.7401650201363,-7.46847343345137,0.26586673288303,-28.0910415246919,1.26037434981763e-173,2.40554080659891e-172
"March8",52.125894670467,-7.42487676483564,0.2588348801835,-28.6857658425781,5.74262757717899e-181,1.17785917300096e-179
"Alox5",10.9048558765606,-5.00751560437459,0.283542518162771,-17.6605457157574,8.44195287657207e-70,2.94762501777299e-69
"Olfr211",20.5072597011126,-6.17454239384007,0.295377763585794,-20.9038836196843,4.93610711590156e-97,2.86772166332845e-96
"Zfp422",2.83148278400564,-2.66194564009163,0.233068120385473,-11.4213202375727,3.27224835623173e-30,7.92444278335868e-30
"Rassf4",1.37480353016113,0.512764275278519,0.208373686380259,2.46079187917605,0.0138630757550958,0.0202817419959641
"8430408G22Rik",1.73930372584528,-1.44404419078072,0.210924930448564,-6.84624708757634,7.58124914693596e-12,1.44907069011372e-11
"Cxcl12",1.3270741819831,0.474277335231795,0.209372116316046,2.26523638188705,0.0234981776528994,0.0336148225125061
"Zfp637",1.25203117900819,0.250685157257472,0.211076122016063,1.18765284705389,0.234970208094578,0.277750110111798
"Zfp239",15.8031221054204,-5.74631554764273,0.288966494705122,-19.8857502614848,5.40675270895244e-88,2.61447421405574e-87
"Hnrnpf",4.67357180731085,-0.244693746452214,0.197636773743649,-1.23809826388687,0.215679627555314,0.259521314600617
"Rasgef1a",1.64950937308893,-1.00884570595399,0.215663494398273,-4.67786960778314,2.8987076903561e-06,4.98887376975235e-06
"Csgalnact2",24.5094643562711,-6.27711820337,0.287215365919399,-21.855091851637,6.95312982978844e-106,4.81370526677662e-105
"Bms1",8.38317650060851,-4.58808496995471,0.279452439746882,-16.4181245800195,1.41884754683372e-60,4.44427494417763e-60
"Dcp1b",1.18146159701783,0.138513507843197,0.21475989951892,0.644969140670484,0.518947183968552,NA
"Adipor2",1.39477886385771,0.361594676564675,0.202992954362099,1.78131638953174,0.0748607785068171,0.100198272770663
"Wnt5b",61.2298671301158,-7.75227630510529,0.263966876193402,-29.3683677925763,1.39264327243773e-189,3.11331815080297e-188
"Fbxl14",1.24385025316984,0.24392541780544,0.212629899571537,1.14718305514401,0.251305973254899,0.294845275205982
"Rad52",1.18490419854076,-0.0427242404108025,0.210517263785986,-0.202948868147158,0.839174997727865,NA
"Wnk1",6.1843919647962,-3.70715156493853,0.255113333210039,-14.5313908853457,7.66481568724322e-48,2.16038541508691e-47
"B4galnt3",14.6470737356615,-5.66336784576763,0.297982688076153,-19.0056941976451,1.53008298286432e-80,6.38451892130437e-80
"Kdm5a",1.76150592625391,-0.999856768564317,0.209070311853662,-4.78239478240298,1.73219060688229e-06,2.99653188663648e-06
"Il17ra",36.9024445426365,-6.36532110678201,0.256208513426679,-24.8442997527622,2.98000281367306e-136,3.45296663426712e-135
"Cecr5",1.18132681663142,0.0876037177215545,0.214463187646562,0.408479043340185,0.682922013087509,NA
"Atp6v1e1",1.74074405988469,0.18490760157738,0.191992530674743,0.963097892024948,0.335498399544326,0.372419276049204
"Bcl2l13",1.24961214652009,-0.14500562261705,0.203469070975812,-0.712666657008957,0.476052053734643,0.500300326252232
"Bid",1.2598416417233,-0.0499251789600303,0.208786582113052,-0.239120629567072,0.811012045640731,0.820919697158157
"Usp18",1.1894301263741,0.158281983478546,0.214308058715529,0.73857224234693,0.460166784597604,NA
"Iqsec3",39.593344587766,-7.15415982528811,0.262512688817942,-27.2526248445449,1.54698299511326e-163,2.56357182047341e-162
"Mug2",73.3410775824411,-8.05836421815325,0.184596639316716,-43.6539053364204,0,0
"Gm10319",3.06769566537778,-3.01615774987952,0.214417224579196,-14.0667698492921,6.0782945845228e-45,1.67699248050788e-44
"Klrg1",2.72568375307322,-2.53084188986076,0.239688034480226,-10.5588995935863,4.62046362458257e-26,1.06744058952516e-25
"M6pr",11.070343095111,-4.35259906828644,0.249861073215149,-17.4200767341559,5.8099168674661e-68,1.97510687386343e-67
"Phc1",179.149215036149,-9.3356574910912,0.221981906819587,-42.0559388143226,0,0
"Rimklb",10.6940329964448,-5.17556284617955,0.278971949828584,-18.5522696792982,7.8180014446516e-77,3.06036501995361e-76
"Mfap5",1.27185639490413,0.367967795083433,0.211188521324559,1.74236645427302,0.0814443418994261,0.108233061281824
"Apobec1",1.54193988271115,-0.538423299966404,0.19564967307158,-2.75197648691913,0.0059236773930172,0.00892913542926647
"Gdf3",29.1451628718337,-6.6897836075655,0.300046064082531,-22.2958552315001,4.05352226655833e-110,3.04451600452295e-109
"Nanog",8.3751234247321,-4.78715552962065,0.273673266194843,-17.4922293148371,1.64206254435948e-68,5.62069933216818e-68
"Slc2a3",95.2929289152544,-8.27669285120527,0.250154661487691,-33.0863026976314,4.67807674115403e-240,1.56535644800154e-238
"Foxj2",11.5953471239012,-5.15083571313499,0.277765935114393,-18.5437991559826,9.15220261637898e-77,3.57459765488203e-76
"C3ar1",16.6864653683783,-5.84111690691268,0.278287591990092,-20.9894981847436,8.18048472395287e-98,4.85527348027674e-97
"Necap1",1.21659984144349,0.215963623454722,0.21311892923725,1.01334791905934,0.310894006479303,0.351037806053935
"Clec4a1",1.37195369029771,0.529989924435298,0.207287200776751,2.55679039732944,0.0105642851713474,0.0156109182149847
"Clec4a3",26.4884360117602,-5.65346303054298,0.262015882664851,-21.576795166171,2.96736222724693e-103,1.95206437633635e-102
"Clec4a4",11.9651917526636,-5.34957753103015,0.282502661676959,-18.9363792159501,5.71979368699998e-80,2.36119597043415e-79
"Clec4b1",1.21163037504185,0.215877581229231,0.213253944510727,1.01230287544984,0.311393260437709,0.351037806053935
"Clec4a2",1.32943233543491,0.417875104578101,0.210052709861374,1.98938211677384,0.0466590420187589,0.0646648611012669
"Clec4b2",2.48352013182232,-2.57138914032201,0.236035917899399,-10.8940586805859,1.2303219335705e-27,2.89748725163005e-27
"Clec4n",1.44252029313478,-0.267669411885598,0.198050332143774,-1.35152215595016,0.176528227509668,0.216869227488931
"Clec4d",1.30068213859706,0.397415740406962,0.209202027452919,1.89967442115923,0.0574758590910174,0.0786741797443583
"Clec4e",1.28777314738437,0.401540846005372,0.209905419578179,1.91296083165598,0.0557530669356323,0.0764764181852583
"Vmn2r20",235.515643209745,-9.75333576076071,0.244103273696344,-39.9557761478181,0,0
"Vmn2r23",4.47960800643703,-3.73225683174184,0.253222693910055,-14.7390298006526,3.61947139698834e-49,1.03215737188086e-48
"Vmn2r25",275.641347906193,-9.98112838486718,0.201935590137538,-49.4272870773747,0,0
"Cd163",75.6254623588213,-8.04128717901599,0.250528836316685,-32.0972519460845,4.81583618188896e-226,1.48310707194456e-224
"Pex5",1.18919594480807,0.127670670168134,0.213513986637208,0.597949915033276,0.549873352680213,NA
"C1rl",52.6474669055229,-7.54133118676928,0.240792854713228,-31.3187498680167,2.59276043757177e-215,7.23754517867627e-214
"Lpcat3",31.052288804928,-6.5182800903874,0.283369800154899,-23.0027338369308,4.37667107712195e-117,3.74221507331312e-116
"Emg1",1.91275282187613,0.946990979249363,0.203210273871764,4.66015305824037,3.15974334322631e-06,5.43276029368951e-06
"Phb2",1.73087620507606,0.778453480874012,0.2044512991324,3.80752523548357,0.000140364419433421,0.000229148481451902
"Ptpn6",2.24055399890006,1.21946436907481,0.2050248435554,5.94788586557462,2.71627879914456e-09,4.96288951051264e-09
"Grcc10",2.77885858043965,1.54268511309104,0.199612966124296,7.72838129227754,1.08922686410094e-14,2.17221174044199e-14
"Eno2",1.63323356209255,-1.47069313100701,0.217122888075969,-6.77355180764005,1.25658548343304e-11,2.39000773311002e-11
"Spsb2",2.08029035006316,-1.92146374512127,0.221129207516376,-8.68932587740123,3.64596432851756e-18,7.61125126769112e-18
"Tpi1",15.5383742617306,-5.18505795616363,0.283743193469521,-18.2737703511488,1.33873461402184e-74,5.04380706257237e-74
"Usp5",13.0902512082909,-5.22210883734032,0.273109379489304,-19.120942851195,1.69024333771397e-81,7.16449063976203e-81
"Cdca3",14.7080088311891,-5.55502616455518,0.288208880898558,-19.2743060076292,8.82764693819544e-83,3.82409269853778e-82
"Gpr162",36.3284408371093,-7.02706263500187,0.294233127731747,-23.8826358172981,4.64079791661173e-126,4.60113297715351e-125
"Cd4",11.5360776150916,-5.19062886655968,0.283781213764116,-18.2909530821664,9.76920144804914e-75,3.68995886822117e-74
"Lag3",25.9368372021733,-6.40207351534332,0.271995881002603,-23.5373914183724,1.69012986493378e-122,1.58250724573172e-121
"Ptms",7.86026424652199,-3.21588687116486,0.253487374311666,-12.6865761259213,7.01875804938242e-37,1.81375826820674e-36
"Mlf2",15.6157837317299,-5.11110012756365,0.254360550213323,-20.0939183504563,8.3412321543979e-90,4.1927040776078e-89
"Cops7a",1.33239573858136,0.22007158002444,0.204197109549897,1.07774091665418,0.281149393147698,0.324510742339631
"Ing4",1.34228991598168,0.397186099803767,0.20843203795794,1.90559044422871,0.0567033628795734,0.0776473122327842
"Chd4",1.59028590222611,0.559755661979709,0.206245474826003,2.71402639234603,0.0066470870304131,0.00999216538481105
"Nop2",1.19661819443668,0.148378688320464,0.214600762242397,0.691417340600433,0.489303309834357,NA
"Iffo1",1.3419523792349,-0.5700811312504,0.202948733458042,-2.80899083003275,0.00496970621127262,0.00754014428799392
"Gapdh",5.05254537363006,-0.85528297034815,0.221560175718399,-3.86027393043418,0.000113259984120603,0.000185421708361156
"Ncapd2",1.21477929518789,0.0378519044855203,0.208946294470244,0.181156141493147,0.856245018966641,0.863440355260478
"Mrpl51",1.46235926707006,0.216882701546889,0.197922651498083,1.09579525084823,0.273168387297282,0.315927546624973
"Tapbpl",4.37509645959137,-3.39880544662215,0.264003683496475,-12.8740834279592,6.29823105025226e-38,1.64301679571798e-37
"Cd27",1.77466628200678,-0.868072485954264,0.209179620694328,-4.1498903338331,3.32634602994196e-05,5.54833880054226e-05
"Ltbr",10.2182104012248,-4.9034501565927,0.275235014370609,-17.8155027542757,5.35743759209783e-71,1.90567797143105e-70
"Scnn1a",1.22070038232612,0.253210276484685,0.212558798983516,1.19124815201991,0.233556181403605,0.276695742225986
"Tnfrsf1a",3.40945258718397,-2.08752161922252,0.238146797156936,-8.7656926070136,1.85631876157911e-18,3.89077853260107e-18
"Cd9",15.5043639499814,-3.28052573334555,0.271331482631561,-12.0904721469427,1.186031614125e-33,2.97148309370411e-33
"Vwf",1.36128893643736,0.550753438598977,0.212409786078552,2.59288165939446,0.00951755136018369,0.0141060812322995
"Ano2",33.2459260155884,-6.88501724015132,0.272491145641671,-25.2669393126087,7.37826537483308e-141,9.14834804195456e-140
"Gm10415",2.0636400195483,-2.14030578634395,0.232873757221923,-9.1908414751272,3.89780145394017e-20,8.36101236472886e-20
"Kcna5",5.26726442143986,-4.01621215553662,0.273875420295817,-14.6643760553563,1.09014646352835e-48,3.09269811935761e-48
"Ndufa9",12.1915329837076,-4.94965946224637,0.279278286515739,-17.7230372042096,2.78463628587577e-70,9.7884184594421e-70
"Akap3",29.4405820442212,-6.71551189489339,0.288925123531409,-23.2430873882221,1.67101084106717e-119,1.48851136354448e-118
"D6Wsu163e",12.5029039774435,-5.33259057684445,0.288409937114624,-18.4896215095567,2.50305083787483e-76,9.73615899680076e-76
"Fgf6",13.1998799661865,-5.50326641231659,0.287957890518801,-19.1113582697859,2.03112837005591e-81,8.58848934118416e-81
"9630033F20Rik",1.18130188619234,0.097697672579308,0.214184172870722,0.456138617853321,0.648290301716676,NA
"Ccnd2",1.84682657252618,0.51099347926333,0.193142076731908,2.64568698809539,0.00815252152467642,0.0121571667929755
"Parp11",2.22395088497391,-2.2284037593126,0.229690300142187,-9.70177564282487,2.96296556172694e-22,6.52602541443655e-22
"Efcab4b",4.27442860918403,-3.64557854286562,0.268651108360504,-13.5699367298854,6.03741284805597e-42,1.62408116809339e-41
"Prmt8",19.5967407910847,-6.10622732733078,0.280641575916282,-21.7580994811415,5.78986830460427e-105,3.9327407352029e-104
"Tspan9",1.28214991904856,0.0490963922369259,0.202476632128532,0.242479301047242,0.808408793736485,0.818522723946164
"5930416I19Rik",1.20469261517253,0.148389569415888,0.214590373448517,0.691501519994736,0.489250425839236,NA
"Foxm1",3.0741390696861,-2.99371729572169,0.242067192406395,-12.3672987898983,3.92810420404376e-35,9.96099292937015e-35
"Itfg2",1.53825812669496,-1.10213826605761,0.207073860671292,-5.32244032387623,1.02384376928265e-07,1.81939216192525e-07
"Fkbp4",1.82605615999411,-0.322771710520214,0.193286767762368,-1.66991105628627,0.094936962510375,0.124766098767411
"Klrb1a",1.75030554590054,-1.32457399410462,0.21863618645577,-6.05834750219896,1.37527041608316e-09,2.52778576477256e-09
"Clec2h",7.78450794931958,-4.66904338900234,0.278645851370735,-16.7561920123125,5.10278159626875e-63,1.64321529503534e-62
"4930431A04Rik",2.31761440751528,-2.41388088032712,0.227916873966128,-10.5910582148729,3.27864228916228e-26,7.59463623227297e-26
"Klrb1c",1.5901280812528,0.672908050675832,0.219069640512859,3.07166273291224,0.00212870095336986,0.00329874394436416
"BC035044",39.1096877476921,-6.9797525780376,0.271413307409429,-25.7163240986875,7.67783225578638e-146,1.0108016235865e-144
"Clec2i",41.4959777870354,-7.1156193924676,0.272087071447443,-26.1519937519048,9.35383875244517e-151,1.30379274466659e-149
"Clec2g",25.9219970516409,-6.51508320786119,0.274414145042406,-23.7417907406136,1.33568370102703e-124,1.29116091099279e-123
"Gm15987",35.3538510381101,-6.8812401242407,0.258277159110749,-26.6428519964091,2.16577262533827e-156,3.25802106751174e-155
"BC064078",13.6844553423874,-5.49226450322655,0.284374305640535,-19.313504751618,4.13534493386102e-83,1.80263052649307e-82
"Klrb1f",1.61071541238007,-1.1890835921762,0.200614890045143,-5.92719509458457,3.08152794025050e-09,5.62137894394813e-09
"Clec2d",1.47925166601389,0.520681910141868,0.208158321362681,2.50137446696002,0.0123712292165433,0.0181781327263494
"2310001H17Rik",1.50334104851389,-0.322403759658834,0.199434554318376,-1.61658926538954,0.105966970586936,0.137206396245518
"Cd69",2.27474064489646,-2.13032840511993,0.231454558772939,-9.20408920184551,3.44580996292309e-20,7.40058753608662e-20
"Clec12a",36.4726725950203,-6.67904265516594,0.270445181962338,-24.6964749259096,1.16693517574507e-134,1.31705980916525e-133
"Clec9a",16.7769515896001,-5.82713342304304,0.295309928597713,-19.7322638311327,1.13951373468757e-86,5.35879431988208e-86
"Clec1a",13.0412829738072,-5.05779745572517,0.291958656983456,-17.3236769479035,3.11783672053942e-67,1.04932996010418e-66
"Clec7a",31.842441633244,-6.0073252031027,0.258981474739292,-23.1959649204642,5.00087093344429e-119,4.41327916696182e-118
"Olr1",3.48975770996128,-3.08912446477767,0.255860843328544,-12.0734553384201,1.45877814683855e-33,3.65219277050227e-33
"D630042F21Rik",7.36126870289847,-4.5779464179628,0.265180964989458,-17.2634804996082,8.86055479580534e-67,2.96582853697364e-66
"Gabarapl1",1.26727126403869,0.342224311944513,0.210768015514867,1.62370135292361,0.104439562150944,0.135948916404084
"Klre1",1.69193364192913,0.0959768253662291,0.208382167406456,0.460580799982866,0.645099389258828,0.660926165246532
"Klrd1",1.89454979753974,1.02928955834759,0.222820355552674,4.61936951763039,3.84907842931981e-06,6.60492748226477e-06
"Klrk1",1.60332872862984,0.568571939535012,0.217927722134824,2.6089931742748,0.00908090536811674,0.0134780568727806
"Klrc3",1.93787044376867,-1.95920634539881,0.221460569685454,-8.84675022818514,9.0104754698376e-19,1.89503150493764e-18
"Klrc1",3.25517033687551,-3.1081104892694,0.257726785149275,-12.0597107804266,1.723872089572e-33,4.31277848433542e-33
"Klri1",39.8594185542619,-7.16404597807666,0.259072476378708,-27.6526710911752,2.59184298519238e-168,4.58624419752685e-167
"Klri2",1.3202047153604,-0.135263539999922,0.204315853114137,-0.662031545463875,0.507951005050613,0.530088813747341
"Klra17",33.8542361278169,-6.8194081005014,0.298293230806985,-22.8614242504014,1.12499627552574e-115,9.39596889319101e-115
"Klra5",41.4269559672768,-7.15697829934175,0.294533683779444,-24.2993541774363,1.99137978166534e-130,2.11495472233837e-129
"Klra19",2.13997145771328,-2.22753928735177,0.225583868119716,-9.8745504539785,5.36730812846621e-23,1.19400589944997e-22
"Klra18",1.28319674899471,0.271465913173761,0.213432218878337,1.27190690609137,0.203406197805184,0.245441597906394
"Klra8",1.38261980419095,-0.439199033107631,0.20452751119709,-2.14738364798466,0.0317627513734692,0.0447991251471248
"Klra9",1.26811105301396,0.350920201647032,0.211181814713011,1.66169706479661,0.0965735299641025,0.126344317396645
"Klra7",2.15183049919137,-1.22010346824698,0.228925720959491,-5.32969149614637,9.83797386067944e-08,1.74882423132119e-07
"Klra10",1.60011933244159,-1.33861054729604,0.216244522527555,-6.1902633724536,6.00637717071342e-10,1.11004740064167e-09
"Klra13-ps",2.50802646004743,-2.59282667558574,0.239284348234244,-10.8357554295508,2.33034003361323e-27,5.47082301572344e-27
"Klra23",1.2536176313659,-0.122839688854169,0.201678008768427,-0.609088167838948,0.542465999893152,0.56284486572098
"Klra3",1.350177114814,-0.0646106958683926,0.201929590771593,-0.319966457721767,0.748993757784551,0.760799263599019
"Klra2",1.30922120688818,0.336542156586061,0.205738230774973,1.63577841278394,0.101885971562835,0.132878144049469
"Magohb",1.2707991563488,0.234675856914408,0.213008658546597,1.10171980104307,0.270583505791559,0.313589896068377
"Styk1",15.8719854193813,-5.78572403911989,0.27333823760683,-21.1669032835504,1.92818108351856e-99,1.18482698716503e-98
"Csda",1.23951312376353,0.255716908051249,0.213855864854382,1.19574419072103,0.231796400755095,0.276029933145111
"Tas2r130",15.6996378334566,-5.76939997358896,0.290473470159453,-19.8620547701719,8.669029857522e-88,4.18228612349952e-87
"Tas2r107",18.7059518762005,-6.03579984768248,0.292614843351246,-20.627114395688,1.5672776806317e-94,8.6665142933236e-94
"Tas2r106",9.46855629245134,-4.98328916901627,0.28394182352638,-17.5503879883806,5.90750803503136e-69,2.03680263823406e-68
"Tas2r104",9.89251897212367,-5.05297024294078,0.250610190931407,-20.1626686614823,2.08336745783229e-90,1.06358710316719e-89
"Tas2r105",14.0366403965679,-5.59795476687079,0.282207848341997,-19.8362830791539,1.44774954268308e-87,6.94281360845722e-87
"Gm4736",40.5508687149823,-7.18938604628736,0.26778332108747,-26.8477738534693,8.95482524342675e-159,1.38706788637055e-157
"Prb1",23.4967954669647,-6.37897210298532,0.290575423314075,-21.9528961886445,8.12564127402713e-107,5.7396275305036e-106
"Prpmp5",51.1934400470059,-7.53214909333184,0.270498401363455,-27.8454477193426,1.22291828430468e-170,2.25172255522766e-169
"Gm8882",16.4396520432052,-5.83985001098484,0.28081884604648,-20.7957909278576,4.72500066197855e-96,2.68676508230153e-95
"A630073D07Rik",47.8132865508402,-7.4318410237642,0.265901931257318,-27.9495563970623,6.67464400669835e-172,1.25104638114777e-170
"Tas2r115",1.34517800901616,-0.810005134953485,0.192784097415366,-4.20161800590987,2.65014042853869e-05,4.42962953473325e-05
"Tas2r136",2.86794055636149,-2.87929695053088,0.248764130170693,-11.5744056369993,5.55549344495214e-31,1.35766272390684e-30
"Tas2r125",171.381883479807,-9.29274376499925,0.227388505992129,-40.8672537094769,0,0
"Tas2r129",238.878999878935,-9.77386444003109,0.246584125895982,-39.6370382907538,0,0
"2700089E24Rik",1.40588192573486,-0.101870107218241,0.195767962642085,-0.520361482253796,0.602811651059453,0.62046274643209
"5530400C23Rik",5.34582422097371,-4.04169199077502,0.262069421356593,-15.422218929066,1.16047551970643e-53,3.4262908443821e-53
"Gm5886",11.5028091287064,-5.28964357905592,0.287960522183234,-18.3693359733875,2.31223341951826e-75,8.87163428878009e-75
"Kap",1.90356190759037,-1.92610355019802,0.215066546180758,-8.95584917506965,3.37130615614452e-19,7.13923656595311e-19
"Etv6",2.7317517035913,-2.63794357075595,0.246782543700181,-10.6893442753423,1.14175328624816e-26,2.65595015785e-26
"Lrp6",1.20872371463169,0.148392931830657,0.214605042717896,0.691469920516844,0.489270277208687,0.512050895553324
"Loh12cr1",1.20018864462354,0.0869640720490507,0.211626212282279,0.41093242236483,0.681122087519452,NA
"Crebl2",1.492656787749,-1.15766480410383,0.201094813016588,-5.75681086318392,8.57178577360126e-09,1.55228869863655e-08
"2810454H06Rik",1.18156916914982,0.108358802347218,0.215426905385518,0.502995678062143,0.614967310795695,NA
"Cdkn1b",1.49117250556175,0.630795273632493,0.206395229555939,3.0562492892382,0.0022412482817564,0.0034695480518293
"1190002F15Rik",1.34161891466971,-0.638386624619401,0.202982975839818,-3.14502544845524,0.00166072383044272,0.00258930059585155
"Apold1",1.44363531486001,-1.02843500526853,0.202834746983118,-5.07030979930733,3.97168661866683e-07,6.96412635184442e-07
"Ddx47",1.26780963638601,0.271458151479341,0.21210342369143,1.27983861247926,0.200601900933191,0.242915550177492
"Gprc5d",1.86433588649314,-1.8707501320308,0.224793958151252,-8.32206589276775,8.64432294376054e-17,1.77861118511746e-16
"Hebp1",1.44782301841956,0.698691199656921,0.211270501999109,3.30709300657537,0.000942695872376983,0.00148959359885208
"Emp1",30.2216282103977,-6.29922467607726,0.278788315726825,-22.5950096210261,4.85212119151626e-113,3.89064095540935e-112
"Atf7ip",12.2864508299221,-5.25715043349762,0.288561539427297,-18.2184723713749,3.68293958476758e-74,1.37566687888993e-73
"Plbd1",1.58858893265222,0.830602340373269,0.21240380007051,3.91048719513276,9.21101435010229e-05,0.000151413934522229
"Hist4h4",17.2578343103581,-5.85746786214377,0.268497429851484,-21.8157315896236,1.64517939431137e-105,1.13295995228303e-104
"H2afj",19.5488575028118,-4.6729615997646,0.273533111446071,-17.0837145640626,1.96219722927153e-65,6.46633177828117e-65
"Wbp11",19.6764982694162,-5.59624888631783,0.272084943765431,-20.5680211807032,5.3088340237502e-94,2.90179200041634e-93
"BC049715",4.40539631370905,-3.68954633020158,0.259027442379049,-14.243843417959,4.89586490387991e-46,1.36083145890592e-45
"C030030A07Rik",2.88960701262359,-2.88230438247248,0.243516057782366,-11.836198436854,2.53693720420731e-32,6.27621431562187e-32
"Art4",8.84214407794399,-4.74287024782449,0.277174343214396,-17.1115053176327,1.21810324700037e-65,4.03074418341801e-65
"Mgp",4.71919315268884,2.96535770466541,0.289369093307417,10.2476656051001,1.21236136596858e-24,2.74794890592966e-24
"Arhgdib",4.66259223333554,2.19142732452747,0.198598863581424,11.0344404041819,2.6066910654096e-28,6.19059479592271e-28
"Pde6h",57.1439807667677,-7.69339948784715,0.276395104208708,-27.834789295102,1.64600920592706e-170,3.02541128695045e-169
"Ptpro",17.7931002338303,-5.78476469885999,0.289904406690472,-19.9540419716225,1.38247261866265e-88,6.74755219207017e-88
"Eps8",1.21819629878866,-0.0369927399818937,0.205692636433186,-0.179844746138541,0.857274453957789,0.864311472652759
"Strap",1.55305000857083,0.595754908645005,0.205622071045678,2.8973295795307,0.0037635415102735,0.00574855499155162
"Dera",42.3536713419785,-7.09849578682014,0.266338332206183,-26.6521748034561,1.68876697976448e-156,2.54411648899584e-155
"Slc15a5",20.166839942347,-6.14931077702944,0.274896353968302,-22.3695610664175,7.7899398521324e-111,5.91899359943684e-110
"Mgst1",1.85894643091982,-0.0695912583262831,0.198204153364039,-0.35110898104373,0.725506590455081,0.738234776252538
"Igbp1b",5.85825330221885,-4.19829236277698,0.266386263504743,-15.7601683643204,5.84769958091261e-56,1.75582351523519e-55
"4922502N22Rik",13.6235630681085,-5.55187988648847,0.293786590018431,-18.8976627086354,1.19218050983226e-79,4.88092726378383e-79
"Plcz1",4.04185852304809,-3.54537511431758,0.257298444207251,-13.7792326154208,3.3986561705435e-43,9.23769081501539e-43
"Aebp2",70.5984807978263,-7.83950317609463,0.229002630291723,-34.2332451208442,7.74457851416768e-257,2.81719162675647e-255
"Pde3a",473.232548484776,-10.7627858134499,0.195648331123603,-55.0108746220298,0,0
"Slco1c1",38.3031183725176,-7.10527315457825,0.265570681746006,-26.7547347766866,1.0876812553976e-157,1.66257574031493e-156
"Slco1b2",17.9545424634484,-5.97376731582699,0.287264143238267,-20.7953810332399,4.76554220798505e-96,2.70834298592073e-95
"Slco1a4",21.4512639865434,-6.24236159320953,0.292039048941747,-21.375092186575,2.27872683122793e-101,1.44883727880753e-100
"Slco1a1",8.59829095293185,-4.82934734953639,0.270595126452176,-17.847133512177,3.04257680919286e-71,1.08782540712238e-70
"Gm6614",3.81476409213731,-3.43896373836596,0.25489575836496,-13.4916475677169,1.7514242952983e-41,4.7028985707084e-41
"Slco1a6",14.9347947754389,-5.69316504557957,0.276485781825436,-20.5911675023277,3.29336832488892e-94,1.80961922693897e-93
"Pyroxd1",1.19245127698694,0.0570728682028787,0.212304036384315,0.268826109832244,0.788063499963053,NA
"Golt1b",12.7049406008467,-5.27306589132534,0.270139350886104,-19.5197992222487,7.45305416232309e-85,3.37131219474233e-84
"Ldhb",1.2117437912032,-0.0869682757075728,0.20664687698652,-0.420854536859253,0.673861304950241,0.688367125604747
"Kcnj8",1.20878457253256,0.22536834549941,0.212978830903437,1.05817251669294,0.289976798556959,0.331827717078859
"Abcc9",26.7473780762844,-6.54039344218311,0.251335960181247,-26.022513600786,2.75480610822312e-149,3.75950010063391e-148
"Cmas",6.78449245862571,-4.10915273923895,0.269664960376407,-15.2379928541819,1.97855592252064e-52,5.78278942640412e-52
"St8sia1",1.18846863688943,-0.109713615659918,0.208320995994008,-0.526656543361927,0.598432118573484,NA
"5730419I09Rik",1.42161456496642,-0.857556868136684,0.199642946900439,-4.29545286447982,1.74337077938949e-05,2.93041232278639e-05
"Etnk1",3.10297671654057,-2.7806239341116,0.243505663348894,-11.419134552643,3.35558760141773e-30,8.12438185500954e-30
"D6Ertd474e",2.68393496403614,-2.73978751479504,0.245025581359243,-11.1816386664465,5.01552194526078e-29,1.20123994284291e-28
"1700060C16Rik",46.027972996271,-7.37591001886061,0.270396240745248,-27.2781529748033,7.70541625577627e-164,1.28300710861729e-162
"Sox5",24.090535278944,-6.38454665327111,0.290320001317307,-21.9914116295869,3.47992840956572e-107,2.47482647110805e-106
"Lrmp",2.43869211939686,-1.95938402096267,0.235571836632153,-8.31756482003519,8.97889918718606e-17,1.84636020315585e-16
"Kras",1.49166270299817,0.565812396495597,0.207274224923492,2.72977692573424,0.00633771947201854,0.00954084950077485
"1700073E17Rik",1.39962540221238,-0.95070889436562,0.200804729419176,-4.73449453663531,2.19601686348916e-06,3.79074339530867e-06
"Bhlhe41",2.13984206546869,-2.2093177475236,0.2317379001309,-9.53369192642048,1.51786978833066e-21,3.31102394278565e-21
"Sspn",33.1900271197296,-6.87202972640125,0.263480126561528,-26.081776322498,5.86934485315126e-150,8.07324904702229e-149
"Itpr2",1.2791614190246,0.154596110924816,0.210401419541248,0.734767432947422,0.462481144257782,0.486478906403148
"4933424B01Rik",11.8911684295828,-5.23849904735193,0.275369620893371,-19.0235183908699,1.08922852956447e-80,4.55590779192831e-80
"Fgfr1op2",1.57085767543099,0.65195460054772,0.206025881106844,3.16443059020153,0.00155386720224215,0.0024274088869382
"Tm7sf3",1.19741352011076,0.1680787078928,0.21412820871072,0.78494425795094,0.432486251521387,NA
"Med21",1.37778103885711,0.38477339177703,0.210129845873673,1.83112203874337,0.0670823297256033,0.0907998862096847
"Gm6654",1.43948552159434,0.501413447714384,0.201452025697361,2.48899680198626,0.0128104118059061,0.0187970062197695
"1700023A16Rik",2.35898301980315,-2.45186844839732,0.237251420253344,-10.3344732173959,4.92108436582088e-25,1.12223942287396e-24
"1700034J05Rik",2.7879643166405,-2.82057930927244,0.235480731978195,-11.97796221193,4.63578854504663e-33,1.15507475919539e-32
"Rep15",11.0097256029781,-5.22097867743487,0.253844425123543,-20.5676318276199,5.35161946230898e-94,2.92364768113583e-93
"Mrps35",62.9382714115638,-7.63295136749016,0.259876625554887,-29.3714425112006,1.27226011090164e-189,2.85029947592557e-188
"Gm5887",34.8784523072544,-6.96686150983547,0.264336670105072,-26.3560160119525,4.37894073101147e-153,6.28832754219528e-152
"Ergic2",1.35038057986086,0.393170587408844,0.209894210678251,1.87318452537759,0.0610429084444821,0.0833735790716314
"Tmtc1",15.5303447923708,-5.74194524462779,0.279749622153826,-20.5253011618742,1.27968035647852e-93,6.93298542897547e-93
"Rps4y2",5.02227174656004,-3.7452253307749,0.254234024733213,-14.7314087274709,4.05170880744055e-49,1.15478678541303e-48
"Ipo8",28.6926194435106,-6.52217266332771,0.278124931673736,-23.4505142134426,1.30603235998755e-121,1.20877463105231e-120
"Fam60a",5.33550957837098,-3.94632347217195,0.246010703417901,-16.0412673812338,6.57977600989186e-58,2.00797607551216e-57
"Dennd5b",7.19391247672066,-4.38520691887407,0.280168605724613,-15.6520282047034,3.21797978935949e-55,9.60426215006091e-55
"4833442J19Rik",3.70561196122158,-3.2773784320381,0.248376397774385,-13.195208809716,9.34954471141103e-40,2.4830640240939e-39
"Amn1",1.23983524426924,-0.0748480406064393,0.205463571045794,-0.364288619269433,0.715642497396881,0.728765867423277
"2810474O19Rik",41.6916503616942,-6.76508549709117,0.284978570981311,-23.7389270140414,1.42982119147584e-124,1.38088189075002e-123
"Bicd1",12.4006282272491,-5.40606507824694,0.284683239803354,-18.9897553575026,2.07291964517242e-80,8.61515967181532e-80
"D7Ertd143e",5.07546900647502,-3.9521543456573,0.262264574546593,-15.0693411509726,2.5766975446844e-51,7.4744991293429e-51
"Mir292",3.61208456457801,-3.33541190725335,0.255750003782198,-13.0416885940454,7.08698611864372e-39,1.86697287606966e-38
"Nlrp12",1.75239610824054,-1.6449608403773,0.219906813361757,-7.4802631861672,7.41739147955686e-14,1.46246585545937e-13
"Myadm",2.76840643458261,-1.7900515117804,0.224142765117161,-7.98621142576132,1.39148956589775e-15,2.81315861114881e-15
"Cacng7",13.8028198535051,-5.57217461326634,0.283338232985441,-19.6661585503453,4.20452854366198e-86,1.95873618901522e-85
"Oscar",5.57827687078446,-4.11467339023535,0.261386252988018,-15.7417360063842,7.82666526336496e-56,2.347325060314e-55
"Ndufa3",2.5270700178028,1.58676685207014,0.198419722150505,7.99702184275083,1.2746463348535e-15,2.57793640756888e-15
"Tfpt",11.6478260084581,-5.16657836973735,0.257118387344482,-20.0941613826135,8.30049716477941e-90,4.17423845858849e-89
"Prpf31",9.49095016219258,-4.83703333690713,0.263402385699733,-18.363665629138,2.56681342460701e-75,9.84117963749438e-75
"Cnot3",6.77918278911785,-4.12239412047986,0.262817984914727,-15.6853577650609,1.90486846880195e-55,5.69659891558074e-55
"Mir3572",2.83841073094488,-2.85851010910322,0.245783642830551,-11.6301885519451,2.89457496652624e-31,7.0920822930143e-31
"Leng1",23.3096222153514,-6.25008048299072,0.255459810125431,-24.466003008152,3.40022334222431e-132,3.69389507729676e-131
"Mboat7",10.81815507433,-4.97013771575976,0.278882199815543,-17.8216383801013,4.80095816011502e-71,1.70948169139157e-70
"Tsen34",2.05418755134908,-1.62326703681799,0.214248863564524,-7.57654911121205,3.54867409098544e-14,7.03001091269221e-14
"Rps9",26.6184641378339,-0.918174871643831,0.243664134497392,-3.76819868684308,0.00016442980604703,0.0002678076716273
"Lilrb3",49.0735937800186,-6.86122639288468,0.212253365040459,-32.3256424772198,3.0520046990846e-229,9.53979911929438e-228
"Pira7",53.0534496166386,-7.58452153892116,0.290644143049455,-26.0955595366345,4.0944423958217e-150,5.64676071497735e-149
"Gm14548",1.21229232611646,-0.25079467995035,0.202593769050757,-1.23791901955048,0.215746089254685,0.259521314600617
"Lair1",8.9787294022501,-4.50741315783403,0.272639956986596,-16.5324745780225,2.14167680946286e-61,6.75910093433865e-61
"Ttyh1",20.8758102726314,-6.17976582847253,0.29853907003231,-20.7000237114818,3.4620001452063e-95,1.94109997400396e-94
"D030047H15Rik",8.89216259609389,-4.88346792451678,0.276525942384194,-17.6600715376349,8.51317086495595e-70,2.97149795486928e-69
"Leng8",12.6224085401221,-5.08810552437286,0.278253193540294,-18.2858836573821,1.07211888411867e-74,4.04660923723748e-74
"Leng9",14.9820386451451,-5.54786497242076,0.263484320728954,-21.055768924208,2.02471244360145e-98,1.21762660778797e-97
"Cdc42ep5",47.2550060192002,-7.37223983220322,0.265090622496421,-27.8102626293495,3.25967261894451e-170,5.94947240240922e-169
"Lilra5",1.37412833773458,-0.584728550811478,0.194036617858178,-3.01349589199116,0.00258256537566019,0.00398197940066348
"Ncr1",1.5382209903823,0.603789616399394,0.217166487134558,2.78030751598096,0.00543074441885381,0.00821457138986291
"Rdh13",5.72404617314256,-4.08691257691801,0.265093377576408,-15.4168791928423,1.26050145199362e-53,3.71846147465764e-53
"Ppp1r12c",1.23196673888615,0.243924122331561,0.212571368576871,1.14749283482809,0.251177992766628,0.294845275205982
"Ptprh",4.17897800892381,-3.60595269836028,0.251470407758889,-14.3394713139276,1.23996432095545e-46,3.46129077828205e-46
"Ppp6r1",48.5832521720578,-7.25410510076017,0.268524365399328,-27.0146997274249,9.93100020518195e-161,1.59262123106144e-159
"Hspbp1",1.2169827857713,0.168062507170831,0.214172116707552,0.784707690965755,0.432624972441328,0.461156984598221
"Brsk1",21.1883411830217,-6.22375877180927,0.258648602729319,-24.0626034942186,6.16124262861056e-128,6.29387211768046e-127
"Tmem150b",4.65368835955756,-3.77521080347693,0.257467622250571,-14.6628565194999,1.1148240973383e-48,3.16098956442473e-48
"Suv420h2",1.79007813512648,-1.5884617706784,0.216164806653087,-7.34838290872968,2.00619098053442e-13,3.92368561947909e-13
"Cox6b2",4.7532391597551,-3.44531013612018,0.26279310548698,-13.110352076154,2.87261757849858e-39,7.60206020773769e-39
"2210411K11Rik",13.5276639296299,-5.17338149073367,0.273590012018258,-18.9092483770512,9.57112174860328e-80,3.92622833223647e-79
"Rpl28",10.5207410187664,1.69120738296114,0.203391370046187,8.31504002641359,9.17213082406546e-17,1.88535234895144e-16
"Ube2s",16.9127661781328,-4.86989684900849,0.27223064382839,-17.8888635773069,1.44015534946121e-71,5.17741799186469e-71
"Isoc2b",2.32070860645631,-2.32448284128507,0.238133387706201,-9.76126390203171,1.6508483021923e-22,3.65145260061179e-22
"Isoc2a",10.2790098562321,-5.04739455118328,0.283601348521063,-17.7974984163674,7.38968333871524e-71,2.6205262926694e-70
"Zfp628",1.192802702965,-0.0120038463490088,0.209927751515482,-0.0571808456116557,0.954401136179803,NA
"A430110N23Rik",1.91201461540138,-1.91239093579199,0.221489579997122,-8.63422530223247,5.91263632105788e-18,1.23258632571574e-17
"Sbk2",1.77130335030161,-1.7314737641353,0.21673881748966,-7.98875708647763,1.36305970996796e-15,2.75621603177717e-15
"Fiz1",1.22456679146834,0.0960636660323941,0.208819507822742,0.460032048892378,0.645493216597642,0.661199880423801
"Zfp524",1.43511570372846,-0.499389939569596,0.190494596601479,-2.62154385730077,0.00875324990574597,0.0130195083367984
"U2af2",1.48725880289507,0.476797625194462,0.20744298721323,2.29845140392412,0.0215361107175389,0.0309139276627398
"Epn1",2.08473679573632,-1.12333088001156,0.213997756550189,-5.24926474987647,1.52707475251136e-07,2.70077255907481e-07
"Vmn1r61",13.8382321109063,-5.57573791457626,0.286372158161785,-19.4702514042105,1.96305736566028e-84,8.7958450203834e-84
"Zfp787",10.1221116141393,-4.96596342745896,0.282648806746899,-17.5693769402883,4.22790182181627e-69,1.45915024858717e-68
"Zfp444",1.67613386423917,-1.37581979636471,0.213215872134105,-6.45270815251205,1.09868820479143e-10,2.05819215108964e-10
"Galp",31.6045504352886,-6.82090663652189,0.245866702465764,-27.7422951872536,2.15839515275957e-169,3.89182131171155e-168
"Olfr1336",26.4783916242717,-6.55769868688681,0.257409358836128,-25.4757585992107,3.66004915771817e-143,4.64288131307141e-142
"Olfr1346",23.0452736496579,-6.34998557187381,0.291244136389216,-21.8029645183577,2.1746633955874e-105,1.49168763797191e-104
"Olfr1347",7.0305008533445,-4.50194511923819,0.270616103467477,-16.6359099164963,3.8289483391639e-62,1.21984194876018e-61
"Olfr1350",24.3132506793768,-6.43017480800057,0.297861973892021,-21.5877667228902,2.3405267243643e-103,1.54261988651283e-102
"Mir3099",2.38923893239453,-2.48627015874174,0.240091944552481,-10.3554917820172,3.95150597945849e-25,9.0369600055962e-25
"Zfp954",2.51289166764321,-2.48593328740426,0.242110171283579,-10.2677771620447,9.84468119189621e-25,2.23528646462367e-24
"Zfp418",20.6884420843203,-6.18791184268148,0.293815949618579,-21.06050352513,1.83217169925855e-98,1.1024710397844e-97
"Zfp772",2.41937265192284,-2.49859787546259,0.234283909909239,-10.6648291657355,1.48672011918797e-26,3.45533349161229e-26
"Clcn4-2",1.33439596689938,0.38896753936138,0.208567857474145,1.86494479097575,0.0621891432208573,0.0846044638031991
"Vmn2r43",18.8745707522191,-6.04939997422446,0.294415446954666,-20.5471555137389,8.16070253847306e-94,4.44432626508392e-93
"Vmn2r44",6.35625021999237,-4.33573447579912,0.265407982419737,-16.3361118089593,5.4627313485814e-60,1.69937173060756e-59
"Vmn2r45",3.32533884976454,-3.17575333600929,0.255903871854756,-12.4099464107044,2.30807217144879e-35,5.86998135686367e-35
"Vmn2r40",2.99919641437341,-2.97098144748096,0.240205214324303,-12.3685135472114,3.86915423728365e-35,9.81388975637544e-35
"Vmn2r39",9.04302038344934,-4.91012428913479,0.28226369656395,-17.3955218078225,8.92106114381302e-68,3.02389215394182e-67
"Vmn2r50",15.0736421196453,-5.70724632252426,0.290300457194379,-19.6597910236938,4.76686504018301e-86,2.21477841653363e-85
"Vmn1r68",21.3795032038259,-6.23728194537126,0.294670783677521,-21.1669506814668,1.92624327646902e-99,1.18433332192795e-98
"Vmn1r70",5.665957926964,-4.14154977000009,0.263634425057409,-15.7094422289435,1.30320603460685e-55,3.90176971645985e-55
"Nlrp4b",2.2822054041991,-2.37524222247677,0.237560281405751,-9.99848210492674,1.54750796683286e-23,3.46174912657705e-23
"Zscan4f",3.31440052988801,-3.16863743709023,0.25464343357674,-12.443428807817,1.51842976353372e-35,3.86927184068637e-35
"Vmn1r73",9.48922379599671,-4.98663758993726,0.283213937416701,-17.6073170530456,2.16464978707125e-69,7.49550374030641e-69
"Gm4224",9.07724826595926,-4.91614892646768,0.276991647247109,-17.7483652497358,1.7744446050397e-70,6.25217741363971e-70
"Zfp606",1.27592778271723,-0.467670256891412,0.200919254893118,-2.3276527535412,0.0199305498166666,0.0287475739273278
"Vmn2r53",64.4973699573223,-7.87054957669249,0.309372869407681,-25.4403354494571,9.03104387999889e-143,1.14007373769273e-141
"Vmn2r54",11.7393073470329,-5.32150776397363,0.28346744890385,-18.7729059705146,1.25811465967486e-78,5.05181424884828e-78
"Zfp329",12.0184067639588,-5.25638300914521,0.289575901869536,-18.1520042766314,1.23800048760547e-73,4.5799876295539e-73
"Zfp110",1.23687362138117,0.177754494042437,0.214079181825055,0.830321250889763,0.406357176164305,0.436795720715753
"Zscan22",8.96922036896769,-4.88473856984004,0.276677198494408,-17.6550095071849,9.31179944565465e-70,3.24591606719982e-69
"Rps5",47.5475137312133,-2.5437388304614,0.265577353045712,-9.57814663520489,9.88019288722089e-22,2.16472641642363e-21
"2310014L17Rik",166.892261907931,-9.25423531495903,0.226351496951936,-40.8843565851217,0,0
"Slc27a5",5.52248826990521,-4.09751510984544,0.260058713287287,-15.7561154481254,6.23494615078357e-56,1.87155945411675e-55
"Zbtb45",1.18088276033635,0.138465386614202,0.214730445191148,0.644833509710017,0.519035083762345,NA
"Trim28",1.30687921883361,0.307279335213799,0.211512622914663,1.45277067145905,0.146287437562117,0.183714983016129
"Chmp2a",1.86804152544495,1.00804314625962,0.201697970919829,4.99778526111349,5.79925126643396e-07,1.01465029699297e-06
"Ube2m",1.28252117674164,0.289433771133955,0.211809132813255,1.3664839060039,0.171787128937408,0.211829792717247
"Lig1",1.51079355061657,-0.95274295830076,0.206697278951608,-4.60936381520444,4.03903000189375e-06,6.92518857279862e-06
"Sult2a6",13.8944170584456,-5.5823218541911,0.266313935542237,-20.9614335157679,1.47575213340699e-97,8.70443631229886e-97
"Gm18756",241.808407849306,-9.79155538557071,0.199776850458288,-49.0124624705458,0,0
"Vmn1r90",7.75484749758109,-4.66289894444869,0.256984112697618,-18.1446973336259,1.41411903560685e-73,5.22783382851824e-73
"Obox6",6.86292269803354,-4.46253456311382,0.284248666806607,-15.6994036709061,1.52670421949506e-55,4.56829809444782e-55
"Crx",123.054832861119,-8.81194834392025,0.229596041137302,-38.3802277263594,0,0
"Sepw1",3.20687705186177,1.81693076304569,0.198609896293267,9.14823881868814,5.78692511423903e-20,1.2390381089552e-19
"Gltscr2",9.05105963937148,-3.11104916536271,0.247975154058429,-12.5458099912287,4.1910681124493e-36,1.07320949457863e-35
"Snord23",16.0299097116929,-5.80117420329919,0.293573874762764,-19.7605260617523,6.51225337185507e-87,3.07776936180022e-86
"Ehd2",1.28602156714841,-0.318455004736128,0.198057793298102,-1.60788929045985,0.107859427786978,0.139552909418273
"Napa",1.47184018086061,0.609538005981836,0.206364958127193,2.95368948058588,0.003139997794106,0.00481515525418136
"Kptn",1.18132549086856,0.128526696694567,0.214952036542856,0.597931979439246,0.54988532059368,NA
"Dhx34",1.17752755897131,0.108343267189595,0.21541183029979,0.502958760615946,0.614993266718994,NA
"C5ar1",1.29797170246398,0.426013628551173,0.209641718837272,2.03210329944801,0.0421431994473269,0.0587573453832924
"Prr24",1.18128699881147,0.138499798726842,0.214746186277099,0.64494648835406,0.518961863960478,NA
"Ccdc9",1.18553533984835,0.0981570645452261,0.215682408801877,0.455100001388578,0.64903729703529,NA
"Bbc3",1.25920896356134,0.324818655020293,0.211052015858778,1.53904549880083,0.123793188983059,0.158746132980675
"Sae1",1.31379109688333,0.342164380432828,0.210867100351928,1.62265417346647,0.104663352863028,0.135948916404084
"Zc3h4",1.20469433291268,0.177744699738972,0.213919241389529,0.830896269940085,0.406032231027618,NA
"Tmem160",1.82006806490961,0.929598995323947,0.20273480318071,4.5852955720451,4.53344648773342e-06,7.76015434201294e-06
"Ap2s1",1.85007791644383,0.991277259856723,0.202214790022186,4.90210068090452,9.48172161328831e-07,1.65036968394015e-06
"Slc1a5",1.3474617285858,0.376453896449356,0.210262646116944,1.79039835844157,0.073389894036067,0.098570756945393
"Fkrp",1.22450963938265,0.215953592974527,0.213134556551438,1.0132265572918,0.310951958128783,0.351037806053935
"Strn4",1.36210542784191,0.333542341386084,0.211498140517228,1.5770462121813,0.114784892196281,0.147839876077348
"Prkd2",1.32796690597587,0.316173878199852,0.2114608519615,1.49518870877063,0.13486519949734,0.170882100887308
"Calm3",1.92936939460603,1.12266118166799,0.20132460267535,5.57637351197641,2.4558433232561e-08,4.40987345971684e-08
"Ppp5c",1.27562416267777,0.289452395315472,0.2117431132278,1.36699791980516,0.171625957534793,0.211829792717247
"Ceacam11",23.6921759766671,-6.39143695933487,0.300401739950082,-21.2762980680369,1.88230582429907e-100,1.17742796918408e-99
"Ceacam12",2.50146999738728,-2.58688097556027,0.238599406806194,-10.8419421916732,2.17797456762427e-27,5.11542283149548e-27
"Psg26",19.6779430984302,-6.1122373285362,0.30030157054044,-20.3536642100681,4.30834302368236e-92,2.2545915372052e-91
"Mill2",19.182561521793,-6.06285737029107,0.301791162391084,-20.0895789070005,9.10308054093252e-90,4.56904619458344e-89
"Pglyrp1",23.7477817825291,-5.16778907024541,0.284870991516657,-18.1408048700643,1.51791852867369e-73,5.60958210242595e-73
"Ccdc61",1.6196640729183,-1.31835348778862,0.206243138549367,-6.3922295648786,1.63484203043921e-10,3.05217288944659e-10
"Nova2",2.44402371734488,-2.49036531593401,0.245701221814107,-10.1357465687255,3.83433293012604e-24,8.63469279346761e-24
"Mypop",1.79467641793514,-1.74720476873754,0.220360926858195,-7.92883200142775,2.21216564074173e-15,4.45935688151066e-15
"Irf2bp1",1.63651786830293,-1.13734222922855,0.20832927642848,-5.45934901098265,4.77883539967947e-08,8.54298657065988e-08
"Foxa3",25.4267089488505,-6.49690700474531,0.303616821054419,-21.398376355376,1.38342255051619e-101,8.82819769400308e-101
"Sympk",17.2746650349552,-5.75690854320114,0.286393462830441,-20.1013964715022,7.1746068215319e-90,3.61151857361587e-89
"Rsph6a",17.0215743442296,-5.89279211925796,0.28929711795474,-20.3693426361056,3.12849082148755e-92,1.64292978754175e-91
"Dmwd",1.59096863942341,-1.28563120838403,0.211670416457184,-6.07374062895596,1.24964511633238e-09,2.29809670856262e-09
"Fbxo46",1.17737229884593,0.0671654576655622,0.213458044957791,0.314654140483875,0.753024267339125,NA
"Qpctl",8.50204345346002,-4.78816765232231,0.280095538179581,-17.0947658911025,1.62346664859411e-65,5.35682421343948e-65
"Snrpd2",2.10813025612955,1.07182540660502,0.202680573381906,5.28824933105655,1.2349257388449e-07,2.19076035914031e-07
"Eml2",1.54122088484553,-1.08709318141201,0.209081470334023,-5.19937601201723,1.99958657232753e-07,3.52570238390464e-07
"Mir330",20.9621317600059,-6.20765459837857,0.28781125789254,-21.5684912530292,3.55087504921661e-103,2.32858891418476e-102
"Vasp",2.4102835003476,1.46537453689716,0.200790823359683,7.29801547888564,2.92043047762866e-13,5.69893349279312e-13
"Fosb",2.55775836923859,-2.14075745099042,0.231801409061883,-9.23530818753096,2.57543532777093e-20,5.53925521671375e-20
"Ercc1",3.06015474684083,-2.85270573033323,0.250673477374335,-11.3801657846444,5.24998356954109e-30,1.26903978851607e-29
"Cd3eap",1.21618404407126,0.196941141218396,0.213609209845353,0.921969335315532,0.356544570923741,0.392000127749348
"Mir343",31633.2464951277,-16.8281752058284,0.165395071162293,-101.745324619232,0,0
"Bloc1s3",1.18518267494597,0.148413779804487,0.214517917137187,0.691847943449753,0.489032824740855,NA
"Trappc6a",1.34545434863937,0.393079245276119,0.210060300686572,1.87126860235541,0.0613078601745511,0.0835252590659419
"Nkpd1",2.35550340775467,-2.4519200482744,0.237296737001898,-10.3327170834835,5.0120398271673e-25,1.14248244095255e-24
"Ppp1r37",63.0980554963013,-7.744814983068,0.260906790543693,-29.6842215832287,1.22737626674752e-193,2.82865523727243e-192
"Gemin7",1.59022190813528,0.739748621235218,0.204765811840745,3.61265689123217,0.0003030756176095,0.000489194410612737
"Zfp296",1.40624680376999,-0.895033624244416,0.207258467826519,-4.3184417680516,1.57134668010801e-05,2.64679886097573e-05
"Clasrp",1.58174405564457,-1.02895451155823,0.207079806442933,-4.96887904828995,6.7341056406704e-07,1.17663703579245e-06
"Relb",3.01453035931776,-2.67369676604583,0.244270768086007,-10.94562721113,6.9733400701726e-28,1.64746934448069e-27
"Clptm1",9.62115982207142,-4.55178528074444,0.269102153469953,-16.9147114657062,3.50529158289841e-64,1.14253025680485e-63
"Apoc2",36.1406509943859,-6.30388935957469,0.265841578350382,-23.712954906046,2.65077728673931e-124,2.54591673169811e-123
"Apoe",21.0068343842086,-2.98223507336928,0.262461300200949,-11.3625706764616,6.42264265787714e-30,1.55070280638847e-29
"Tomm40",1.3350937272559,0.304149922509867,0.210259374650634,1.44654630983869,0.148024032809462,0.185228876082287
"Bcam",1.46048648072419,-0.302221704870753,0.189822823077685,-1.59212522483173,0.111356570300676,0.1440419519191
"Cblc",15.3406368892415,-5.73384018948191,0.283007449654405,-20.2603860657513,2.87698047440067e-91,1.49060427557037e-90
"Bcl3",2.24340780677114,-2.00130416783131,0.228417798685349,-8.76159467147373,1.92507391977217e-18,4.03245821075871e-18
"Ceacam16",3.46459917217094,-3.25247851612497,0.250857966285269,-12.9654184967215,1.92178664511826e-38,5.04487115288776e-38
"Ceacam19",7.53789059155505,-4.61665472568426,0.267050460395335,-17.287574486297,5.83566108431141e-67,1.95835106783064e-66
"Nlrp9b",22.7941078144052,-6.33344198641446,0.286407817329642,-22.1133698286069,2.35047884915856e-108,1.71242143651189e-107
"Vmn1r91",19.7696131640593,-6.11939049320774,0.285101317241332,-21.4639151878341,3.38559077628175e-102,2.18317280447075e-101
"Vmn1r143",25.1530610940323,-6.48101338042504,0.293045162895517,-22.1160906270812,2.21295077165272e-108,1.61335237821609e-107
"Vmn1r95",130.730495539429,-8.89982358733606,0.234661762853425,-37.9261771458483,0,0
"Gm4498",9.2955603551111,-4.95417498063308,0.278742754877137,-17.7732869965239,1.1382161273314e-70,4.02403534349468e-70
"Gm4187",2.44202927296395,-2.53494433371044,0.238254770753501,-10.6396372492079,1.94886584720284e-26,4.52438502219205e-26
"Vmn1r-ps79",1.85619823176463,-1.86582650224616,0.228516933448599,-8.16493760041568,3.21601416495954e-16,6.5640641020875e-16
"Gm5728",7.92786232210706,-4.69883961122268,0.276648632106571,-16.984864792003,1.06298301136937e-64,3.48431480021859e-64
"Vmn1r100",10.0041244884842,-5.07057008009568,0.287160535555444,-17.657614651985,8.89187988864944e-70,3.10161129426997e-69
"Vmn1r101",44.4077865253662,-7.32322979693696,0.263672884686929,-27.7739207261762,8.96159784607195e-170,1.62147454961856e-168
"Gm8677",66.0156647608245,-7.90456241201541,0.297713110357815,-26.5509382590343,2.50492355630779e-155,3.70416457901605e-154
"Gm5726",1.74527216410345,-1.69123946012098,0.212726556668363,-7.95029772778954,1.86063805160643e-15,3.75508626691883e-15
"Gm4141",13.5482598495764,-5.54340147909714,0.273835806681947,-20.2435231033743,4.0514623613183e-91,2.09185296993883e-90
"Vmn1r107",1.53016801275175,-1.28228843650717,0.207986794815481,-6.16523966170438,7.03764675235863e-10,1.29856896597073e-09
"Gm4220",48.9116715012565,-7.4651960614167,0.293842109921577,-25.4054671177288,2.19439053078869e-142,2.76350267086055e-141
"Vmn1r111",2.21276109264117,-2.30485492613337,0.229348037232439,-10.0495951652617,9.22455913960973e-24,2.06928228228461e-23
"Gm4567",41.9424797834851,-7.23914572480001,0.26916657346761,-26.8946683517935,2.535370374409e-159,3.97436437069519e-158
"Vmn1r112",5.13801827508253,-3.97300019220132,0.271069552721003,-14.6567556271822,1.21962923802819e-48,3.45721673771771e-48
"Vmn1r113",20.6624786079721,-6.18599479882043,0.294697199357063,-20.9910199768316,7.92273457917832e-98,4.70496865794207e-97
"Vmn1r116",3.4988547955847,-3.27360990882944,0.255127205826854,-12.8312850768692,1.09532177591875e-37,2.84810942480493e-37
"Vmn1r119",17.9158614642487,-5.97027623654369,0.296532697677956,-20.1336185968523,3.74613722355886e-90,1.90407364235416e-89
"Vmn1r122",27.7912819246484,-6.62976231551788,0.289583125890764,-22.8941596480271,5.31230451669381e-116,4.46541539084407e-115
"Vmn1r127",2.85659500386937,-2.87289458293233,0.245419719060445,-11.7060462538658,1.18686168817548e-31,2.91961263537983e-31
"Vmn1r128",2.44829678533808,-2.53962349226094,0.241613227229092,-10.511111172953,7.67834628298403e-26,1.76918859400471e-25
"Vmn1r132",14.6221512148937,-5.66079418115222,0.284147043912507,-19.9220590269285,2.6199293726736e-88,1.27218896049825e-87
"Vmn1r163",4.88090603301162,-3.88397236237184,0.244505352482641,-15.8850197876448,8.04725565455679e-57,2.43516953720501e-56
"Vmn1r135",29.8929181998469,-6.73811256166088,0.289636177397835,-23.2640570739394,1.02522300769735e-119,9.17952675845657e-119
"Gm8720",2.18846880548477,-2.28252596543738,0.231274566446482,-9.86933410148914,5.65386911314673e-23,1.25748601493932e-22
"Gm5725",20.168845198074,-6.14949003539595,0.288850157506222,-21.2895505700511,1.41882003838671e-100,8.89104513850977e-100
"Gm5891",10.2646282622145,-5.11111102910582,0.283454863819511,-18.0314811333077,1.10297147243452e-72,4.02482424754157e-72
"Gm8693",78.9970422134869,-8.16674131336588,0.293713942068836,-27.8050856416339,3.76509256592576e-170,6.85995923006368e-169
"Nlrp4e",25.2328622744104,-6.48558653429778,0.289232031106043,-22.4234726337068,2.32333621200792e-111,1.78876327827159e-110
"Nlrp5",9.11907897064113,-4.92336662698734,0.282311915109554,-17.439457435145,4.13985361863101e-68,1.41057675517323e-67
"Vmn1r167",4.8593402106518,-3.87594111764573,0.269144424618063,-14.4009712374536,5.10214471992121e-47,1.42805337469108e-46
"Vmn1r177",33.8921902984708,-6.92436791625886,0.27092094260668,-25.5586292061281,4.40261456954394e-144,5.68149519234101e-143
"Vmn1r178",9.70493782927621,-5.02263627724151,0.279571651920297,-17.9654705430342,3.6318536254473e-72,1.31426522875805e-71
"Vmn1r179",68.9965612556352,-7.96916384779425,0.255084579778888,-31.2412606622559,2.9343120322719e-214,8.0616362149786e-213
"Vmn1r180",12.0395547188485,-5.3608711243105,0.286202611885563,-18.7310349440627,2.7648846443057e-78,1.10341726630549e-77
"V1rd18",6.52754295097964,-4.37995278292373,0.236264276931937,-18.538362378776,1.01258326411792e-76,3.95191374855742e-76
"Zfp61",7.08153137295747,-4.44500436060179,0.266955736900575,-16.6507167525577,2.98999591776927e-62,9.54604201269457e-62
"Zfp94",7.98050664361527,-4.69726291547865,0.271852796277255,-17.2787000163428,6.8064883867267e-67,2.28121151709235e-66
"Lypd5",1.62882508614766,-1.48061834178209,0.209207795415864,-7.07726181445061,1.47030597778761e-12,2.84101321638027e-12
"Kcnn4",2.40536093636962,-2.12804776983253,0.231707279982408,-9.18420763471091,4.14568116937464e-20,8.89090209701547e-20
"1500002O20Rik",1.21588730485236,0.0175592441389375,0.21058809138725,0.0833819425555638,0.933547846260162,0.937048314100191
"Plaur",1.63917567353034,0.0528664616538981,0.189529025015447,0.2789359658743,0.780293966723741,0.791284022593089
"Zfp428",2.15180770011859,-2.23798341378871,0.236924827482902,-9.44596409572236,3.52147394112638e-21,7.65123578467417e-21
"2310033E01Rik",2.32776939222587,-2.42495395151275,0.23472521744736,-10.3310329323971,5.10083120158441e-25,1.16246840743378e-24
"Xrcc1",5.53699723929044,-4.02427594967137,0.268614621388225,-14.9815967905006,9.68615769482751e-51,2.79578342090128e-50
"Ethe1",1.34454010363838,0.154514669870825,0.200886566493217,0.769163775199681,0.441796092139577,0.468925498366936
"Tex101",2.23836435679486,-2.33331424185459,0.227059851127568,-10.2762079260929,9.02072491453656e-25,2.04998624527126e-24
"BC049730",139.494569844642,-8.99409381092067,0.189029291425591,-47.5804238755297,0,0
"Gm4763",25.9619957323093,-6.52831487575723,0.236386051407339,-27.6171746889907,6.92121042723845e-168,1.21645516599948e-166
"Ceacam10",43.3910105715167,-7.28912828383569,0.226424205286018,-32.1923544995027,2.25802163980803e-227,7.01599580940354e-226
"Lypd4",20.9085608371503,-6.20385529581729,0.243121566217031,-25.5175030020957,1.26049272578942e-143,1.62263181963521e-142
"Dmrtc2",192.801365516817,-9.46350595030474,0.176212036393642,-53.7052186898523,0,0
"Rps19",97.6655664460448,-3.41651818514553,0.16657368786672,-20.5105513895999,1.73318466409235e-93,9.35597098920585e-93
"Cd79a",91.2393654215306,-6.73549383377846,0.241476822245263,-27.8929206171901,3.25143077376105e-171,6.02929614175228e-170
"Arhgef1",38.2380840696977,-6.15595215892377,0.204313151820454,-30.129984800653,1.96213022594056e-199,4.88893545556551e-198
"Rabac1",62.3433729779651,-6.22452591719848,0.177045602101702,-35.1577550829129,8.84847390606634e-271,3.34703143403379e-269
"Atp1a3",108.926526329938,-8.43453979874789,0.188872200866973,-44.6573914002756,0,0
"Grik5",314.087835522059,-10.159407630742,0.170799048214326,-59.481640775852,0,0
"Zfp574",114.689356336933,-8.65692923310657,0.174152873632086,-49.7087935017088,0,0
"Pou2f2",86.0195801459369,-7.73298975824905,0.182259677533742,-42.4284178644914,0,0
"D930028M14Rik",13.7417057136516,-5.55371195859416,0.209076355777075,-26.5630799712031,1.81367423182458e-155,2.68578141563811e-154
"Dedd2",7.72281125669942,-4.37841819789147,0.237293162708292,-18.4515143543092,5.07041328837003e-76,1.96201314790893e-75
"Zfp526",63.8667057499378,-7.85625354659068,0.187756295314624,-41.842823610393,0,0
"Gsk3a",40.4777131585607,-6.9924740335021,0.180159485639754,-38.8126887056294,0,0
"9130221H12Rik",44.7997028290651,-7.32545291236024,0.21711179454643,-33.7404650339882,1.47525683135052e-249,5.25654652535817e-248
"Erf",3.55453469101304,-3.09098547991418,0.230923832326831,-13.3853030619181,7.36961542338771e-41,1.97278935949148e-40
"Cic",33.4574060371011,-6.66498215694858,0.185406905455713,-35.9478636492351,5.46572886609346e-283,2.30089553879096e-281
"Pafah1b3",25.324010968667,-6.20153834279995,0.198027642629764,-31.3165286444098,2.77973993711022e-215,7.73879598491485e-214
"Prr19",36.4108101761231,-7.03046227696799,0.211735903215244,-33.2039213482895,9.45016060713019e-242,3.18257021736901e-240
"Tmem145",48.338110753362,-7.44795555945762,0.223174008258365,-33.3728628059376,3.39514498108446e-244,1.16596426324085e-242
"Megf8",151.237323931619,-9.06948719794484,0.208140546442852,-43.5738608019605,0,0
"Cnfn",1.24961757583588,-0.485420564327004,0.196529227136444,-2.46996628135108,0.0135125788191446,0.0198161712139163
"Lipe",29.5555350847001,-6.60502661301375,0.18409465677257,-35.8784265051949,6.62963072793346e-282,2.73570532804843e-280
"Cxcl17",97.4460767914416,-8.47265493906645,0.183096275329291,-46.2743161969228,0,0
"Ceacam1",2.31964729248947,-1.82312271548326,0.20702693149933,-8.80621039146863,1.29447967712451e-18,2.71809489726064e-18
"Ceacam2",26.0588095919721,-6.52241072781214,0.201522414566412,-32.3656836974959,8.34771930352661e-230,2.61712280867321e-228
"Gm7092",40.0755595787747,-7.17204377619287,0.186430813273719,-38.4702702855393,0,0
"Atp5sl",20.7796892097682,-6.00360074405596,0.187669077931114,-31.9903566972267,1.48497715788076e-224,4.49367000819569e-223
"B3gnt8",61.6472391178982,-7.69960962114851,0.174206396549287,-44.1982026703028,0,0
"Bckdha",13.4849518795548,-5.13187619893262,0.221897329613361,-23.1272553296361,2.46306699381755e-118,2.15003506818187e-117
"Exosc5",19.7932185621629,-5.69842597374667,0.221685243927105,-25.7050305775897,1.02690987142207e-145,1.35024421380937e-144
"Tmem91",36.1704247118448,-7.00929418756733,0.183323017843723,-38.2346650737689,0,0
"B9d2",76.904388934068,-7.89868430226676,0.170502875956656,-46.3258127345295,0,0
"Tgfb1",16.8559631053731,-4.45099506919875,0.172706397473249,-25.7720335454752,1.82574077081053e-146,2.41275109459012e-145
"Ccdc97",16.9622993977383,-5.77996883418422,0.192501396726155,-30.0255942683188,4.54826189395896e-198,1.11464446415332e-196
"Hnrnpul1",1.19299632986749,0.108307978530578,0.21550772897493,0.502571202646647,0.615265780112968,NA
"Axl",1.90105632734441,-0.94691632001068,0.200722879735427,-4.71753056382417,2.38724545916561e-06,4.11607639862741e-06
"Cyp2s1",216.86609110081,-9.62334757957177,0.195141214452431,-49.3147877888072,0,0
"Cyp2b10",79.2618791306054,-8.17168712495871,0.181097814166782,-45.1230577384716,0,0
"Cyp2b13",71.8304129559054,-8.02797124899691,0.198534794640965,-40.4360921394906,0,0
"Cyp2b9",68.208434780969,-7.95243050864223,0.20718180635401,-38.383826498037,0,0
"Vmn1r184",154.458369667184,-9.1419669959914,0.20720929009956,-44.119484177562,0,0
"Cyp2a4",65.4084390517072,-7.89113159267352,0.218175810851456,-36.1686823203612,1.89230992199e-286,8.06355738186759e-285
"Nlrp9c",3.43882910638597,-3.24184411411354,0.248583818687949,-13.0412515634538,7.12772999803611e-39,1.87723262309528e-38
"Nlrp4a",176.839210225673,-9.33821741964552,0.194419139596939,-48.0313689228596,0,0
"Nlrp9a",98.31352594978,-8.48553575909376,0.177137199882781,-47.90374785595,0,0
"Vmn1r185",421.705058678518,-10.5961544809629,0.188291271496561,-56.2753355306565,0,0
"Cyp2b23",61.2945741398199,-7.79613445324109,0.184714968155012,-42.2062950886503,0,0
"Cyp2b19",51.5896058181542,-7.54351300704302,0.180565625153135,-41.7771267407376,0,0
"Cyp2a5",29.2335395576889,-6.70498034389029,0.297220970893738,-22.5589073467075,1.09801421209393e-112,8.72394853444489e-112
"Cyp2a22",24.1916799775442,-6.4226813017619,0.283576064925595,-22.6488836547157,1.43090652277334e-113,1.15713896961686e-112
"Cyp2f2",7.3414762431832,-4.52863498001655,0.260639536054834,-17.3750884020289,1.27409800052318e-67,4.3089028589122e-67
"Egln2",2.59924586259035,-2.13600002513246,0.234155031002617,-9.12216156956534,7.3640637780051e-20,1.57445885403181e-19
"Rab4b",1.52214454730564,-0.322115610718134,0.194437351107279,-1.65665500421475,0.0975892449575047,0.127513356365
"Snrpa",1.50564661900655,-0.469551072394287,0.197275442631376,-2.38018004740548,0.017304180881279,0.0251294545000074
"BC024978",4.73374773555497,-3.82951668481391,0.261869726006352,-14.6237472472134,1.98185239597056e-48,5.60871212088173e-48
"Itpkc",3.02157900685892,-2.965011776147,0.238010790188641,-12.4574678895734,1.27350175296294e-35,3.2467297438176e-35
"Ltbp4",1.42795479175122,0.672401477252232,0.212360017308558,3.16632803940319,0.00154376591732935,0.0024127120025327
"Shkbp1",1.24424610558853,0.166619865191766,0.21281839537211,0.782920409208207,0.433673851738279,0.461383370238218
"Blvrb",55.8073794825262,-7.30413445500066,0.179932411761199,-40.5937673124423,0,0
"Sertad3",207.843614889962,-9.46916949183827,0.177157710362245,-53.4505073049098,0,0
"Sertad1",38.1880763531806,-6.86103266924478,0.193024036040225,-35.5449653317528,9.9384466707718e-277,3.91537295256067e-275
"Prx",78.7677972466495,-7.93437194464825,0.175576298849704,-45.1904499447287,0,0
"Hipk4",236.440733935134,-9.75907341248433,0.173469374766769,-56.258192119534,0,0
"Pld3",38.5919380956649,-6.36783787610555,0.176630547208886,-36.0517361052776,1.2953928612774e-284,5.4752637537393e-283
"2310022A10Rik",22.2138769777536,-6.18762411082252,0.205564189218999,-30.1006908563752,4.74550736730038e-199,1.17400703589137e-197
"Akt2",1.3066801214126,0.185467340985815,0.20451860742781,0.906848248765239,0.364487051143615,0.399165510745761
"Ttc9b",1.47842294321333,-1.16847601736447,0.175781227302649,-6.64733109043929,2.98455172789185e-11,5.63856678233639e-11
"Map3k10",73.3321841616006,-8.00537967362676,0.18561292868655,-43.1294292389818,0,0
"C030039L03Rik",51.8180105865707,-7.53925413150342,0.199199632276169,-37.8477311697597,0,0
"Zfp60",141.288127880702,-8.98075578104956,0.17800486600486,-50.452304943194,0,0
"Gm10046",173.662977760755,-9.31194240855977,0.174745939425657,-53.2884623194429,0,0
"Zfp607",1.34123852907726,-0.681823755767664,0.194953099574361,-3.49737325159888,0.000469863927941229,0.00075235880486295
"1700049G17Rik",111.202961584321,-8.65398946815687,0.21859339252564,-39.589437577084,0,0
"Zfp780b",69.0713491514098,-7.87675879874673,0.204779036014273,-38.464673689536,0,0
"Gm4636",14.3737643583258,-5.63404938551741,0.19539591955571,-28.8340176106445,8.03847853603025e-183,1.68179791415142e-181
"Psmc4",91.0152993648684,-7.8366911082298,0.152123003490353,-51.5154902836687,0,0
"Fcgbp",62.3417420694531,-7.82088645730524,0.185414882502044,-42.1804676721084,0,0
"9530053A07Rik",72.2747889837889,-8.03703269042844,0.175663920268703,-45.7523245418561,0,0
"Fbl",33.2250765583255,-6.13786090414113,0.196047182239505,-31.3080801979734,3.62250931626082e-215,1.00582439525965e-213
"Dyrk1b",29.6078129559723,-6.68101734640477,0.172555306002565,-38.7181217499359,0,0
"Eid2",96.2306263863901,-8.44377293295754,0.186629864985535,-45.2434176792229,0,0
"Eid2b",15.5588976940829,-5.70012618476105,0.241973103574065,-23.5568585953038,1.06778407513395e-122,1.00610701664246e-121
"BC089491",43.6615794748588,-7.29834282748942,0.180254568312247,-40.4890866058208,0,0
"Dll3",41.624006709565,-7.22791916038491,0.177532140626591,-40.7132992081001,0,0
"Timm50",230.879159995353,-9.54385017480588,0.177935532221389,-53.6365618247137,0,0
"Supt5h",132.955627312779,-8.65139950404112,0.170453346247726,-50.7552341710423,0,0
"Rps16",121.815574644842,-3.9795320275293,0.188844364030132,-21.0730780765812,1.40495083542886e-98,8.48824463071603e-98
"Plekhg2",160.576606190834,-9.1048760467522,0.182637582351131,-49.852149429177,0,0
"Zfp36",53.4204069892057,-5.89394089376748,0.208189318754499,-28.3104864794611,2.56738163733656e-176,5.02879255043033e-175
"Med29",50.7105998683643,-7.23388190712142,0.288039929802608,-25.1141635539169,3.48309004700305e-139,4.2136106709979e-138
"Paf1",1.82268058875383,-1.58450288359345,0.223287857025642,-7.09623400349752,1.2820233702445e-12,2.47903759684248e-12
"Samd4b",1.69834810499638,-1.30662215515371,0.218892082030155,-5.96925271592831,2.38342697287262e-09,4.35931632739842e-09
"Gmfg",13.7465369541792,-4.02812101491688,0.275390461321296,-14.6269445774932,1.89090071005062e-48,5.35276665209557e-48
"1700028B04Rik",3.69083205546657,-3.37677708303851,0.255798343191201,-13.2009341456699,8.66537584789663e-40,2.30194717180766e-39
"Nccrp1",69.1380848597973,-7.94063963039347,0.20400744282615,-38.923283976263,0,0
"Pak4",54.2083484184529,-7.52230358951104,0.200106024431173,-37.5915898129213,0,0
"C330005M16Rik",210.815038110726,-9.59293242623895,0.18353999455755,-52.266169285687,0,0
"Fbxo27",344.945795217398,-10.3056338481098,0.182863249671808,-56.357052970489,0,0
"Mrps12",1.68457391855548,-0.437530457651273,0.191124875710061,-2.28923867720397,0.0220654885043453,0.0316651134000501
"Sars2",1.16906276347785,0.0466695110406926,0.213902126437598,0.218181613329158,0.827287610436509,NA
"Nfkbib",1.37335107131226,0.426085852775285,0.209384385290006,2.03494569179616,0.0418563377759541,0.0584271132320483
"Sirt2",1.38453938292647,0.420599640980517,0.205348250145281,2.04822607781146,0.040537852345398,0.0566174151820676
"Gm19897",2.66648289188505,-2.60871590211509,0.232479407471517,-11.2212773186576,3.20605871680768e-29,7.69454092033842e-29
"Rinl",1.40351734518599,0.194856070307372,0.199277866368883,0.977810902223706,0.328167857927115,0.368394885673019
"Hnrnpl",17.7281176348083,-5.52938588157213,0.294122375275382,-18.799609776016,7.60739883208741e-79,3.06764170749295e-78
"Ech1",1.52174736898954,0.65874869020951,0.205896935599924,3.19940988091983,0.00137709232596988,0.00215868526773656
"Lgals4",19.1567345628644,-6.04993453336817,0.286676375757005,-21.1037080310247,7.35370956021803e-99,4.48177045001029e-98
"Lgals7",73.4942446939276,-8.06140238357359,0.245780576088877,-32.7991841823111,6.04794192582205e-236,1.97932644845085e-234
"Actn4",24.8011680375895,-5.7973144486129,0.23316830639438,-24.8632180687857,1.86073996404824e-136,2.16326561521866e-135
"Eif3k",13.3182465672546,-3.66531088561847,0.245290828060692,-14.9427147953187,1.73749978963959e-50,5.00952714825663e-50
"Map4k1",1.33070657683741,0.26228079322669,0.212750399798257,1.23280987239225,0.217646707177936,0.260070003769904
"Ryr1",1.41629282479559,-0.488838177468043,0.201725075837854,-2.42328909996777,0.0153806810836859,0.0224265796806816
"Rasgrp4",1.52149358392303,-0.759999720650765,0.195215822329699,-3.89312562670871,9.89608718869888e-05,0.0001623941374568
"Fam98c",2.68849042444187,-2.3445184030619,0.228693396764191,-10.2517975430632,1.16162855967729e-24,2.63352924278631e-24
"Spred3",1.38730378512593,-0.924180880221964,0.194965228386702,-4.74023438881575,2.1347112709243e-06,3.68674700884196e-06
"Ggn",27.6226355412595,-6.62068782854004,0.283663158286413,-23.3399637391584,1.7427628845311e-120,1.58350256871233e-119
"Psmd8",2.03488736068239,0.0780375850906708,0.184877923955026,0.422103317806913,0.672949606340762,0.687503071748464
"Kcnk6",2.60290746294678,-2.55311941979594,0.230561280226897,-11.0734960236316,1.68688640820049e-28,4.0143820610014e-28
"Yif1b",1.39886168186756,0.177091060888119,0.198886694798595,0.890411804909588,0.373244805972355,0.408499399764272
"2200002D01Rik",3.14686318641313,-3.01162250221973,0.251619190637898,-11.9689698332816,5.16661197239673e-33,1.2861094180215e-32
"Spint2",1.59084691317254,-0.344650055628695,0.191754881403933,-1.79734697289238,0.0722805533977776,0.0972857126374849
"Ppp1r14a",2.21890282844177,-1.30290643615583,0.22663566560683,-5.74890290399451,8.98243800143167e-09,1.625808819954e-08
"Zfp84",1.35480101076234,-0.577734941507999,0.203552498340681,-2.83826013543228,0.00453601979117729,0.00689416896489896
"Mir1964",4.3231877978589,-3.66764930055247,0.252847866622572,-14.5053598811937,1.12048274010205e-47,3.15305655166185e-47
"Zfp30",3.51851197975706,-3.2721228694365,0.244728533904174,-13.3704183048705,9.00330984646568e-41,2.40703085267866e-40
"Zfp940",9.60743773066597,-5.00628018865436,0.278091135347659,-18.0023005134475,1.86892185397267e-72,6.80318833872897e-72
"Zfp27",19.4003764671102,-6.09021044108986,0.295293222089869,-20.6242811737696,1.66182111345838e-94,9.1844427869272e-94
"Zfp383",4.86636587465966,-3.84185624263679,0.266632818900623,-14.4087898049365,4.55624031829832e-47,1.2762851870951e-46
"Zfp74",1.17740167544102,0.087878793007191,0.215895841913228,0.407042545277508,0.683976740539048,NA
"Zfp14",2.43052584145446,-2.47144858871375,0.238963087685101,-10.3423864022487,4.53111152925872e-25,1.03466326258664e-24
"Zfp82",1.71137478313751,-1.57463534311782,0.219627756245342,-7.16956440313868,7.5236769083409e-13,1.45998488704608e-12
"Zfp260",1.24090879516408,0.177766752118062,0.214078128671771,0.830382595461762,0.406322502751891,0.436795720715753
"Capns1",2.10910010459807,1.36261752475259,0.199508497782964,6.82987211018405,8.49903657956611e-12,1.62123043834588e-11
"Tbcb",2.6373271136164,-1.6385334042008,0.226201937342958,-7.24367537894481,4.36685920377299e-13,8.49767196409879e-13
"Polr2i",2.22772775643313,-1.57180653552555,0.215622333041127,-7.28962771785678,3.10812668549654e-13,6.06293770489236e-13
"Wdr62",18.5180837979241,-6.00961336042742,0.269816927939748,-22.2729293017872,6.76323479695938e-110,5.05065602863061e-109
"Clip3",24.1402341981376,-6.40870171087846,0.289340984580752,-22.1493049806425,1.05940659911099e-108,7.77792186689079e-108
"Alkbh6",1.24003131302635,0.215950838628597,0.213217852958262,1.01281780879235,0.31114719269259,0.351037806053935
"Sdhaf1",1.29115669818812,0.26233133698923,0.212418002596513,1.23497695008237,0.216839082755449,0.259521314600617
"Tyrobp",9.6527099508731,0.860909967648254,0.27287200714682,3.15499554772959,0.00160500554634106,0.00250467233240668
"Hcst",2.2301809978765,1.14619340180184,0.207811017125443,5.51555647846117,3.47678064434591e-08,6.22813828534168e-08
"Nfkbid",1.25655460574087,0.216013930275489,0.213334611290474,1.01255923250713,0.311270740771738,0.351037806053935
"Nphs1as",28.9964115420125,-6.69287150994474,0.276876692851403,-24.1727515632265,4.30508301099327e-129,4.4588359756716e-128
"Prodh2",19.8209127491911,-6.12324101285509,0.265119561288896,-23.0961494621014,5.06147413533933e-118,4.39250124463363e-117
"Lin37",1.26394821384168,0.225339803590764,0.213062388738791,1.0576235670906,0.290227093790083,0.331827717078859
"Psenen",2.02188338192413,1.06651656842273,0.201646777631608,5.28903353155073,1.22964349839169e-07,2.18176038803692e-07
"U2af1l4",1.30704692215761,0.316096150548904,0.211395328638031,1.4952844634053,0.134840218099678,0.170882100887308
"Tmem149",4.06977558352949,-3.42446167367593,0.260875555106169,-13.1268016747766,2.31217487934136e-39,6.12356817359811e-39
"Wbp7",1.21258786447615,0.0869507724593063,0.211700014879379,0.410726340802802,0.681273209945689,0.695394242455318
"Upk1a",14.9471733462999,-5.69435936359355,0.288924777685342,-19.7087955183791,1.81229352316313e-86,8.50352556486431e-86
"Cox6b1",3.9237047085515,0.735702658813383,0.18937483807734,3.8849018501229,0.000102371236946245,0.000167884969167263
"Rbm42",1.44879691080115,0.497693424388863,0.208141598089828,2.39112906288955,0.0167966472012118,0.0244195789974448
"Haus5",1.18451509556508,-0.0130709023369503,0.211191671300003,-0.0618911828127102,0.950649489134211,NA
"Atp4a",17.5897550207394,-5.94250504837297,0.281661531856725,-21.0980356784958,8.29094618547523e-99,5.04120432011423e-98
"Tmem147",1.46177732307923,0.419662668026225,0.203423705267865,2.06299785697847,0.0391128317873943,0.0546637167149126
"Gapdhs",15.3381772903068,-5.73388093753069,0.284654005788273,-20.1433347886753,3.07891054179269e-90,1.56875676214328e-89
"Sbsn",19.604692251072,-6.06353349765007,0.300577816149355,-20.1729241875826,1.69324727927938e-90,8.65695474812771e-90
"Ffar2",2.17798759484768,-2.17516997518106,0.234974093414496,-9.25706295350632,2.10132734153709e-20,4.52326957642211e-20
"Ffar3",2.67604012948506,-2.73223920069101,0.247799818357851,-11.0259935572081,2.86338895363695e-28,6.7971306675693e-28
"Ffar1",7.36906499435066,-4.57948087020044,0.260390854611084,-17.5869497300137,3.10128069242642e-69,1.07280882799642e-68
"Cd22",1.45047243532352,0.216021200679206,0.21445362382967,1.0073096309661,0.313786003012651,0.353009253389232
"Usf2",1.51298496871712,0.637670106202138,0.206253652871634,3.09167909185591,0.00199027883531651,0.00308836370997389
"Lsr",1.19226401210864,0.187328902837584,0.213705826464053,0.876573680451778,0.380718240041143,NA
"Fxyd5",4.09168933408433,2.54209948189366,0.22073192815079,11.51668226337,1.08716913054177e-30,2.64693230477053e-30
"Fxyd1",17.5976251871776,-5.50633557878996,0.279963557731302,-19.6680440247682,4.05108591611859e-86,1.8889386763858e-85
"Scn1b",24.7934905313227,-6.39561216566635,0.293366495856371,-21.8007586278617,2.28203404174065e-105,1.56430961232911e-104
"Gramd1a",1.42157300005249,0.48990908410878,0.208691265342128,2.34753037366285,0.0188983322500507,0.0273115432849569
"Abpe",11.1959741272023,-5.24741609384493,0.28020345181834,-18.7271643507337,2.97337342760225e-78,1.18616807734686e-77
"Gm5325",53.2746138283243,-7.59062290355864,0.236573121596543,-32.0857367579731,6.97133970498281e-226,2.1406113682359e-224
"Gm4684",9.31695276245418,-4.9576552194096,0.24100643386602,-20.5706343182757,5.03037885218607e-94,2.75102960800537e-93
"Abpz",70.3934667011022,-7.99847509494567,0.260838830695592,-30.6644339480274,1.69692701801281e-206,4.39600944616719e-205
"Abpg",58.5904189146426,-7.73005208026171,0.24506177452577,-31.5432796290668,2.21699117056915e-218,6.39375354164142e-217
"Abpa",1.45264213838661,-1.10346715144547,0.196473422628837,-5.61636854838153,1.95012481657014e-08,3.51143550965717e-08
"Gm12776",1.43806421454653,-1.06561141060225,0.196640312141488,-5.41908929556377,5.99033939862023e-08,1.07032591685085e-07
"Uba2",1.36974932163666,0.401466421976119,0.209794100018507,1.91362112633627,0.0556685836483477,0.0764204894269407
"Pdcd2l",1.24764113742677,0.177680730948143,0.214125651082101,0.829796570612716,0.406653810096515,0.436821255006443
"Gpi1",2.16537141318893,1.27054329074303,0.200185427060564,6.34683208163117,2.19793805445522e-10,4.09392922185771e-10
"4931406P16Rik",1.53058438174952,-0.654308477742396,0.192277240189991,-3.40294294371953,0.000666642003003319,0.00106012833379355
"Lsm14a",1.5340376196705,0.60290937025005,0.205423751319384,2.93495453362971,0.00333596564916094,0.00510367546559792
"Chst8",10.1917433697846,-5.04437403398657,0.288350029145614,-17.493925868269,1.59389196066276e-68,5.45760317130838e-68
"Pepd",53.3322058928342,-7.37186288118474,0.275816480605502,-26.7274198590354,2.26029896214539e-157,3.44489360070041e-156
"Cebpg",1.39636243732747,0.5129719518994,0.207886926613767,2.46755272327658,0.013604018585196,0.0199390641624942
"Cebpa",1.24254066738337,0.307134479783762,0.211432251733234,1.45263779421541,0.14632434671537,0.183714983016129
"Rhpn2",2.40101764305287,-2.45596702513436,0.243017252107869,-10.1061426867102,5.18871063677072e-24,1.16745989327341e-23
"C230052I12Rik",1.90655243543305,-1.83447357413665,0.228219206649566,-8.03820853234983,9.11613966583293e-16,1.84872762453955e-15
"Tdrd12",5.9122683006931,-4.21358099987019,0.269191254780353,-15.6527410346531,3.18213101422789e-55,9.49998506964231e-55
"Nudt19",7.2008260821732,-4.27375971138806,0.265895777130378,-16.0730635044741,3.9411792460231e-58,1.2052112281336e-57
"Pdcd5",1.81912612847902,0.527878770715896,0.190116167165304,2.77661168214543,0.00549287604107512,0.00830373962768959
"C80913",1.29957460082629,0.289498407270619,0.211805440954563,1.36681289189697,0.171683960847415,0.211829792717247
"1600014C10Rik",1.20857385773831,0.215945223185491,0.21310101963427,1.0133467383502,0.310894570247258,0.351037806053935
"Pop4",4.90730252127295,-3.73731568850296,0.258340714539728,-14.4666151255389,1.96927487291809e-47,5.52667464335078e-47
"Gm5114",2.16940862735173,-2.25673599218304,0.225561274639067,-10.0049797811888,1.44921291548676e-23,3.24325462758453e-23
"Zfp939",2.3192282016875,-2.41596819175063,0.229251906690284,-10.5384867965987,5.7415268305244e-26,1.32496773012101e-25
"Zfp619",135.223615553345,-8.9382302639618,0.234665930682989,-38.0891688791267,0,0
"4933402C06Rik",26.7202174158179,-6.57112693844231,0.29161692823142,-22.5334207389621,1.95278105814161e-112,1.54213572216327e-111
"A230077H06Rik",78.7610347178635,-8.16239905936827,0.246960350596076,-33.0514555865632,1.48246870086818e-239,4.94471988404595e-238
"AI987944",2.90323631747323,-2.72745704028525,0.245291642274365,-11.1192416300695,1.01127929956199e-28,2.41099700557824e-28
"Vmn2r57",9.76378704394743,-5.03198725302054,0.286799606363105,-17.5453073901704,6.46023265201994e-69,2.22516756473402e-68
"AW146154",1.20865954115294,-0.0109123643552986,0.208550747265533,-0.0523247434899124,0.958269937864993,0.960570153750411
"Zfp788",23.301494718729,-6.32236467843327,0.281079766751858,-22.4931333603061,4.84543953024172e-112,3.78357432279159e-111
"Vmn2r-ps54",1.81816927512264,-1.80600554555746,0.220494712061069,-8.1906977662905,2.5971602930965e-16,5.31029249117264e-16
"Vmn2r58",2.55590686391943,-2.63579536532555,0.233571906936839,-11.2847276878991,1.56124314732059e-29,3.75475200599562e-29
"Vmn2r59",18.0699792921695,-5.98340198468855,0.284040515628952,-21.0653116561188,1.65533185995665e-98,9.97786640759087e-98
"Vmn2r60",31.5774728313445,-6.81946836510396,0.309657105844095,-22.022644520024,1.74762059442521e-107,1.2505249489924e-106
"4933421I07Rik",12.5210835141585,-5.42167808793902,0.267759792843236,-20.248290568081,3.67782632003387e-91,1.89987663439652e-90
"9830147E19Rik",13.9511786414248,-5.56589380466129,0.291532937651334,-19.0918180617997,2.95310725323799e-81,1.24668175187241e-80
"Vmn2r62",4.64543333048953,-3.79699909623252,0.264550731775333,-14.3526312354225,1.02570592434471e-46,2.86473243717462e-46
"Gm9268",34.8200169611698,-6.96436374200352,0.286538500427561,-24.3051587539252,1.72896921660366e-130,1.84188149197369e-129
"EU599041",484.898222937943,-10.7979525922329,0.226834448728047,-47.6027898442295,0,0
"Siglec5",1.2152995894369,0.125114293985877,0.209559968358259,0.597033369331228,0.550485101899112,0.569195319323794
"Siglecg",1.22508589748225,0.158296260861097,0.214480547174289,0.738044838781874,0.460487202127145,0.485759357622077
"Nkg7",3.89262106064578,0.970838679023718,0.269393838185142,3.60378947627044,0.00031361110542438,0.000505730605596312
"Cldnd2",20.7415581965384,-6.19167993381003,0.289498160249532,-21.3876313703449,1.74181581183865e-101,1.10949097471602e-100
"Etfb",5.72930164441547,-3.28018241076191,0.253357300925138,-12.9468635748182,2.44750965472664e-38,6.41687614147316e-38
"Zfp658",20.1547833913907,-6.11595410492621,0.29518351528743,-20.7191587205366,2.32715984644479e-95,1.30691494335038e-94
"Zfp719",15.2701740337285,-5.66132515794221,0.270479624150654,-20.9306899760734,2.81393819189885e-97,1.64672167732197e-96
"Siglece",1.18899509088392,0.147303113892844,0.213059681245996,0.69137019745547,0.489332927902521,NA
"Ctu1",3.2334523813687,-3.07611923416629,0.248948743388555,-12.3564360771451,4.49653868580217e-35,1.13969079581876e-34
"Klk13",2.57650452761631,-2.65140642365256,0.23631825799846,-11.2196427229497,3.26587178747779e-29,7.83629084377572e-29
"Klk12",11.0017443577526,-5.21992251899101,0.274323730556397,-19.0283301718145,9.93689561536945e-81,4.15796353605038e-80
"Klk11",10.2455480835423,-5.10829293991345,0.27969686175599,-18.2636762809658,1.61071776360288e-74,6.05759850576877e-74
"Klk10",3.11807657749,-3.04778068259507,0.244992492878001,-12.440302340663,1.57905090613469e-35,4.02178371799126e-35
"Klk8",1.39382124097931,0.372442046457859,0.20952106351729,1.77758760959671,0.0754716102592714,0.10096407113106
"Klk7",32.1604442029821,-6.84668803197908,0.284383339128536,-24.0755596054258,4.50821072313229e-128,4.60976689025476e-127
"Klk6",12.5822862258798,-5.4291662684773,0.288426384593842,-18.8234036775886,4.85623941480758e-79,1.96737056618514e-78
"Klk5",2.28747456087471,-2.38343505317763,0.238193280413857,-10.0063068489441,1.42991116485881e-23,3.20074454569596e-23
"Klk15",15.7945194673164,-5.77874001512391,0.231294606343769,-24.9843267271658,9.05046498698848e-138,1.07371425527454e-136
"Klk1b11",81.8608394017855,-8.21867813717516,0.290700876787774,-28.2719413439375,7.65021915020116e-176,1.49286519491776e-174
"Klk1b26",21.2055065405409,-6.22508633005373,0.29515758288089,-21.0907213336472,9.6774734470818e-99,5.87058819218675e-98
"2410002F23Rik",1.19676171548321,0.07719782404056,0.213261847298804,0.361986098396668,0.717362418877986,NA
"Snord88a",3.97883690681184,-3.51599721611842,0.25939976017105,-13.5543580063449,7.46625142559645e-42,2.00792542203058e-41
"1700008O03Rik",5.75462026263815,-4.16841116970506,0.274007017844847,-15.2127898127973,2.90878294397583e-52,8.49208443375495e-52
"Josd2",1.33022188934602,0.283615927983244,0.209230857768077,1.35551672926572,0.175252982239757,0.215378591475346
"2310044H10Rik",1.75658654421379,0.593037811748944,0.191519013474027,3.09649575251895,0.00195822667436807,0.00304179236429142
"Spib",1.37947627126388,0.193503957998113,0.211810990739277,0.913569014160844,0.360943354278687,0.39557512268208
"Pold1",1.22468157100197,0.168046582081386,0.214254362662618,0.784332136778963,0.432845247198631,0.461156984598221
"Nr1h2",1.38494973308658,0.425070168272054,0.206571324176092,2.05774044373023,0.0396150558066756,0.0553508006720681
"Napsa",2.38028206022035,1.2455297775973,0.216682203614839,5.74818677684893,9.02055627268902e-09,1.63242516011221e-08
"Vrk3",1.36614789098173,0.359413957321864,0.210646146834751,1.70624510688923,0.0879624536725143,0.11614068557915
"Atf5",1.24789114137817,0.277638605688106,0.210592124800271,1.31837126365206,0.187379395579503,0.228349449973615
"Nup62",1.18132991649668,0.108336175268041,0.215425583578937,0.502893730021366,0.615038989610838,NA
"Tbc1d17",1.42696355074493,-0.263722110708002,0.197123755452756,-1.33785047927015,0.18094518272003,0.22219097948684
"Akt1s1",1.25978876723872,0.307288053631787,0.211324464025719,1.45410544419689,0.145917074431487,0.183714983016129
"Pnkp",1.31063180962422,0.307227271236012,0.211554928542575,1.45223405265258,0.146436537244213,0.183714983016129
"Ptov1",1.23193761390917,0.271418218810161,0.212000252432983,1.28027309258021,0.200449107437914,0.242915550177492
"Med25",1.19315753460499,0.158261809270041,0.214308387570112,0.738476972667552,0.460224655282439,NA
"Ap2a1",1.26750323653691,0.289466888898002,0.211700214814005,1.36734338768773,0.171517698098643,0.211829792717247
"Prmt1",1.56834671754992,0.609318579095365,0.207283100453006,2.9395477864029,0.00328691581126007,0.00503158373453888
"Gm15545",2.34690516878947,-2.44375581812608,0.234027699518922,-10.4421648512103,1.59139493041745e-25,3.65628588766684e-25
"Bcl2l12",3.78796800302979,-3.18247877670792,0.227488434614213,-13.9896288886287,1.80350560817837e-44,4.95619861789475e-44
"Irf3",1.43235402932848,0.474189098183424,0.208711824219623,2.27198003733821,0.0230877160821115,0.033064502917585
"Scaf1",1.27443119599357,-0.130769584156409,0.20186592625208,-0.647804146961931,0.517111632870888,0.539432998318552
"Rras",1.31308127752884,0.405251867934901,0.208290669380664,1.94560740113749,0.051701917297734,0.0711907170388213
"Prr12",1.18530643478563,0.138496425511805,0.214762011070262,0.644883258550294,0.519002841611409,NA
"Prrg2",1.76998454643068,-1.63427647759685,0.221834094583449,-7.36711135709606,1.74364833331554e-13,3.41660822068585e-13
"Nosip",67.0403546138421,-7.81268253949224,0.238857894798506,-32.7084961796335,1.18257212745978e-234,3.85814156583755e-233
"Rcn3",29.8988321692162,-6.34064392408143,0.294034233093103,-21.56430514019,3.88711298901984e-103,2.54588830648477e-102
"Fcgrt",1.44408590478193,0.623547807440689,0.206469147523683,3.02005318915343,0.00252730298251395,0.00389882889405722
"Rps11",18.7111298922985,4.302182792244,0.225989478279425,19.0370933416845,8.40653899048317e-81,3.52184057225699e-80
"Rpl13a",28.2792417631712,4.40485274158102,0.208136708559293,21.1632670280562,2.08279307563475e-99,1.27832802525731e-98
"Flt3l",1.24365461287342,0.193497740275217,0.210859817867086,0.917660568203594,0.358796597622564,0.39355289758138
"Aldh16a1",1.19688094367579,0.158243735620965,0.214335453784062,0.738299393904251,0.460332534725918,NA
"Pih1d1",1.27432893488097,0.280380870552347,0.21201924772088,1.32243121115807,0.186024601478146,0.227031556315038
"Slc17a7",14.4147160469725,-5.63887240385583,0.294292250556126,-19.1607913331052,7.86680856144795e-82,3.35085603351761e-81
"Cd37",12.3005539920177,-4.19147584436079,0.260781411809112,-16.07275539803,3.96082037896904e-58,1.21086280399522e-57
"1700039E15Rik",1.28725690252703,-0.624053057861331,0.191516847462947,-3.25847603554599,0.00112012336393179,0.00176221939714405
"Trpm4",130.57450637154,-8.84603590674227,0.268663341592185,-32.9260994608264,9.30230301027457e-238,3.06359758445636e-236
"Ppfia3",24.9707481515329,-6.45941813533931,0.303326547851597,-21.2952614305939,1.25603579295876e-100,7.87568389098464e-100
"Mtag2",2.52289093811665,-2.60364661624119,0.236223481714552,-11.0219635971135,2.99454364137986e-28,7.10523536727403e-28
"Lin7b",14.4177625763968,-5.62826102409841,0.291679831495692,-19.2960239836861,5.80043879594157e-83,2.52424264400292e-82
"Snrnp70",11.5348142990782,-4.8512977295922,0.283529388544679,-17.1103875844875,1.24170481881645e-65,4.10754065540041e-65
"Kcna7",59.1072447903982,-7.74285000502737,0.282370005993124,-27.4209365041977,1.54378504593883e-165,2.63351566660153e-164
"Ntf5",34.8745178831623,-6.96673086423059,0.29079645082112,-23.9574136636079,7.73432446382306e-127,7.74173992351992e-126
"Lhb",9.65664999604246,-5.01472551663326,0.283466805804899,-17.6906975135732,4.94593884272751e-70,1.7356504711958e-69
"Ruvbl2",1.88893466145828,-1.51552054994078,0.215491282608186,-7.03286245085076,2.02338817100153e-12,3.90176810218987e-12
"Gys1",46.9657700131033,-7.38390513177013,0.276222307566043,-26.7317480504528,2.01303766589564e-157,3.07253117426176e-156
"Ftl1",35.0770229448438,-0.645679780320272,0.277521677639295,-2.32659223529012,0.0199869782001971,0.0288249830653485
"Bax",26.5886720586588,-5.56639892389361,0.292878963644743,-19.0057997154263,1.52700913003617e-80,6.37424043085868e-80
"Nucb1",1.39578464696446,0.453336877105217,0.207666418074758,2.18300523169818,0.0290354247420491,0.041152570500542
"Ppp1r15a",1.48484030958785,0.659022229214663,0.205749190255747,3.20303680610114,0.00135986600023895,0.00213296289700942
"Bcat2",1.25900893274488,0.289401617349272,0.211743385262984,1.36675635458381,0.171701687324004,0.211829792717247
"Rasip1",1.31108235548353,0.450413688383914,0.209287907737703,2.15212476082665,0.031387529455045,0.0443143763948704
"Mamstr",23.3019534756301,-6.35563119661944,0.288671723666445,-22.0168124397361,1.98762369582006e-107,1.4203142631322e-106
"Fut2",28.493820398009,-6.66685675917968,0.259901280471637,-25.6514963954062,4.06859419686006e-145,5.32950105586186e-144
"Sec1",26.4603832633513,-6.55658829313177,0.287482343766029,-22.8069251392633,3.91415557474063e-115,3.22778706163445e-114
"Ntn5",38.6214554842744,-7.1174836607257,0.26368613894284,-26.9922556007716,1.82207228429252e-160,2.90862915107246e-159
"Sphk2",1.2088071049264,0.177741315506829,0.213921483929205,0.83087173967833,0.406046089989098,0.436795720715753
"Rpl18",12.2695065728713,3.65606690372069,0.216449480814674,16.8910865018478,5.23303887092862e-64,1.70302137819497e-63
"Fam83e",4.56871433031604,-3.76692467115157,0.262317189073457,-14.3601899839538,9.19746736852751e-47,2.57154684861883e-46
"Lmtk3",2.3342467048671,-2.42447397853024,0.237773189286006,-10.1965826585013,2.05371870680655e-24,4.63986654383474e-24
"Cyth2",1.27949757660982,0.271432453271414,0.212155928755278,1.27940074483853,0.200755971706846,0.242915550177492
"Grwd1",3.23074099579554,-2.99318507463123,0.249337195752168,-12.0045670105569,3.36218913085544e-33,8.38940117737353e-33
"Grin2d",2.97068783987414,-2.95201990961838,0.242965923605938,-12.1499338911666,5.74120003754613e-34,1.44290150197356e-33
"Kdelr1",1.80462347003762,-0.29171686849945,0.193164283097726,-1.51020087058156,0.130992176627677,0.166938271971795
"Syngr4",21.1470086341335,-6.22083410504795,0.283492968433309,-21.9435217015317,9.98619077787482e-107,7.03006282677094e-106
"Tmem143",18.7783897985149,-5.94569705708019,0.287305518221829,-20.6946845082506,3.86750908907629e-95,2.16613706491183e-94
"Emp3",3.21314107715312,1.3355770176707,0.208778590450527,6.39709758931047,1.583581245793e-10,2.95752919607851e-10
"Ccdc114",11.3017305057715,-5.25114853345913,0.289061426776314,-18.1662029141047,9.5588832215456e-74,3.5400759429917e-73
"Nomo1",37.5777385100435,-6.96250834225682,0.286778044015652,-24.2783870228113,3.3166545224596e-130,3.515317077612e-129
"Abcc8",20.9748437755257,-6.20857927481285,0.263125667033673,-23.5954908724975,4.28764035126268e-123,4.06566442027088e-122
"Ush1c",10.8653539493363,-5.20040396621882,0.231096337664836,-22.5031864146679,3.86289786707974e-112,3.02540538126875e-111
"Otog",14.8994021181602,-5.6894315453598,0.272207634013857,-20.9010726902324,5.23552040629446e-97,3.03828977441435e-96
"Myod1",9.39899062714492,-4.97174157944496,0.283460341118106,-17.5394609342315,7.16033846753466e-69,2.46549912932262e-68
"Kcnc1",2.39888435305246,-2.4743937290396,0.230760913555589,-10.7227592875842,7.95927873382979e-27,1.85479620493712e-26
"Sergef",21.8841163144578,-6.18715809145389,0.28951124126046,-21.3710461276617,2.48502336798763e-101,1.57904102019421e-100
"Saal1",1.18104315394289,0.0363108660670065,0.21418383984219,0.169531305880781,0.865378750200873,NA
"Saa4",7.10320919307056,-4.51954700916749,0.265222771783825,-17.0405692496542,4.10714439955603e-65,1.34923182918077e-64
"Hps5",1.17329805122285,0.128508212792789,0.214921134516327,0.597931948768055,0.549885341059806,NA
"Gtf2h1",1.52099434932952,-0.910833627790041,0.202544066348729,-4.49696524914149,6.89302489436734e-06,1.17452554100204e-05
"Ldha",2.48534596642708,1.42804106427777,0.205601529314643,6.94567335679863,3.76659373452927e-12,7.22986552463424e-12
"Ldhc",39.9127972100667,-7.16600114252572,0.262712975187639,-27.2769212765662,7.96905741797496e-164,1.32479234782896e-162
"Tsg101",1.40396157460637,0.25149321445449,0.202369783162143,1.24274093950572,0.213963312506647,0.257912132844867
"Uevld",4.39793339408457,-3.58939759763675,0.25680498021991,-13.9771339113558,2.1497230255571e-44,5.90297432583275e-44
"Gm9999",133.756730211712,-8.93305684177058,0.253530128503034,-35.2346953575724,5.88637488284373e-272,2.24283772908352e-270
"Tmem86a",1.19976792249565,0.136472769362905,0.211918880577762,0.643985892105669,0.51958458239987,NA
"Mrgpra2b",3.11259662070767,-3.00693524281694,0.245660725611647,-12.2401952340174,1.89576073352095e-34,4.7829246152631e-34
"Mrgprx1",44.409356731198,-7.32329254224375,0.251382976178702,-29.1320146398371,1.41182736686418e-186,3.05798292739877e-185
"Zdhhc13",1.20836717944323,0.118423445621596,0.21532408706686,0.549977697501274,0.582334670680291,0.600036908991535
"E2f8",2.48729548306294,-2.53344105205289,0.237728704621054,-10.6568580184343,1.61977406857725e-26,3.76205590121167e-26
"Nav2",15.7595359637523,-5.76406007024798,0.281174890885558,-20.4999104012955,2.15690211299887e-93,1.1613232624914e-92
"Dbx1",2.40249174689124,-2.50017699254156,0.229159092685544,-10.9102238241637,1.03002430866677e-27,2.42851259766962e-27
"Htatip2",2.02923212186283,-1.70389915635849,0.221279974934631,-7.70019590277813,1.35857784980081e-14,2.70472020440894e-14
"Prmt3",20.4188588288065,-6.029167231653,0.288232614085565,-20.9177134613336,3.69405796227025e-97,2.15452319140232e-96
"1700081H22Rik",69.1261472117938,-7.97189258327673,0.272314453614769,-29.274584868544,2.18510375728404e-188,4.82293514292714e-187
"4933405O20Rik",2.2260425761302,-2.32357710354993,0.238423689612511,-9.74557984286812,1.92675728122329e-22,4.25811727687788e-22
"Ano5",46.3979823796171,-7.3876592183651,0.279152166439772,-26.4646315039758,2.47618909854857e-154,3.60549709746821e-153
"Slc17a6",2.24797934847932,-2.34376540577784,0.232928446923335,-10.0621690340349,8.11895334499627e-24,1.82322806886989e-23
"Fancf",154.842697443452,-9.13481569382984,0.295175866870249,-30.9470275828655,2.78570693317382e-210,7.36272921071763e-209
"Svip",1.56450621860451,-1.20196493266304,0.214131695546855,-5.61320419937568,1.98613985062703e-08,3.57443544915466e-08
"Luzp2",26.8612288193308,-6.57894018796113,0.293586193876688,-22.4088881738234,3.22386231272058e-111,2.47478842241197e-110
"Tubgcp5",1.17350967407279,0.108336763456555,0.215396511101287,0.502964337271047,0.614989345852633,NA
"Cyfip1",101.474900326217,-8.11664542162481,0.256634197875432,-31.6272947596975,1.55649947047639e-219,4.5390654949088e-218
"Nipa2",1.24405591963951,0.196959913795452,0.213667976809915,0.921803616695787,0.356631020611318,0.392000127749348
"Herc2",4.50128707098543,-3.5043547613486,0.262928679836525,-13.3281571395233,1.58771339106769e-40,4.2393165735925e-40
"Oca2",33.5193015812832,-6.9080389828268,0.261042446087851,-26.4632786213702,2.56658013434761e-154,3.73190760481742e-153
"Gm9962",44.5514037307231,-7.32800491569011,0.253873531025662,-28.8647851002214,3.30538261173705e-183,6.94329868541949e-182
"Gabra5",17.4731288687186,-5.93252488506291,0.256558984707087,-23.1234345265127,2.69104425787625e-118,2.34707619483944e-117
"Gabrb3",9.39308235743365,-4.97064092017223,0.202812531885923,-24.5085492200654,1.19753891212502e-132,1.31051428119342e-131
"Ube3a",46.2899734177125,-6.93695310163184,0.248581913826024,-27.9061054557928,2.24964670635867e-171,4.19398421685437e-170
"C230091D08Rik",38.0753939888102,-7.0965620542156,0.200369412768858,-35.4173920866956,9.21911910645145e-275,3.56472605449456e-273
"Snord116l2",26.2386823935663,-6.54404956508765,0.281991320750504,-23.2065637611506,3.90887824712488e-119,3.46129676844646e-118
"D7Ertd715e",59.0271991997769,-7.74096816359869,0.211500909486364,-36.6001648995167,2.84285177328557e-293,1.29040750056962e-291
"Snrpn",85.4350145562055,-8.28098251567198,0.277277474986755,-29.8653272000098,5.55215577931705e-196,1.31737514400159e-194
"Klf13",2.1835556668954,1.42456694145235,0.203377864081972,7.00453290667945,2.47811176083344e-12,4.7733370448526e-12
"Mphosph10",1.2711011100182,0.215943225432504,0.213423235216267,1.01180747828925,0.311630113650179,0.351037806053935
"Mcee",35.3820290355698,-6.66758142607164,0.277840609085216,-23.9978649918185,2.92723871672602e-127,2.95554856891872e-126
"Ndnl2",1.30322422765421,0.280501241965712,0.212067951367493,1.32269510860522,0.185936790848185,0.227031556315038
"Tjp1",1.21601549710588,0.0671024183209449,0.208093701063433,0.322462515578451,0.747102330594104,0.759247379675114
"Tm2d3",1.31894245897597,0.333578928253992,0.211017553586574,1.58081127652319,0.113921195406977,0.147046970803584
"Snrpa1",1.37386298459058,0.401490892361652,0.209874556505446,1.9130041251629,0.0557475243543141,0.0764764181852583
"H47",1.60818479233585,0.726321988016529,0.206002006668614,3.52580054807392,0.000422204809803909,0.000677396375342371
"Chsy1",1.28750296509618,0.307310987773678,0.211437227263642,1.45343841172534,0.146102067986451,0.183714983016129
"Lrrk1",1.23160874849324,0.165274447646995,0.211401030684197,0.781805306776821,0.434329001827256,0.461703979134157
"Aldh1a3",3.05942475877171,-3.01031103700131,0.249794286018411,-12.051160516856,1.91238266419016e-33,4.7832474878163e-33
"Mef2a",1.31187701465227,-0.211646263671987,0.199090046782807,-1.06306802922638,0.287751101687378,0.331763832315431
"Lrrc28",1.18091472262083,0.0569521777827749,0.213701163329257,0.266503826631148,0.789851212716252,NA
"Fam169b",1.2133543287579,0.118495642654686,0.215302421597658,0.550368369177576,0.582066739283853,0.600036908991535
"Arrdc4",1.66842051815501,-1.10354724875662,0.208929842186736,-5.28190342368752,1.27848591870611e-07,2.26726566864138e-07
"Nr2f2",1.40069059963202,-0.299137919403924,0.190247213919124,-1.57236425828076,0.115866098356346,0.149080856154825
"Mctp2",1.38416522600439,-0.846563052145453,0.194121540685018,-4.36099491667999,1.29472374880637e-05,2.18578847631606e-05
"Chd2",14.2180868640702,-5.39637699325931,0.292640796997903,-18.4402757531376,6.24220903985699e-76,2.41186759349027e-75
"1810026B05Rik",6.55786466953299,-4.01938116907917,0.25311530396324,-15.879644992398,8.76732013146327e-57,2.65153019039619e-56
"Fam174b",1.19718817807101,0.187436606362718,0.213727139710461,0.876990197017754,0.380491962660041,NA
"St8sia2",2.17935807098361,-2.24138829380283,0.230573389465877,-9.72093223331193,2.45523232450325e-22,5.41801426079348e-22
"Slco3a1",2.03797282945546,-1.87900692909756,0.227698990438088,-8.25215309686879,1.55565951140329e-16,3.19140996247797e-16
"Akap13",40.3859584824021,-6.34522353199394,0.224123550841667,-28.3112752237115,2.51061746752051e-176,4.92685081972069e-175
"Klhl25",2.18923443332248,-2.15079434059941,0.230597356295544,-9.32705550120383,1.08852865656007e-20,2.35138406258787e-20
"Ntrk3",15.3047723936364,-5.72985272619848,0.286601245515323,-19.9924208839216,6.41087547422495e-89,3.15854365034962e-88
"E430016F16Rik",8.73272403014469,-4.85447372593458,0.2834099288151,-17.1288061298011,9.04926606278031e-66,3.00204441358203e-65
"Mrpl46",1.44075190753178,-0.295612908514238,0.195149324574939,-1.51480364668503,0.129822136711002,0.165507767402962
"Mrps11",5.79437450344832,-3.84404587043756,0.255273999514317,-15.0585092009026,3.03555145415884e-51,8.79576940921961e-51
"Det1",1.17337542099505,0.0773877227573636,0.214636171292407,0.360553033961528,0.718433604225008,NA
"Mir7-2",2.10501199833785,-2.18417731296074,0.22429991823158,-9.73775349621693,2.08103917309386e-22,4.59616013689441e-22
"Aen",19.3210653796841,-5.92637279733537,0.290348705583592,-20.4112251350442,1.32911113704514e-92,7.04361435063517e-92
"Isg20",2.23437907106079,-2.13707823089115,0.226149839534049,-9.44983306331019,3.39371508336593e-21,7.37518431938807e-21
"Mfge8",11.8789361664571,-4.63768309981741,0.285625249134939,-16.2369507382956,2.76322142414711e-59,8.52987334952567e-59
"Polg",24.7674544123986,-6.3411843578113,0.271121224816796,-23.3887419256689,5.56393678232609e-121,5.10434973703729e-120
"Rhcg",12.5979481516126,-5.431028269761,0.294886370177866,-18.4173594272437,9.53425602206703e-76,3.67433122445108e-75
"5730590G19Rik",72.5889894938939,-8.04330858119003,0.253288149569767,-31.7555661204534,2.66037517261592e-221,7.84585220398593e-220
"Kif7",35.2039401164437,-6.9805789279515,0.288110301017716,-24.2288418820619,1.10523298323383e-129,1.15733524021677e-128
"Plin1",5.6645452689652,-4.14115600857202,0.269775768958352,-15.350363098071,3.52209527595153e-53,1.03521043583711e-52
"Pex11a",6.72236151249945,-4.42833309579713,0.269303327621841,-16.4436627460298,9.31170477988145e-61,2.92197769467876e-60
"Wdr93",13.0614712879962,-5.48694669802029,0.269261813817195,-20.377738009837,2.63556380530964e-92,1.38755855408132e-91
"Mesp1",2.05914514267251,-2.13436044890075,0.224889360842053,-9.49071330412908,2.29458676316628e-21,4.99488861706755e-21
"Ap3s2",1.29384506892108,-0.0343421601406456,0.203439469815064,-0.168807754817018,0.865947858406181,0.872803209283697
"2610034B18Rik",206.321341690857,-9.5299795682327,0.214331492395515,-44.4637391440667,0,0
"Zfp710",17.7575613478451,-5.71386454400166,0.259288087772855,-22.0367414217934,1.28026551541957e-107,9.17992581111283e-107
"LOC100859962",16.8520854245478,-5.87761356886189,0.266568577181772,-22.0491613490287,9.73102840292276e-108,6.9966898434238e-107
"Idh2",1.31783259465583,0.112594257866312,0.203997855728034,0.551938438100156,0.58099053203161,0.600036908991535
"Sema4b",1.18153802396715,0.118480714554005,0.215201994959432,0.550555837441654,0.581938189795241,NA
"Cib1",1.51821785764965,0.502177840885982,0.205802694931949,2.44009361030006,0.0146834564583579,0.021460910741321
"D330012F22Rik",9.75712977517355,-4.97291857953478,0.274324349959601,-18.1278788422068,1.92024645087871e-73,7.08387736649249e-73
"Ngrn",26.5044418390813,-6.36136759726588,0.263124154208205,-24.1762966095171,3.95092791667615e-129,4.09609607250238e-128
"Vps33b",2.42777338354593,-2.43920017783073,0.239702048566149,-10.1759671743381,2.53865328817092e-24,5.72678053770622e-24
"Unc45a",1.23933035170251,0.0475037656453057,0.210004199668545,0.226203884114138,0.821042849815802,0.82994848642319
"Man2a2",1.49883390285198,-0.957111778015306,0.202254966219261,-4.73220408826807,2.22094939954051e-06,3.83314791390361e-06
"Fes",1.3932303556016,-0.00456545652007396,0.196088923700257,-0.0232825823811076,0.981424865194963,0.982742719416402
"Furin",1.27416796145257,0.140108555514839,0.204291230706171,0.685827556231991,0.492821857243171,0.514660417086997
"Blm",1.41458523909343,-0.922212180766637,0.199936833736959,-4.6125176813589,3.97820691951949e-06,6.82314444550411e-06
"Crtc3",27.8623362767865,-6.41011717798887,0.292129277033326,-21.9427413886271,1.01590114545481e-106,7.13793318539653e-106
"Iqgap1",3.12380851769503,-0.683604477932368,0.219930825760341,-3.10827040988466,0.00188185797648535,0.0029262134755
"Wdr73",1.20926954671036,0.108352848433557,0.21552521718305,0.502738611517235,0.61514805918388,0.631479423586992
"Sec11a",1.71210321408603,0.776771686133302,0.202954298047832,3.82732316390873,0.000129544388599354,0.000211716251874962
"Zfp592",1.19273913894945,0.138465482062497,0.214775334961805,0.644699178735406,0.519122148638353,NA
"Pde8a",96.0888090363488,-8.43070874957744,0.269687347985823,-31.2610465879943,1.58013167686307e-214,4.36417320276468e-213
"Rps17",10.4985461566452,3.40072391842477,0.219465647238407,15.4954725772208,3.72213831162575e-54,1.10332549612075e-53
"Cpeb1",30.7972312819025,-6.73982677439256,0.274783243877618,-24.5277939050546,7.46501039695493e-133,8.21229805523809e-132
"Ap3b2",48.9079839212342,-7.46511242306036,0.265454216348448,-28.1220337192207,5.2688424888908e-174,1.01115286000037e-172
"Fsd2",4.47529525079332,-3.71642947986482,0.26160135990042,-14.2064608581526,8.35421431144313e-46,2.31839440221867e-45
"Whamm",32.6142885499046,-6.78307545152235,0.310732383702812,-21.8293161809931,1.22235514799414e-105,8.42335824756357e-105
"Fam103a1",2.05713618696107,-0.76842268095531,0.198565786175621,-3.86986447038605,0.000108895872811395,0.000178416966753133
"3110040N11Rik",1.24393598279892,0.21593462240849,0.21330262662054,1.0123392563404,0.311375871133282,0.351037806053935
"Btbd1",1.7037904049426,-0.833617261920382,0.205528601616556,-4.05596717616761,4.99272711498075e-05,8.27234900498318e-05
"Tm6sf1",1.60932167419506,0.391807354636532,0.193757275091319,2.02215557816794,0.0431602818046022,0.0600951376420441
"Hdgfrp3",8.0951347000344,-4.67574650570902,0.280659139598957,-16.6598761486632,2.56555164313955e-62,8.20347906719048e-62
"Sh3gl3",4.07359366514935,-3.56064513677246,0.260168702391497,-13.6859088124077,1.23256372893719e-42,3.33280635330336e-42
"Adamtsl3",17.4178400681537,-5.92735249009063,0.292336151003455,-20.2758108080194,2.10297651325227e-91,1.09174911975901e-90
"Eftud1",21.0740985914984,-6.16028418916814,0.292579538280871,-21.0550752296778,2.05456987111745e-98,1.23487101061981e-97
"4933430H16Rik",22.5898759106661,-6.31994437746074,0.283739621991475,-22.2737463774115,6.64102126636962e-110,4.96293929999276e-109
"Stard5",1.36499511439412,-0.314145058887579,0.199456145004569,-1.57500817475632,0.115254557642216,0.148403747136745
"Il16",1.5794610318643,0.595132503942496,0.207345147314141,2.87025045751774,0.00410146788076917,0.00624917172726651
"Mesdc1",1.31419227847616,0.347119503933346,0.209350334944207,1.65807952504999,0.0973014159872934,0.127185023526649
"Mesdc2",52.1975192332263,-7.20706365643711,0.264894038740736,-27.2073455888186,5.3170489132216e-163,8.74173081165882e-162
"Fam108c",276.013481029131,-9.70288347594163,0.17140891637528,-56.6066438148309,0,0
"Arnt2",10.7883322068215,-5.18951203049632,0.27030880096167,-19.1984575124219,3.81246498664401e-82,1.63056675381251e-81
"Gm2115",13.2757160553586,-5.50113099991965,0.277853346505142,-19.7986854184527,3.05563985603581e-87,1.45334305681156e-86
"Zfand6",2.99092863571085,-1.85595783445651,0.225490553058953,-8.23075649635433,1.86034797454782e-16,3.8119789704179e-16
"Olfr290",3.9053892038086,-3.48138610639561,0.261262505763514,-13.3252419677351,1.65096642878499e-40,4.40707990706092e-40
"Vmn2r67",60.06403986338,-7.76641188129148,0.244612733506381,-31.7498266339797,3.1927790900292e-221,9.38946864786051e-220
"Vmn2r69",36.1665810143068,-7.02049188758578,0.264639713261561,-26.528489624862,4.54888438481192e-155,6.69821621684576e-154
"Olfr305",12.7089275597752,-5.44455507307865,0.291857508944833,-18.6548397975527,1.15347378391561e-77,4.55801147012829e-77
"Olfr301",14.9296161899563,-5.69263999477678,0.289259792021207,-19.6800251946507,3.1984334547536e-86,1.49470211582935e-85
"Folh1",45.9959693299332,-7.37494235527466,0.206019571685244,-35.7972900096213,1.21701072290575e-280,5.00220155399057e-279
"Tyr",153.347746097572,-9.13145625149489,0.243295077853616,-37.5324331756068,0,0
"Ctsc",1.85592444375481,1.06023452989076,0.205935968100027,5.14836985337007,2.62760001806885e-07,4.62521399235185e-07
"Tmem135",10.7080386251523,-5.05424930486445,0.28337131171203,-17.8361361788123,3.70442395858095e-71,1.32219439752428e-70
"Prss23",1.90060364499131,-0.881395512858182,0.226868724985626,-3.88504635407117,0.000102310365823795,0.000167811503409335
"Me3",7.58742248888806,-4.62687124173362,0.276733024072164,-16.7196208592982,9.43173383673627e-63,3.03256240392752e-62
"l7Rn6",1.45570085911004,-0.100719869422911,0.196368726031464,-0.512911966474604,0.608012902373493,0.625569597001997
"Eed",2.71522564683599,-2.26543289213683,0.236974347100416,-9.55982333048425,1.17957891746224e-21,2.57685789878756e-21
"Picalm",1.38798424094137,0.505204109140865,0.208157792318303,2.42702472732001,0.0152232182416237,0.0222124945412372
"Crebzf",2.01154104526652,-1.73631538737912,0.223979334422547,-7.75212316732526,9.0368672682117e-15,1.80391767266023e-14
"Tmem126a",1.4278643370692,0.51301283060855,0.20798380715593,2.46659986478627,0.0136402686990997,0.0199809744939807
"Tmem126b",1.65726402814593,-1.26303660520148,0.207089161196814,-6.09899908764956,1.06734679147876e-09,1.96388799842055e-09
"Ccdc90b",1.20428086937849,0.16798598427299,0.214151884268228,0.784424497813829,0.432791068427021,NA
"Ankrd42",11.2097397033513,-5.24954966705922,0.285050402193754,-18.4162156119008,9.73783058610137e-76,3.75140041767152e-75
"Pcf11",1.38388581021921,-0.0461763233585684,0.199020593432135,-0.232017815655415,0.816524176442098,0.825698605390885
"Prcp",3.3590581992431,-2.44723329550411,0.245244823923777,-9.97873576432637,1.88857666441378e-23,4.22019271756845e-23
"Mir708",5.83197005272173,-4.19067228518553,0.268418923770298,-15.6124323364464,5.99087898922028e-55,1.78291837649543e-54
"Gm15412",35.7570875599332,-7.00367801486458,0.219753252602587,-31.8706455168169,6.81410057004796e-223,2.04423017101439e-221
"Nars2",1.52139357005337,-1.2173756549347,0.204439951540687,-5.95468569504342,2.60572114897842e-09,4.76172392706716e-09
"Gab2",2.50517840523756,-2.43898556863581,0.236155433096766,-10.3278825164121,5.27113190965868e-25,1.20075533791919e-24
"Ndufc2",2.77912030545211,-1.02026061586461,0.210766804133325,-4.84070828923906,1.29377171024686e-06,2.24331118667617e-06
"Thrsp",61.8807436036119,-7.79922804696398,0.286580059710651,-27.2148315372625,4.33596095551712e-163,7.13997356081999e-162
"Ints4",15.3463340665313,-5.62562253683568,0.283739378299836,-19.8267246884954,1.75075501564432e-87,8.37666469446688e-87
"1810020D17Rik",3.41147397989,-2.96503903093303,0.248814429547084,-11.9166683231767,9.69067996698192e-33,2.4036754301566e-32
"Rsf1",1.50362282011413,-0.558104951458387,0.198380840767385,-2.81330066602956,0.00490357777125449,0.0074419758586854
"Clns1a",1.74579109232396,-0.838279667586793,0.194784175078415,-4.30363332775532,1.68019656390065e-05,2.82649889254315e-05
"Aqp11",92.7243154288111,-8.40022627360907,0.255705986891272,-32.85111301356,1.09808458296947e-236,3.60503240446579e-235
"Pak1",36.5474178623627,-6.92165011006508,0.26576478839483,-26.0442707699186,1.56220901126197e-149,2.14316190244087e-148
"Gdpd4",11.1291941006705,-5.23808874144788,0.249702754870752,-20.9772965627038,1.05736152156191e-97,6.26140345156344e-97
"Myo7a",1.46556165652861,-0.913631756653468,0.200041201052579,-4.5672179123406,4.94240133538752e-06,8.45325523287118e-06
"Capn5",9.04184179610975,-4.89855049193406,0.276732665018234,-17.7013815539676,4.09145906260249e-70,1.43724201256965e-69
"Acer3",2.06733052194068,-1.74712014743037,0.224827997499076,-7.77091895522287,7.79187435860237e-15,1.55807638965349e-14
"Tsku",61.4386679749013,-7.78892006403125,0.290993060389441,-26.7666866474658,7.89592889521472e-158,1.21047720508138e-156
"Lrrc32",1.1891003070277,0.177752768680233,0.213887169432764,0.831058586410954,0.405940533551336,NA
"2210018M11Rik",3.40281761368818,-3.01093862452007,0.248552213042372,-12.1139079297064,8.91435451682389e-34,2.23554794993133e-33
"Prkrir",1.20916118729785,0.127681095441974,0.213589152880183,0.597788294584413,0.549981202056696,0.569195319323794
"Uvrag",1.32219093609967,0.298329865901577,0.211869604109249,1.40808242482837,0.159106664570796,0.197676255875176
"Serpinh1",1.72623406147935,1.11735343605935,0.215994527793318,5.17306363024404,2.3028654661327e-07,4.05565375614463e-07
"Rps3",61.5450517639895,-3.3233870095822,0.257443841381676,-12.9091727024655,3.99570836660112e-38,1.04523165490643e-37
"Snord15a",24.5707653483376,-6.44592954052429,0.273975962074731,-23.5273543405464,2.14132891068122e-122,1.99959515451806e-121
"Arrb1",1.20438220203383,0.196951537333837,0.213482482612831,0.922565331465744,0.356233769457632,NA
"Slco2b1",15.0687080918992,-5.66345139581706,0.280981017729529,-20.1559928908389,2.38427277980165e-90,1.21660839790465e-89
"Spcs2",1.94249626919979,1.02951765533423,0.201797052840968,5.10174772545152,3.365311483372e-07,5.91080953674355e-07
"Chrdl2",7.42845784785249,-4.59281502309488,0.281657738299086,-16.3063690379345,8.89239780014765e-60,2.7605302715891e-59
"Pold3",2.49644315271085,-2.27964144334471,0.234961258624183,-9.70220136159111,2.95062594912692e-22,6.5002183812798e-22
"Pgm2l1",31.9312332839896,-6.76112354643251,0.283454414666477,-23.852595678878,9.5174507224253e-126,9.40039598317125e-125
"P4ha3",23.605463257195,-6.38601231349145,0.291134502918706,-21.9349209711314,1.20647376895871e-106,8.45909076422362e-106
"Ppme1",1.25836106390643,-0.25490043617994,0.198398566690334,-1.28478970605567,0.198865780512407,0.241807448002508
"C2cd3",1.17724523570997,0.108331548149641,0.215409941545643,0.50290876721995,0.615028416851165,NA
"Ucp3",10.6735204295714,-5.11733783847207,0.281322361994485,-18.1902988521488,6.16033563599627e-74,2.29201368637923e-73
"Ucp2",3.61725883594903,2.31005613434008,0.22277204430551,10.3695961562038,3.4096263891168e-25,7.8028275980665e-25
"Chchd8",1.31014991552815,-0.440290065277406,0.199425634779891,-2.20779071739378,0.027258865453274,0.0387873184315361
"Mrpl48",1.96171847816565,-1.41231892397697,0.217182571934814,-6.50291094444203,7.87804388309912e-11,1.47979089851664e-10
"Rab6a",17.5170561701092,-5.44197320882579,0.287556519101036,-18.9248820574076,7.1148573752295e-80,2.93014244565665e-79
"Plekhb1",15.6216393319866,-5.75091362838714,0.292478313686242,-19.6627009910775,4.50112799417915e-86,2.09410767643629e-85
"Fam168a",1.30244868784388,0.254665926732506,0.208409414980896,1.22195020198991,0.221726459260563,0.2642795107524
"Relt",1.19275052094288,0.158249594684896,0.214332634110076,0.738336442987133,0.460310026168403,NA
"P2ry6",1.20750871798104,0.215853388823376,0.213163253860611,1.01262006895674,0.311241670128065,0.351037806053935
"Fchsd2",1.4041865093872,-0.169875502588951,0.200148169424889,-0.848748719896244,0.396021130064464,0.429242171706084
"Atg16l2",147.018494994433,-8.9667852627382,0.27168453067943,-33.0044012454962,7.02333538408243e-239,2.33514717865671e-237
"Stard10",1.23872766347668,-0.262952198456356,0.202039226858837,-1.3014908171277,0.193090505710814,0.235086283337714
"Arap1",1.31023606522948,0.384735440435185,0.210065001482431,1.83150661804728,0.0670249608111325,0.0907998862096847
"Pde2a",26.6503713142129,-6.32386597637799,0.282917686063524,-22.3523176099994,1.14636494237474e-110,8.69139433434444e-110
"Clpb",27.6385164605534,-6.5150061446174,0.268527203374099,-24.2619967837709,4.94028932798638e-130,5.20975965496745e-129
"Folr2",2.19471079663786,-2.18912936680918,0.226617563579535,-9.66001633867566,4.45792858812035e-22,9.79187343992772e-22
"3200002M19Rik",1.20499053974305,0.148400057511386,0.214592454221887,0.691543689406439,0.489223934919893,0.512050895553324
"2400001E08Rik",1.72093497157159,0.870861988351073,0.203762395859592,4.27390924943365,1.92075238550362e-05,3.22389950235656e-05
"Numa1",1.32974336680822,0.030547815326177,0.203928672905611,0.149796568039827,0.880925117114305,0.887299394372729
"Art5",8.16869446779164,-4.7468768962624,0.264800735619511,-17.9262224674599,7.36144873264981e-72,2.65286588777577e-71
"Art1",20.6116785997256,-6.18223349370538,0.294906371393021,-20.9633771712119,1.41670221060742e-97,8.36559450155059e-97
"Pgap2",4.93822594375883,-3.89042963135869,0.254464217777808,-15.2887100014813,9.09335403276565e-53,2.66745198376155e-52
"Rhog",1.77714376445604,0.985919593899494,0.202617886920133,4.86590601099359,1.1393365646658e-06,1.97717316075647e-06
"Stim1",1.22481698543167,0.168036777452965,0.214242239869484,0.784330753614846,0.432846058589365,0.461156984598221
"Rrm1",1.3695778595638,-0.535540954884051,0.203673389114888,-2.62941053424492,0.00855330345210881,0.0127293639401306
"Olfr545",38.4666591346755,-7.11157190356882,0.262236114582504,-27.1189645823226,5.88428523845641e-162,9.5539561258919e-161
"Olfr574",3.57234127261231,-3.31316669333457,0.25073153655095,-13.2140006754249,7.28473624485526e-40,1.9366602087163e-39
"Olfr623",11.3518237391663,-5.26896766002806,0.276980196927834,-19.0229038699141,1.10207191159116e-80,4.60778164077362e-80
"Olfr624",22.0107559045932,-6.28097160242331,0.29855114345055,-21.0381763400067,2.93448058831076e-98,1.75665007694749e-97
"Olfr628",18.6398243723529,-6.03043606620087,0.289561379442114,-20.82610629159,2.51061105572531e-96,1.43542055979037e-95
"Beta-s",1.66590336100649,-0.85416835229062,0.20389202920675,-4.18931704007162,2.79795265007381e-05,4.67519616945751e-05
"Olfr635",6.83021973797773,-4.45473480172044,0.270789365730709,-16.4509222498439,8.26008459785791e-61,2.59354235192892e-60
"Olfr639",48.5805833336328,-7.45526084084449,0.278372538800086,-26.7815958893794,5.29418918176274e-158,8.15211431528068e-157
"4931431F19Rik",1.85975273019249,-1.86258925873773,0.222634725301722,-8.36612193454317,5.95455771689146e-17,1.22759839187099e-16
"Ubqlnl",14.3197863742278,-5.62877767896084,0.287067497820268,-19.6078543259014,1.32505160379686e-85,6.08067637083041e-85
"E030002O03Rik",1.20261017856066,-0.298816034404572,0.203019547541877,-1.47185843936005,0.141059108663988,NA
"Trim34a",1.26017098765226,0.176262432408461,0.212715859690426,0.828628540744366,0.407314632835974,0.437216200576555
"Trim12a",2.1440490029837,-1.8596880517429,0.231470037921354,-8.03424956613502,9.41533777467977e-16,1.90829210575921e-15
"LOC622070",4.40119406491761,-3.67239201820572,0.260124057186895,-14.1178484524681,2.94856830772997e-45,8.16310080421663e-45
"Trim34b",4.46144468436769,-3.72478314000082,0.270146677089764,-13.7880027995427,3.00977551652904e-43,8.18709129561311e-43
"Trim12c",1.31543549195972,0.268755285288622,0.210917403823277,1.27422052621986,0.202585272680546,0.244507542980914
"Trim30b",1.21719415369892,0.177779085704187,0.214037776630984,0.830596768955838,0.406201460642424,0.436795720715753
"Trim30a",174.117921107726,-8.94035201585172,0.226539306210866,-39.4649041942855,0,0
"Trim30d",1.23661013339196,0.185777040680647,0.212378656390507,0.874744401523349,0.38171299494279,0.414641290070195
"Olfr668",25.2047465570955,-6.48404379511453,0.305598484022549,-21.2175260484476,6.57961006950496e-100,4.07420694695325e-99
"Olfr672",6.09050077587832,-4.26426333071096,0.276425349628347,-15.4264554117206,1.08677273917496e-53,3.21140883016886e-53
"Olfr685",56.4974341113197,-7.67670104760175,0.307776017395327,-24.9424926365894,2.57596202416005e-137,3.02849589326924e-136
"Fam160a2",1.20112921448331,0.148411948076403,0.214578494926334,0.691644091022979,0.489160865507697,NA
"Cnga4",1.8738355439326,-1.88708313503632,0.226904110676359,-8.31665468470922,9.04808793766586e-17,1.86022130896478e-16
"Prkcdbp",2.11642133719527,-1.67164031040271,0.224569239005472,-7.4437635261434,9.78566034742135e-14,1.92649998165338e-13
"Smpd1",1.26329644605485,0.123669932484509,0.206952861138067,0.597575369600731,0.550123302872242,0.569195319323794
"Apbb1",1.5412117885803,-1.15592391984407,0.207680597510683,-5.5658734311211,2.60842529377723e-08,4.68305418177717e-08
"Trim3",1.95068015221243,-1.91462725696853,0.233808929693683,-8.18885429002611,2.63724588071584e-16,5.3901423247207e-16
"Arfip2",1.20514510021445,0.177771926304178,0.213922191432167,0.831012084880159,0.40596680240629,0.436795720715753
"Fxc1",2.31047015560738,-0.376189110893912,0.200789938120891,-1.87354562890207,0.0609930780567431,0.0833465621613087
"Rrp8",1.22044473552527,0.147293528630697,0.213205412713227,0.690852669996774,0.489658132241027,0.512050895553324
"Ilk",1.50830531078456,0.699603974005416,0.205478192953641,3.40476020325552,0.000662221770785409,0.00105341997364005
"Taf10",1.61525574478046,0.651732572511838,0.206604276590449,3.15449700880957,0.00160775026440447,0.00250858059488606
"Tpp1",1.33566267239245,0.0670308571141922,0.200231143665926,0.334767388763605,0.737800562457319,0.750378750321911
"Mrpl17",1.73985155572671,-0.569161123494487,0.192937658787985,-2.94997424074646,0.00317800424597913,0.00486986119595217
"Gm15645",15.1212066189368,-5.71229653225126,0.295481550238465,-19.3321597495384,2.88101600960028e-83,1.26218242300575e-82
"Gvin1",2.36788336015046,-2.44723757481069,0.239198091735739,-10.2310079359427,1.44012608127044e-24,3.25924914122338e-24
"Gm4070",20.3237903667578,-6.16101764305016,0.295970460655113,-20.8163261611078,3.07907109991102e-96,1.7585066894459e-95
"Gm18853",13.4987398662178,-5.52685125724737,0.291168796812414,-18.9816055763972,2.42083886868486e-80,1.00371555953415e-79
"Gm8979",1.56462955166522,-1.30174459389131,0.210395950653299,-6.18711809732685,6.12740612554985e-10,1.13201415591471e-09
"Gm8989",1.2898817214416,-0.63654293954723,0.196288021038037,-3.24290262941659,0.00118318639743863,0.00186059135250178
"Gm4759",44.5278038902532,-7.29361673244184,0.29088574999666,-25.0738193002771,9.60151462163011e-139,1.14953913589241e-137
"Olfr697",3.90694515151872,-3.4832635578515,0.26191107118845,-13.2994132017628,2.33292008023337e-40,6.22429993295078e-40
"Olfr706",2.16440729932517,-2.25620020282962,0.234526502035803,-9.62023559488892,6.5680553907848e-22,1.44146517300385e-21
"Olfr714",19.1975538652353,-6.07499516247917,0.289256257729077,-21.0021218215756,6.27208840065288e-98,3.73747733463562e-97
"Olfr17",2.65028243635368,-2.71034521383694,0.238452736395728,-11.3663833546407,6.14826594859971e-30,1.48479982658758e-29
"Olfr715",20.1112078987168,-6.14521520342909,0.283207182107278,-21.6986559369857,2.11247558403949e-104,1.41736793684912e-103
"Ppfibp2",6.05209583209125,-4.18860481030212,0.261867622272248,-15.9951229325612,1.38185267864016e-57,4.21089958114515e-57
"Cyb5r2",8.74274132692468,-4.85643384032473,0.238209504568642,-20.387237902698,2.17059605864455e-92,1.1439183670999e-91
"Olfr470",9.37503206383386,-4.96766840598608,0.28196978837988,-17.6177328590021,1.80078433457796e-69,6.2459097850478e-69
"Olfr479",32.9730128122562,-6.88363050511153,0.307233184178794,-22.4052311390479,3.49973089511418e-111,2.68261310903025e-110
"Olfr483",29.0784120269957,-6.69713108248042,0.291351718315926,-22.986413538905,6.37429686327035e-117,5.44134580969276e-116
"Olfr487",17.5795201509262,-5.94169160770044,0.296598798731948,-20.0327568186487,2.85412060462005e-89,1.41419169967885e-88
"Olfr490",23.7748650977974,-6.39666058254415,0.288701169193785,-22.1566840217766,8.99343101721403e-109,6.61673148835197e-108
"Olfr493",93.3993515666824,-8.41082121419208,0.280333375632042,-30.0029248933666,8.98811619721185e-198,2.18731778785295e-196
"Olfr508",25.5353749949471,-6.50346133073962,0.299904906814954,-21.6850781129512,2.83775198420045e-104,1.89667930314038e-103
"Olfr512",27.195145309482,-6.59741943484318,0.297159265060214,-22.2016279166202,3.31235204122437e-109,2.44907615512623e-108
"Eif3f",3.95476748791536,2.17896370039667,0.209340057031462,10.4087279391024,2.26224221586755e-25,5.18616792570425e-25
"Stk33",2.19063510464994,-2.28430591511315,0.233120226404925,-9.79883191750749,1.13895071012563e-22,2.52241099145346e-22
"Rpl27a",15.9846672788432,3.60837137226151,0.200827362758475,17.9675285414225,3.4996196249373e-72,1.26729201818749e-71
"D930014E17Rik",1.24285645973761,-0.0185932326009943,0.20653624835802,-0.0900240647770647,0.92826809154273,0.932286568129495
"Tmem9b",1.54567849869005,0.54553052808282,0.199655743870907,2.73235579155462,0.0062883193108749,0.00947194540550194
"Dennd5a",1.26429863411582,0.324923373929665,0.210986611109233,1.54001892452523,0.123555740541793,0.158740085067231
"Tmem41b",1.20416066582154,0.106654347328418,0.211199730188029,0.504992819988284,0.613563878966782,NA
"1600010M07Rik",1.3389544071788,0.482161682414678,0.208751864397441,2.30973593364749,0.0209027781244871,0.0300502621343494
"Zfp143",1.19286076321689,0.158235005924371,0.214306642995306,0.73835791421471,0.460296981961028,NA
"Swap70",1.49712298724636,0.253173840516164,0.2139671588418,1.18323691302249,0.236715267442191,0.27968621458765
"Ampd3",1.1927678085239,0.187377810943917,0.213681935492108,0.876900569589034,0.380540646806475,NA
"Lyve1",1.40506934593017,0.630789302872652,0.21241098614326,2.96966420770354,0.00298125430678135,0.0045757563897085
"Ctr9",1.20871247988823,0.148402093556045,0.214590978831927,0.691557932042788,0.489214987838202,0.512050895553324
"Eif4g2",2.25564543816789,1.02976816004718,0.192829430402627,5.34030597869337,9.27898368945445e-08,1.65114350976486e-07
"Galntl4",1.20508968810117,0.215993032067057,0.213117477418522,1.01349281477693,0.310824826429598,0.351037806053935
"Usp47",1.21615842678632,0.187339563953994,0.213756763880881,0.876414671296166,0.380804645375139,0.414225210457603
"Dkk3",32.0268480670236,-6.67739047936942,0.281342761073821,-23.734004933638,1.60735315584444e-124,1.54947063222677e-123
"Parva",1.20076257690045,0.176214552489508,0.212457634049113,0.829410311746077,0.4068722684718,NA
"Tead1",1.77996130719381,-1.66844024413872,0.217150462574684,-7.68333727847759,1.54996806167843e-14,3.08280940444328e-14
"4930543E12Rik",4.53888491380073,-3.7554480973159,0.268745121406309,-13.9740140310794,2.24602533133817e-44,6.16579133819891e-44
"Arntl",1.17744658172891,0.118470320289318,0.215172956583255,0.55058183040525,0.581920367120698,NA
"Btbd10",1.18951824566602,0.108355970067625,0.215456271754216,0.502913975004789,0.6150247552398,NA
"Far1",1.2396558018454,0.215907467416773,0.213229402898165,1.01255954611422,0.311270590910275,0.351037806053935
"Spon1",1.24845093432191,0.316159866135815,0.211401673625013,1.49554097994807,0.13477331319999,0.170882100887308
"Rras2",1.32331625032877,0.324889582818183,0.211133026804696,1.53879091175402,0.12385534930206,0.158746132980675
"Copb1",1.35065791658552,0.307300253821267,0.211660510099545,1.45185445162512,0.146542079686899,0.183760375061519
"Psma1",2.11948914744393,-0.248590079038032,0.199572282010362,-1.24561425331161,0.2129060469727,0.256696977756668
"Pde3b",2.15214666807027,-1.97288197831736,0.227971894791966,-8.65405790532949,4.96999732758438e-18,1.0364916520172e-17
"Cyp2r1",3.54760327854713,-3.23597021792106,0.258212927626262,-12.5321774074953,4.97770184694866e-36,1.27401832022908e-35
"Insc",21.5057728365193,-6.24620872660942,0.27699358432505,-22.5500122749397,1.34248137208286e-112,1.06419935645748e-111
"1110004F10Rik",1.52648759561575,0.630818347748718,0.206060677267953,3.06132327677652,0.00220361032110866,0.00341330738165792
"Rps13",16.2995841808648,3.95554870620264,0.215777755721431,18.331587020996,4.63191169247541e-75,1.766148943369e-74
"Pik3c2a",38.0139090355785,-6.94061596872471,0.299486099930515,-23.1750854892264,8.12227169883915e-119,7.14979060167628e-118
"Nucb2",1.27378641202789,-0.0145364913616104,0.20236948407961,-0.0718314395459538,0.942736052298653,0.945998114763354
"Rps15a",20.2660042415795,4.42322766693206,0.226055324203684,19.567013882613,2.95496025367795e-85,1.34715218551956e-84
"Arl6ip1",2.69012865722378,0.497711156465767,0.191783138308048,2.5951768276225,0.00945422653289438,0.0140162063339133
"Smg1",1.32187040099372,-0.0552011060637628,0.205391049279286,-0.268761011044359,0.788113598388926,0.798748273680262
"Itpripl2",1.30574464878908,0.442227502575518,0.209023529779495,2.11568287571278,0.0343717879515728,0.0483809446156694
"Gde1",1.294558818619,0.350801408642888,0.21058153160696,1.66586977483686,0.0957393548998109,0.125666648232987
"9030624J02Rik",1.24751141510504,0.154514168775909,0.210251122523707,0.734902943305269,0.462398605716672,0.48644109670315
"2310008H09Rik",1.38050602299962,0.18547622604564,0.205122975142296,0.904219656120786,0.365878939441339,0.400647800269307
"Acsm2",2.42133265563453,-2.51364644444802,0.23210036574093,-10.8299977745565,2.48161352515841e-27,5.82465045023692e-27
"Thumpd1",81.2502034917642,-8.00729561455322,0.25878765424145,-30.9415672784853,3.29907804525137e-210,8.69756939202634e-209
"2610020H08Rik",4.06284268602201,-3.53027378745052,0.254883540588114,-13.8505365207374,1.26265445884077e-43,3.44450288745693e-43
"Dcun1d3",2.07099709391418,-2.03693160009451,0.225736411285665,-9.02349598141175,1.82180594623047e-19,3.87444572797842e-19
"Tmem159",1.21255928440108,0.234690254816704,0.212730131151075,1.10322996346029,0.269927312288298,0.313589896068377
"Uqcrc2",1.57343149620266,0.651842601569126,0.206104585360881,3.16267879449541,0.00156324708545274,0.00244133127481325
"BC030336",22.5442023293628,-6.22110303304221,0.270424602328162,-23.0049447405413,4.15924424413341e-117,3.55922212366826e-116
"Vwa3a",7.7747791211173,-4.66693832446497,0.27613037471553,-16.9012131652407,4.40744569058752e-64,1.43479055222119e-63
"Eef2k",1.17706289029949,0.108327833294737,0.21540862307892,0.502894599790687,0.615038378067756,NA
"Polr3e",7.09200703892263,-4.36697816038964,0.269255709098096,-16.2187021958322,3.71971666957694e-59,1.14723314713097e-58
"Mettl9",9.1354058184549,-4.40706409928468,0.249302559798808,-17.6775725962913,6.24266470619429e-70,2.18556068184669e-69
"Igsf6",19.6120044054805,-5.83665291691686,0.285435786986349,-20.448217017707,6.23114144374165e-93,3.32752514949682e-92
"Usp31",1.43431878286697,-0.973979194576627,0.199622510864683,-4.87910501855601,1.06568311931759e-06,1.85181953489941e-06
"Gga2",10.1110824962069,-4.8949992129026,0.282306027174459,-17.3393365416091,2.37462002069458e-67,8.00227017948721e-67
"Ears2",14.0043564650766,-5.53877508774384,0.281712816194,-19.6610688948194,4.64829601345521e-86,2.16065050669957e-85
"Ubfd1",7.318453247647,-4.41439395140437,0.26661424452205,-16.5572321888424,1.41976644385028e-61,4.48890420163443e-61
"Ndufab1",4.39727801691568,-2.91257048922621,0.252428349637706,-11.5382067561208,8.46719892866572e-31,2.06391680633365e-30
"Dctn5",1.2513590431755,0.232394385379865,0.211437456502849,1.099116444284,0.271717278053676,0.314423451882107
"Ern2",7.967187873422,-4.70661692251438,0.268190717220387,-17.5495146561941,5.99904609382684e-69,2.06768046284425e-68
"2010110P09Rik",9.37833523804782,-4.96794192753043,0.268834713045168,-18.4795403512334,3.01740908816517e-76,1.17237628881445e-75
"Prkcb",14.794417020428,-5.00949986130848,0.262015559561298,-19.1190930404899,1.75126282923257e-81,7.42012335113152e-81
"4930413G21Rik",16.6577347799814,-5.85940624189164,0.285161470171599,-20.5476786129826,8.07325368166601e-94,4.39899626495789e-93
"Rbbp6",9.1457786558317,-4.44798840579198,0.264759454834423,-16.8001116657899,2.43585005022821e-63,7.88535644166901e-63
"Tnrc6a",19.6773343703372,-5.69597515580433,0.270941511934249,-21.02289573547,4.04957975939485e-98,2.4172448649561e-97
"Arhgap17",2.24690902712646,-1.9130463248937,0.230751271923568,-8.29051258936228,1.12761457671056e-16,2.31555786405552e-16
"Lcmt1",1.742438068573,-1.35622296213767,0.216509784904469,-6.26402618586535,3.75162433441199e-10,6.95683091496645e-10
"Zkscan2",2.37200117925892,-2.46693800811295,0.233555256298702,-10.5625454430274,4.44443588272975e-26,1.0272284838543e-25
"Hs3st4",10.7638522231644,-5.18569521312308,0.277493737274507,-18.6876117063254,6.24465673310649e-78,2.47792536273781e-77
"4933440M02Rik",19.8129680145797,-6.12271960623125,0.28208405892837,-21.7053017086158,1.82819508012001e-104,1.22899913950115e-103
"Jmjd5",9.52012553577881,-4.96956107847531,0.278496085940514,-17.8442762011987,3.20225305349399e-71,1.14413148112516e-70
"Nsmce1",21.550384266032,-5.76175801312862,0.274952555939567,-20.9554626376887,1.67295534082063e-97,9.85090454493363e-97
"Il4ra",1.35108960069905,0.359461841904404,0.210664357079347,1.70632491840569,0.0879476011133265,0.116136220038342
"Il21r",1.74443217295677,-0.72699510835288,0.199810217512,-3.63842809144241,0.0002743071938287,0.000443376235264225
"Gtf3c1",5.20165938019106,-3.90217024565094,0.259304343502907,-15.0486111915329,3.5255809336763e-51,1.02128371108714e-50
"D430042O09Rik",5.16656592479065,-3.94576825483854,0.265055891950908,-14.8865517600693,4.03025951342704e-50,1.15815880319786e-49
"Gsg1l",3.22713988848797,-3.11708722688995,0.246059426089241,-12.668026079844,8.89239473739862e-37,2.29566273636107e-36
"Xpo6",48.2565728586876,-7.29122365826873,0.257139766821575,-28.355099440251,7.24195477426292e-177,1.42922510100765e-175
"Sbk1",21.5538340060898,-6.11044038860081,0.28830822350814,-21.1941245180206,1.08192065347257e-99,6.67962839873072e-99
"Lat",1.67101367970804,0.746511517587994,0.208330638138676,3.58330164136048,0.00033927842899421,0.000546362301203078
"Spns1",1.40461747699765,-0.529214942117521,0.193568306749168,-2.73399582300058,0.00625708381705218,0.00942625613997471
"Nfatc2ip",1.97813960029199,-1.82193589943369,0.221282706149745,-8.23352141310473,1.8178886714026e-16,3.72643976623662e-16
"Cd19",1.51756069327377,-0.0144130631088551,0.204355858671507,-0.0705292385672362,0.943772429477818,0.946947060427527
"Rabep2",11.689294365013,-5.22003067730045,0.279163424514782,-18.6988345137743,5.05985968235611e-78,2.01008124367572e-77
"Atp2a1",11.171208544281,-5.23286089292808,0.268230178878433,-19.5088446602412,9.23456216977704e-85,4.16632796250961e-84
"Sh2b1",14.2423086988722,-5.52157466733172,0.26344530303574,-20.9590932300002,1.5501193650805e-97,9.13791426958801e-97
"Tufm",1.3504925900899,-0.31404704329755,0.193760784031784,-1.62079775258359,0.10506102066497,0.136168473711023
"Atxn2l",1.35303397468819,0.0493832024234938,0.20074750479344,0.245996593951725,0.805684869137533,0.815922983198744
"Eif3c",9.92554429778678,-4.24174395086106,0.258540038593865,-16.4065263312052,1.71755319440575e-60,5.37346579250705e-60
"Cln3",1.22441685146373,0.23469646135423,0.212761925129289,1.10309427408881,0.269986227160475,0.313589896068377
"Apobr",1.57290768160354,-0.95001259835148,0.207036035038288,-4.58863404226124,4.46155785717281e-06,7.63835093946936e-06
"Il27",10.9068595543567,-5.19513515534809,0.281374755911175,-18.4634017309929,4.06889416674809e-76,1.57564002599592e-75
"Nupr1",1.48333324384439,0.752776276232444,0.206909486801344,3.63819121041652,0.000274559558061325,0.00044371544677403
"Ccdc101",1.24451571414407,0.243992905423281,0.212589903660463,1.14771633658094,0.251085684863501,0.294845275205982
"Sult1a1",1.19187411457761,-0.0412064211467225,0.209277445861685,-0.196898528539748,0.843906945194784,NA
"Slx1b",1.30293381072388,0.40147353690951,0.20951255000705,1.91622667423026,0.0553362495158911,0.076064574713088
"Bola2",1.71232110618269,0.963379081031207,0.20324616141567,4.73996199643321,2.1375830799809e-06,3.6910961553094e-06
"Coro1a",6.54327399274182,2.86347078311831,0.21953740905257,13.0432020468668,6.94766978599506e-39,1.83073378510319e-38
"Mapk3",1.69278692525539,1.05058608995993,0.201829073447336,5.20532583346603,1.93656504370058e-07,3.41573560672987e-07
"Ypel3",2.63912303312896,0.566450547279971,0.185653663194672,3.05111430355137,0.00227993761254819,0.00352630350740786
"Ppp4c",1.79096980659968,0.473191006866323,0.187758841095518,2.52020626088973,0.0117286084379407,0.0172605965734565
"Aldoa",2.89949936627064,1.83672266558056,0.199789517301632,9.1932884687217,3.81011545136721e-20,8.17796161847732e-20
"4930451I11Rik",331.526620976206,-10.2481981711039,0.220926611126002,-46.3873415650188,0,0
"Doc2a",70.5965207816743,-8.00261751794969,0.287193514557239,-27.8648963584264,7.1091559707609e-171,1.31130014725696e-169
"Ino80e",1.251172716352,0.225329097453135,0.213120232848727,1.05728627658301,0.290380954512206,0.331827717078859
"Taok2",1.24409069575726,0.206477711459592,0.213442537659925,0.967369080799486,0.33335956100343,0.371194373059014
"Tmem219",6.37842326124061,-3.87618254000173,0.261607757684639,-14.8167721565596,1.14138853808437e-49,3.26826558902929e-49
"Kctd13",1.18905833993634,0.0976950457299424,0.214227079379613,0.456034998063086,0.648364811422456,NA
"Cdipt",9.61916205306794,-4.60312083817333,0.282328606111361,-16.3041248337325,9.22507810103195e-60,2.86295527273405e-59
"Mvp",1.31052443427133,0.157750030952709,0.204277616945284,0.772233557996532,0.439976109286847,0.467136233189737
"2900092E17Rik",2.91562076249219,-2.38335970277547,0.236986290935613,-10.0569517897683,8.56079696403338e-24,1.92162374337795e-23
"Prrt2",11.8845838261265,-5.34038266116813,0.265167259313792,-20.1396758973492,3.31498191444196e-90,1.68739206176373e-89
"Maz",1.29137301004115,0.307262193834207,0.211529044822997,1.45257685104813,0.146341277209405,0.183714983016129
"AI467606",1.44136161187279,0.489902341718882,0.208513793971203,2.34949608075588,0.0187988420160578,0.0271828131090919
"Spn",1.47501593601166,0.630784475328263,0.206715425879177,3.05146300836276,0.0022772910723268,0.00352325411901182
"Cd2bp2",1.27874269253425,0.193443447465299,0.211075490659291,0.91646570078355,0.359422689265102,0.393949908233875
"Tbc1d10b",1.19679558620557,0.148378592931816,0.214561701810878,0.69154276685688,0.489224514459337,NA
"Mylpf",48.6654790404626,-7.41506921811263,0.28757299218362,-25.7849986600202,1.30638391769136e-146,1.73079290617993e-145
"Sept1",2.04852122146968,0.930280012172638,0.208752720550178,4.45637311801657,8.33578994847475e-06,1.4159721292235e-05
"Gm4532",5.88938456438478,-4.19510839646175,0.27351355954535,-15.3378443227279,4.27145504687612e-53,1.25475494342675e-52
"Zfp771",1.21681527556275,0.168060047642346,0.214184789320059,0.784649779173679,0.432658935360446,0.461156984598221
"Dctpp1",1.3608762808381,0.110255667165854,0.199998485136884,0.551282511416986,0.581440025173316,0.600036908991535
"Sephs2",1.57376112423718,-0.313723902558297,0.191534327089032,-1.63795131309526,0.101431850513449,0.132318945315558
"Itgal",1.88039898142831,0.518922780595549,0.193818152405959,2.67736934933033,0.00742027858313424,0.0111112605289618
"Zfp747",9.82944848773796,-5.0308900721048,0.272694972735292,-18.4487818812426,5.33337425438692e-76,2.06223804502961e-75
"9130019O22Rik",14.2055810661211,-5.60423252577074,0.293831298731318,-19.0729597220183,4.23635402607502e-81,1.78408777862942e-80
"Zfp688",1.18923227281904,0.118460356290797,0.21523030585674,0.550388830324133,0.582052708157906,NA
"Prr14",10.762405523096,-5.10581951572399,0.275596955707447,-18.5264002739709,1.26469730100547e-76,4.93217774467578e-76
"Fbrs",1.1973318374327,0.138511773874295,0.214834413814644,0.644737365000567,0.519097397939565,NA
"1700008J07Rik",11.246489038858,-5.22981640985418,0.26801067692052,-19.5134629334379,8.43685739257191e-85,3.80807571026592e-84
"Phkg2",1.18890204325568,0.128488586586573,0.214993431290851,0.597639592126652,0.550080440458007,NA
"Rnf40",1.18870159431905,-0.0323484712209419,0.210361203386843,-0.153775842218656,0.877786482364597,NA
"1700120K04Rik",3.49850082682596,-3.27464139750608,0.246204387557473,-13.3004997595409,2.2992633001792e-40,6.13607077041688e-40
"Bcl7c",1.40555144127863,0.0341623249923158,0.195262453531873,0.174955934304797,0.861114258779643,0.868015145472576
"Ctf2",2.56932827658162,-2.64579400130014,0.234626891877419,-11.2766016722518,1.71233630664791e-29,4.11717895932846e-29
"Orai3",2.08611596136615,-1.59381525641642,0.221505440174718,-7.19537748219301,6.22881960810035e-13,1.21051520306343e-12
"Setd1a",1.18915355087361,0.10833581625255,0.21546734314118,0.502794598351574,0.615108691783207,NA
"Hsd3b7",1.26245497638605,0.350740289314365,0.210677732042964,1.66481899113494,0.0959488738772088,0.12576349570346
"Stx4a",1.40886786607661,0.513007010553141,0.208079568576534,2.46543672722222,0.0136846342037411,0.0200403396110334
"Zfp646",1.19330864593285,0.118471415587432,0.215259028971695,0.550366765814083,0.582067838788793,NA
"Vkorc1",1.2941859954421,0.34214195615452,0.210818956990082,1.62291836104006,0.104606857962698,0.135948916404084
"Bckdk",1.25969509335382,0.262310218101167,0.212286581996178,1.23564200636049,0.216591663183003,0.259521314600617
"Myst1",1.21675356482504,0.177745871112899,0.213978425757606,0.830671926310218,0.406158989879345,0.436795720715753
"Fus",1.52637518487852,0.580446288888491,0.207062584702578,2.80324081592161,0.00505918778279767,0.00766699382383621
"Pycard",1.93239871910258,0.323680767265753,0.196069881749821,1.65084389492701,0.098770454497508,0.128976053152468
"Itgam",1.2716586880359,0.367951074632266,0.21041562550817,1.74868702713325,0.0803451337023959,0.107070031986257
"Itgax",1.3977603511257,0.557925346655462,0.20820406597706,2.67970437578742,0.00736872051604727,0.0110356393899775
"Armc5",1.2043198067414,0.20647359811317,0.213308996755008,0.967955413293288,0.333066637774172,NA
"Tgfb1i1",1.22439798354571,0.262348489106573,0.212170212696156,1.2365000994851,0.216272728773099,0.259521314600617
"Rgs10",1.58248213294026,0.692311609023533,0.208349386633234,3.32283967911189,0.000891061102867136,0.00140906966281928
"Tial1",1.39823090402284,0.389043975378721,0.206057830796509,1.88803295596622,0.0590215262989943,0.0807475736550256
"Bag3",1.18899790412409,0.147286427671296,0.213059270684766,0.691293212437657,0.489381296447879,NA
"Inpp5f",1.21305967504773,0.056624387995676,0.216818236441391,0.261160633556681,0.793968634743845,0.804448034426023
"Mcmbp",1.42296021551274,0.317704827896182,0.199405030489189,1.59326385656759,0.111101011283692,0.14372918931868
"Sec23ip",1.27006109560207,-0.0867083407920512,0.202469953240853,-0.428252881003559,0.668467019934136,0.68305722698565
"Ate1",1.2550740764387,0.215886481783538,0.213325767606152,1.01200377341247,0.311536249229579,0.351037806053935
"Nsmce4a",1.50303604097192,0.520626795829205,0.208210655305367,2.50048103957811,0.0124024771756708,0.0182214834947936
"Tacc2",1.34670143944512,-0.649655458895679,0.200435907337603,-3.24121295193598,0.00119022235200502,0.00187137369803198
"Plekha1",1.19317203370524,0.177764215767461,0.213862544951939,0.831207801288485,0.40585624847219,NA
"Pstk",1.17355986928132,0.0981550187305946,0.215637785405884,0.455184691058862,0.648976373168018,NA
"Ikzf5",1.20502978666721,0.177765555531239,0.213907663634068,0.831038741254933,0.405951744015637,0.436795720715753
"Acadsb",1.19726526779043,0.168060904238638,0.214141283198592,0.784813193086082,0.432563103690313,NA
"Bub3",1.53757849776145,0.609276508970873,0.207170720470173,2.94093927746219,0.00327218672190184,0.00500977113603977
"Oat",1.45024782239619,0.35039445335685,0.202291496427736,1.73212645882039,0.0832510491939985,0.110521484433538
"Fam53b",1.32661520168993,0.367925166830195,0.210436440843706,1.7483909410132,0.0803963554768324,0.107077115354982
"Mettl10",1.19752866373867,0.148451549009692,0.214592437256113,0.691783694280506,0.489073178028812,NA
"Fam175b",1.18899628298703,0.128501604134665,0.214993919123423,0.597698784498623,0.550040936648927,NA
"Ctbp2",1.25117326668779,0.324809410213337,0.210932158337292,1.53987619893382,0.123590533438475,0.158746132980675
"Bccip",1.41258638022209,0.458277556459361,0.208904510050244,2.19371786826976,0.0282556984585136,0.0401237067337979
"Dhx32",1.19273475744652,0.0770780252496522,0.211870718343955,0.363797441440314,0.716009273362708,NA
"Dock1",1.1772829190508,0.148409481700102,0.214487164165139,0.691927100988838,0.488983110346903,NA
"Ptpre",1.35713620156031,0.417872484513492,0.20963895863247,1.99329593716447,0.0462290510361371,0.0641104029298806
"9430038I01Rik",1.21649465045714,0.187372621954489,0.213744699082677,0.876618801582596,0.38069372348055,0.414225210457603
"Glrx3",1.5610332326627,0.637795742014136,0.206557908398807,3.08773334779672,0.00201689356347143,0.0031282675386483
"Ppp2r2d",1.24831226265962,0.262358922702483,0.212217664435024,1.23627278342238,0.216357184235907,0.259521314600617
"Bnip3",1.2797837817968,-0.160388446237947,0.200077118791092,-0.801633126301733,0.422765209638902,0.452869771047623
"6430531B16Rik",14.9126485573982,-5.67956137501685,0.294004590411882,-19.3179343460595,3.79536971011784e-83,1.65789371437783e-82
"Adam8",12.5442750864748,-5.36925450889838,0.286238091866995,-18.758001333356,1.66545171587425e-78,6.66180686349702e-78
"Zfp511",9.23928932641319,-4.70526228270425,0.266818408711981,-17.6346988403764,1.33405052014803e-69,4.6347711914627e-69
"Caly",32.0300203268892,-6.84064015551884,0.308922661799704,-22.1435362354676,1.204091603671e-108,8.82775024039696e-108
"Prap1",2.21114559545546,-2.30350123416995,0.227697123110254,-10.1165144412236,4.6674197833605e-24,1.05062230569822e-23
"1810014F10Rik",3.88377567715673,-3.32742440374074,0.237078281175151,-14.0351296088673,9.50225517222456e-45,2.61958130441047e-44
"Echs1",11.4354253351628,-4.89486097439796,0.284981969048833,-17.1760374550546,4.01411470635648e-66,1.3354798449446e-65
"Paox",2.00973472656082,-2.04935147879243,0.227671191386712,-9.00136493471189,2.22928604263521e-19,4.73524848120276e-19
"Mtg1",136.36066380903,-8.88788289922356,0.236245406630675,-37.6213998231004,0,0
"Sprn",7.71532168133617,-4.65438971343372,0.26873141544732,-17.3198570985316,3.33184105460405e-67,1.12027119517122e-66
"Olfr522",2.74476665171047,-2.78656912404975,0.219826723664891,-12.6762073218071,8.01155541393704e-37,2.06928843447557e-36
"Olfr523",7.3970857788316,-4.58612928875583,0.258419430997486,-17.7468438462758,1.82316487087575e-70,6.41950801077331e-70
"Olfr524",6.3189844264326,-4.32529330498317,0.259863978617333,-16.6444511778697,3.31995888865168e-62,1.05930228598788e-61
"Cd163l1",18.078792551596,-5.98413072914186,0.262499832998601,-22.7967029951358,4.94377713893361e-115,4.07364114684032e-114
"5830411N06Rik",15.0737874180417,-5.70733877949085,0.255267908439881,-22.3582306697789,1.00415308840739e-110,7.62426054034414e-110
"Olfr525",5.31688694104888,-4.03205092386254,0.239601237470092,-16.8281723685415,1.5171322544264e-63,4.91890084975517e-63
"Olfr527",10.9385793552977,-5.21093650557742,0.225759447654585,-23.081809243041,7.05246760352989e-118,6.11018769965577e-117
"Olfr61",13.7507625060399,-5.5662950499751,0.273473648211823,-20.3540453947638,4.27496606539958e-92,2.23824702722024e-91
"Olfr53",30.6085681358642,-6.77330227840384,0.2906121115097,-23.3070199422083,3.76310127634466e-120,3.40145258225439e-119
"Olfr539",10.4227323889858,-5.1351036380646,0.273812720903991,-18.7540725686925,1.79318386441294e-78,7.16998833568406e-78
"Olfr541",8.61716324063839,-4.83296428808951,0.277624722900742,-17.4082633477042,7.14176938385781e-68,2.42629587918892e-67
"Cyp2e1",2.41155515054729,-2.46058843962291,0.236421503936865,-10.4076338177765,2.28838774813174e-25,5.24495457530084e-25
"C330022C24Rik",28.5551924669368,-6.6701661455047,0.286428328974232,-23.2873828136768,5.95108396303131e-120,5.35136232334598e-119
"Scgb1c1",17.9632223422594,-5.97445591412093,0.286010014548118,-20.8889745471335,6.74521664299143e-97,3.91005340104556e-96
"Bet1l",14.2965007714849,-5.25831434308232,0.280206464887289,-18.7658566164683,1.43662956067058e-78,5.7553386851116e-78
"Ric8",32.6063382896278,-6.50164317120842,0.271373721097927,-23.9582636996095,7.57813981002964e-127,7.59268518394525e-126
"Sirt3",1.24719027318666,-0.311664787555506,0.200271881959103,-1.55620841281729,0.119658541522742,0.153846696243525
"Psmd13",1.48256260972618,0.297221078600625,0.200477871215066,1.48256302203935,0.138190547815152,0.174493144556142
"Nlrp6",3.09052525055547,-3.03119215463261,0.244338836972479,-12.4056911794748,2.43403259696693e-35,6.18882131328173e-35
"Athl1",1.22864927332381,0.206516732525082,0.213447172677226,0.967530888016848,0.333278707855441,0.371194373059014
"Ifitm5",66.8435881421647,-7.91212857712436,0.256017507540375,-30.9046387223209,1.03478660173738e-209,2.72120204587866e-208
"Ifitm2",5.37368589802475,-0.133587494900967,0.248881005358051,-0.536752472165494,0.591438605517749,0.608876742096962
"Ifitm1",1.42108821235485,0.658867321926045,0.21118684543605,3.11983125921334,0.00180954667782381,0.00281503014699457
"Ifitm3",6.50686296588023,3.30327718682226,0.265154610252248,12.457928540936,1.26616825899718e-35,3.22882184267967e-35
"Ifitm6",1.82126901591369,0.369023244090141,0.211757480407706,1.7426692241504,0.08139141045994,0.108176489522823
"B4galnt4",2.14234166705469,-2.23049334579596,0.229795922454057,-9.70640959150136,2.8313524506271e-22,6.24141038525063e-22
"Pkp3",32.7853642570838,-6.63068529471011,0.29025275954345,-22.84452111718,1.65665980252727e-115,1.37375125801308e-114
"Sigirr",23.1694893402552,-6.14203372618846,0.293525701880481,-20.9250286664484,3.16873793037367e-97,1.8491684736222e-96
"Ptdss2",1.20465130883723,0.0968245938551217,0.211440968896019,0.457927308792922,0.647004666393921,NA
"Rnh1",2.09369049377972,-0.401432681464506,0.202273234712315,-1.98460603072595,0.0471883208565258,0.0653550105786853
"Hras1",18.8517832571647,-5.83179363659976,0.268933066095844,-21.6849259976138,2.84714799724254e-104,1.90174184844607e-103
"Mir210",25.2026820348472,-6.48386715109478,0.292239737833101,-22.1868086769149,4.60537909058873e-109,3.39789100393967e-108
"Phrf1",1.29776411134849,-0.368366033912514,0.200866490439435,-1.83388495067863,0.0666710739607475,0.0905013668118845
"Irf7",1.44068028261156,0.252221750063339,0.197963910565016,1.27407944884228,0.202635260935131,0.244539605151169
"Drd4",75.5483492638078,-8.10164748442968,0.223240954030532,-36.2910448918868,2.23986792258835e-288,9.7434254632593e-287
"Deaf1",33.8232117725486,-6.84616808327772,0.304546562989177,-22.4798730810861,6.53258454594219e-112,5.07441835265153e-111
"Tmem80",1.2434066547068,-0.0283747950850013,0.206574633025366,-0.137358564647756,0.89074738116523,0.89667367268007
"Taldo1",3.17063891205001,0.677145647273071,0.19869268518746,3.40800491288447,0.000654397164850865,0.00104144914650046
"Pddc1",43.0734232764393,-7.05658670851264,0.225775595883452,-31.2548691584689,1.91707241815291e-214,5.28080106741856e-213
"Rplp2",19.556306852794,4.40303902894476,0.219919922392118,20.0211012310841,3.60661092803178e-89,1.78619630401574e-88
"Pnpla2",1.31887301664742,0.393175831935325,0.2097989084194,1.8740604271846,0.0609220968661541,0.0832883209173905
"Efcab4a",1.41613397732562,-0.427302595634725,0.196341756214555,-2.17632053350783,0.029531301206178,0.041815649612437
"Cd151",47.2043691161196,-7.01778803652068,0.264155623526127,-26.5668697218803,1.63974027502144e-155,2.43511927044436e-154
"Polr2l",24.2364568353363,-5.31090962417161,0.277164901621854,-19.1615518166058,7.75270046966699e-82,3.30359971033973e-81
"Tspan4",1.45520995213892,-0.547996043442785,0.195307900411398,-2.80580581885568,0.00501909285201235,0.00760954536378289
"Chid1",10.6388450078709,-4.94370365257393,0.27916061382762,-17.7091731702046,3.56267479522432e-70,1.25191265103137e-69
"Ap2a2",1.39055018030061,0.56554866847201,0.207272270579464,2.72853028960857,0.00636172474373524,0.0095756064481828
"Muc5b",16.6743983925616,-5.8613491684116,0.286690964919848,-20.4448339348619,6.67852063150388e-93,3.56278770530917e-92
"Mob2",1.2792452112902,0.298376826100314,0.211595167573607,1.41013062595826,0.158501115616576,0.197436157265757
"Ctsd",3.63837982843371,2.46599600548515,0.235201551388078,10.4846077372011,1.01666659578142e-25,2.33840036571007e-25
"Tnni2",1.22312731243158,0.253045549550308,0.212639014177453,1.19002409096543,0.234036923444855,0.276803611732671
"Lsp1",3.65108811987334,2.20784638361737,0.223336007673636,9.88576095102284,4.79921583793238e-23,1.0683115852455e-22
"Mrpl23",1.67935794711345,0.638031643261085,0.205380532237652,3.10658286990317,0.00189263252386429,0.00294252919570264
"Igf2",11.1409894263393,-5.22853682493601,0.273479179151536,-19.1185919204433,1.76816811778571e-81,7.48567524318037e-81
"Mir483",23.5025838196121,-6.37949666357138,0.286080940590721,-22.2996213952545,3.72639408960422e-110,2.80083184272629e-109
"Igf2as",23.2535910432855,-6.36347345087918,0.276010358747311,-23.0551979272088,1.30450674306853e-117,1.12554135517648e-116
"Ins2",13.0087838483093,-5.48072821878536,0.282181902238228,-19.4226779793919,4.96330413031421e-84,2.20497426044597e-83
"Th",12.1460863485347,-5.37431481909996,0.278722208815871,-19.2819755624509,7.6113306528612e-83,3.3026721536106e-82
"Ascl2",17.004333242041,-5.86915757872557,0.283344263659185,-20.7138747152657,2.59703041706466e-95,1.45768804054597e-94
"Tspan32",1.50572543699156,0.286685369472444,0.207264660242748,1.38318500190374,0.166608147285052,0.206701016952578
"Cd81",2.55369347111107,1.64262698653998,0.236082498309212,6.95785159130487,3.45500886431089e-12,6.63666836125221e-12
"Tssc4",1.23633964262837,0.225351075268181,0.212969092031732,1.05813981323921,0.28999170572395,0.331827717078859
"Kcnq1ot1",1.66698774037114,0.637400511383713,0.208812583684258,3.05250047740185,0.00226943370070999,0.00351161817628758
"Nap1l4",1.58652150677215,0.62384395315422,0.206427743202898,3.02209355910578,0.00251032946543145,0.00387460668526084
"Cars",1.1930212418788,0.16803305695317,0.214110529772978,0.784795858154835,0.432573268921484,NA
"Tnfrsf26",1.18517704757171,0.148399363360375,0.214518146612723,0.691779999518109,0.489075498670725,NA
"Osbpl5",1.24723943750552,-0.189184763357058,0.202227292597177,-0.935505593371616,0.349527802130216,0.387292533882345
"Dhcr7",23.0331285202985,-6.24372780390456,0.303995509208269,-20.5388817096866,9.67649781493665e-94,5.25338726926358e-93
"Shank2",20.5812811518648,-6.17999757460558,0.27291773395853,-22.6441773679121,1.59216743625806e-113,1.28655015747168e-112
"Cttn",1.19309446807882,0.187407846711097,0.213722251787456,0.876875688627273,0.380554162414599,NA
"Ppfia1",1.87570485675891,-1.67269599493014,0.194162921185854,-8.61490950339085,6.99968617884389e-18,1.45716298518704e-17
"Fadd",1.27752355796569,-0.302025564656596,0.197399610121716,-1.53002107993206,0.126011511189709,0.160767466310713
"Fgf4",19.8654358695109,-6.12668646992315,0.265460818454615,-23.0794378831112,7.44998781213693e-118,6.44924318065585e-117
"Ccnd1",1.3528861962158,0.409536650091547,0.21383296598538,1.91521755405828,0.0554647647260947,0.0762211338309942
"Insr",1.29051206344155,-0.253372367044604,0.200447969748176,-1.26403059787993,0.206219044792721,0.248778232913798
"A430078G23Rik",1.19355101268583,0.118474330228255,0.215247263658656,0.550410389495751,0.582037924237883,NA
"Arhgef18",1.56857368275281,-0.966914616100595,0.209567780241941,-4.61385149465399,3.95274900529333e-06,6.7817090575616e-06
"Zfp358",1.44765993983486,-0.906030782274387,0.20970537359069,-4.32049387557806,1.55680377278531e-05,2.62272573630444e-05
"Mcoln1",1.18495740104617,0.128486542913717,0.214992193320543,0.59763352766093,0.550084487840463,NA
"Pnpla6",2.02238442723883,-2.03240516496381,0.222097775050478,-9.15094788546121,5.64361502223533e-20,1.20860186322332e-19
"Xab2",1.2440316822297,0.206486467482447,0.213441817042538,0.967413369805112,0.333337429054396,0.371194373059014
"2900053A13Rik",1.57034039410487,0.733173588684178,0.204749804159071,3.58082681297499,0.000342508635071715,0.000551394009275051
"Stxbp2",1.48450556707057,-0.242170210034632,0.198036844024385,-1.22285431899133,0.221384724870073,0.26393245719351
"1810033B17Rik",1.74346542892363,-0.135246061773607,0.203561323068509,-0.664399600743851,0.506434588332294,0.528611987821351
"2400009B08Rik",16.6796091665629,-5.66681556688988,0.263056186470012,-21.5422250391966,6.2625350895679e-103,4.08630414594305e-102
"Trappc5",26.5676164031372,-6.18214326538818,0.263309119439592,-23.4786523100522,6.74050827959888e-122,6.24409107710845e-121
"Fcer2a",22.719507129878,-6.05224192989065,0.299214506027467,-20.2271006517815,5.65307124169348e-91,2.91591224126877e-90
"Cd209e",2.76426890261513,-2.80064530141236,0.243785657048804,-11.4881463303302,1.51324147331651e-30,3.67914321877605e-30
"Cd209d",2.69153033535623,-2.69383767164686,0.240158936479968,-11.2168954073944,3.36890583289248e-29,8.0816582939792e-29
"Map2k7",1.2053142153218,0.128526630990056,0.215040848241541,0.597684728464662,0.550050317239261,0.569195319323794
"Snapc2",1.19353341243495,0.0566463158288724,0.216715392298565,0.261385752198126,0.793795043326235,NA
"Timm44",1.30724410684439,0.28949475620159,0.211988334835526,1.36561644500957,0.172059382182428,0.211877795468807
"Elavl1",1.47899540271278,0.558261872542711,0.207467903572185,2.69083488544758,0.00712734606976676,0.0106881290802153
"Lass4",1.18942542313993,0.108354436390673,0.215455594860928,0.502908436704154,0.615028649238277,NA
"Slc10a2",2.78952406914846,-2.82029403016684,0.232987566495484,-12.1049121744508,9.9475789883779e-34,2.4928642496079e-33
"Efnb2",1.20908829991719,0.225398051756901,0.213080561389334,1.05780672947008,0.290143564190167,0.331827717078859
"Arglu1",1.49562457990821,0.528313905540661,0.208184056113654,2.53772510442509,0.0111575587148457,0.0164503478298248
"4933430N04Rik",6.04989588574014,-4.25208310464935,0.273821578313018,-15.5286633392661,2.21958160752913e-54,6.58494799164651e-54
"Lig4",40.4705679671741,-7.16499381979236,0.286317724776319,-25.0246254415087,3.29880852916748e-138,3.9314567402407e-137
"Abhd13",1.41466192153195,-0.773213560710459,0.200007027715141,-3.86593196020943,0.000110665789653831,0.00018125993787041
"Tnfsf13b",1.18476664074618,0.167999991971527,0.214091099396569,0.784712640763892,0.43262206965691,NA
"Myo16",5.94105518353172,-4.22233576141245,0.270369371613746,-15.6169159850123,5.58420791013192e-55,1.66331328336026e-54
"Col4a1",17.2331738718845,-5.62238279862111,0.293440287250096,-19.1602279677064,7.952418316913e-82,3.38455960980725e-81
"Col4a2",1.23598602509137,0.28945758224869,0.211851945503659,1.36632015137048,0.171838498743315,0.211829792717247
"Carkd",1.23602891364256,0.243950395859344,0.212557554393418,1.14769101740709,0.251096140683392,0.294845275205982
"Cars2",1.20125363143129,0.158287631271258,0.214352540873928,0.73844532295213,0.460243881510104,NA
"Ing1",1.37404623907232,0.426096396769739,0.209408572582802,2.03476100101517,0.0418749269162223,0.0584379410513782
"Ankrd10",1.26774607050079,0.243930153639203,0.212697675782315,1.14683977030785,0.251447848992494,0.294845275205982
"Arhgef7",1.20860632553936,0.156979361913433,0.212924757591529,0.737252744533254,0.460968663570073,0.485794724132015
"Tubgcp3",1.18098617368395,0.138466827265902,0.2147311740004,0.644838030204424,0.519032153993779,NA
"Mcf2l",1.18452292514149,-0.0412018089442066,0.209193312166121,-0.1969556699379,0.84386222847968,NA
"F10",1.18094280339282,0.158230746143313,0.214273789393438,0.738451243109248,0.460240285162763,NA
"Cul4a",52.8959661752558,-7.50598502767232,0.24927355180999,-30.1114377083766,3.43252709706129e-199,8.51201493903085e-198
"Lamp1",2.99712342867154,2.05703473513758,0.220318419871674,9.33664437288412,9.94355810585164e-21,2.14884592475867e-20
"Mir1968",26.4450506446438,-6.55568620030846,0.289675646637868,-22.6311264906018,2.1406547860102e-113,1.7244163553971e-112
"Dcun1d2",21.3196153582843,-6.18885635485421,0.285663572304638,-21.6648426851369,4.40413526806142e-104,2.93234516572457e-103
"Tmco3",1.2858079959425,-0.313395239689089,0.20095598428492,-1.55952180674923,0.118872927387274,0.152874274688733
"Atp4b",2.21389290949153,-2.30844076912503,0.233983073434207,-9.86584514530763,5.85393660711906e-23,1.30170603148718e-22
"Gas6",1.26558888960761,0.359140971500276,0.211734140364534,1.69618829954374,0.0898502255764349,0.118289578186378
"Rasa3",1.35458006398458,0.347174223171276,0.209544624702876,1.65680328790849,0.0975592520719361,0.127490122872827
"Cdc16",1.21959220700536,0.0183086759778678,0.209313486501488,0.0874701209362238,0.930297834419081,0.934217994156425
"Upf3a",1.28289226567508,0.11373723114229,0.205992160472578,0.552143493623055,0.580850045051248,0.600036908991535
"AF366264",27.0820761054328,-6.59124235457831,0.272456558744385,-24.191901949265,2.70717673422138e-129,2.82346904148563e-128
"Zfp828",1.4254833072179,-0.815548919284625,0.200349284540197,-4.07063554609797,4.68850512870527e-05,7.78311234595054e-05
"2410022L05Rik",1.25999641816033,-0.453418444203881,0.195543393716746,-2.31876125081822,0.0204079853272274,0.029411839704066
"Fbxo25",1.17350998239611,0.0671150147639992,0.21488232882874,0.312333802085184,0.754786853687694,NA
"2610019F03Rik",13.178568215028,-5.44485425383364,0.277980658221943,-19.5871694407113,1.98948089398907e-85,9.08979454409012e-85
"Erich1",7.51059311591117,-4.48325220902953,0.273738394192871,-16.3778713696651,2.75207137220234e-60,8.59199315962692e-60
"Dlgap2",5.06845129728016,-3.95029450755731,0.260413784247602,-15.1692988102403,5.64769307233699e-52,1.64376681558958e-51
"Cln8",1.43785390428913,-0.788756081918929,0.203838626446769,-3.86951234742993,0.00010905325862924,0.000178646794302412
"Kbtbd11",1.2329802215462,0.177778300269912,0.214008023401855,0.83070857551956,0.406138280693639,0.436795720715753
"Agpat5",1.20451923238957,0.168004494882576,0.214166388942704,0.784457802701817,0.432771532818841,NA
"Defb14",1.98295842364343,-2.0351198910839,0.226214701439934,-8.99640862476961,2.33221995337286e-19,4.95187641106623e-19
"4930467E23Rik",4.23683981380255,-3.63146873664435,0.261978454245114,-13.8617076244241,1.08072272614097e-43,2.9512804763044e-43
"6820431F20Rik",26.7713932880958,-6.06383479552262,0.290605988694003,-20.8661728644127,1.08695426594614e-96,6.27643945601644e-96
"2610005L07Rik",10.4462682688818,-4.85190831824567,0.272754766506611,-17.7885372284707,8.67141481511762e-71,3.06879900575688e-70
"Gm15056",31.3006700951347,-6.80644289935159,0.297180800158168,-22.9033736221485,4.30009121484892e-116,3.62039937766313e-115
"Gm6040",88.3223479198943,-8.32943052841653,0.264044311333721,-31.5455784157725,2.06176890301928e-218,5.96256713227736e-217
"AY761185",21.2806379242008,-6.23029045674256,0.294735074557875,-21.1386122472477,3.51254941707891e-99,2.15205492454835e-98
"Gm14851",6.4396151231401,-4.35735670510206,0.279806690289284,-15.5727395245521,1.11526465010384e-54,3.31342144197044e-54
"Gm15284",2.27576669010492,-2.37068949890225,0.231709804250873,-10.231286960717,1.43598230524044e-24,3.25057572998919e-24
"Defa22",20.6670664254883,-6.18629491197494,0.288677473638208,-21.4297805575507,7.05116878066357e-102,4.51620871595876e-101
"Gm15293",2.17891717437577,-2.26878585606689,0.230315909325827,-9.85075613190596,6.80302243714793e-23,1.51113945199626e-22
"Defa3",2.37632068542141,-2.47099989683838,0.234506175769691,-10.53703549055,5.83079898664387e-26,1.3449744016916e-25
"Defa-rs1",2.14698249223494,-2.23354643194916,0.225848623899339,-9.88957290678318,4.61994672425906e-23,1.0286253743072e-22
"Gm7849",282.261345644249,-10.0154740901014,0.186701808759972,-53.6442263555008,0,0
"Gm7861",42.7008033123535,-7.26548977291938,0.283466420834902,-25.6308657354198,6.91086066519965e-145,9.00741390070965e-144
"Gm15308",2.93027927903042,-2.92284570920918,0.248738200041578,-11.7506909221045,7.00437835230479e-32,1.72588411607416e-31
"Defa26",38.817562591413,-7.12500237124647,0.262789800698935,-27.1129334254842,6.93130176112164e-162,1.12364581344891e-160
"Defa17",5.44726310138415,-4.07367679631827,0.255920086650592,-15.9177689005712,4.77088120156863e-57,1.44454755639143e-56
"Defa6",19.8710989743353,-6.12705442886456,0.279357307810855,-21.9326799677387,1.26738704546574e-106,8.88021527158543e-106
"Defb1",16.2265163438619,-5.81980611185973,0.27130470351766,-21.4511803017116,4.45211287804413e-102,2.86207256445694e-101
"Defb50",3.38745461384197,-3.21262349733579,0.249012949187856,-12.9014314629565,4.4181310376035e-38,1.15544308698849e-37
"Defb9",7.57716786351417,-4.62525726788388,0.270078159834231,-17.1256249328816,9.55775814268094e-66,3.16872007016796e-65
"Ccdc70",26.6952777315745,-6.56973769244739,0.254525987358341,-25.8116578217925,6.56042871346955e-147,8.72495232721301e-146
"Atp7b",26.3533560526413,-6.55064658374856,0.23752514248788,-27.5787502541244,2.00136680659696e-167,3.4940249934569e-166
"Alg11",1.17351404966847,0.11846524775811,0.215158092724684,0.550596290652652,0.581910452229222,NA
"Nek3",6.54671624410407,-4.34963780894402,0.269374976933287,-16.1471487012739,1.18933661600326e-58,3.65196302090413e-58
"Ckap2",7.37177163428397,-4.51377928013977,0.272017100861948,-16.5937335036541,7.73584077698312e-62,2.45627061166982e-61
"Vps36",15.5114272300239,-5.35547981883474,0.27704811476179,-19.3305044628781,2.97494955959007e-83,1.30224207136773e-82
"Thsd1",25.2114872147601,-6.37898917767502,0.267651766064115,-23.8331667729289,1.51375764477304e-125,1.48950328100193e-124
"Slc25a15",51.4633009311061,-7.50775378073173,0.26203937427562,-28.6512429724965,1.54689876232993e-180,3.16039590581692e-179
"1810012K16Rik",17.1209758543538,-5.90154925245807,0.273517663438119,-21.5764831355882,2.98745062681339e-103,1.96404184785465e-102
"Mrps31",13.7802001002467,-5.47126021256056,0.289767392090013,-18.8815593538592,1.61739670569938e-79,6.61403118194341e-79
"AI316807",96.1178576137066,-8.10200358079762,0.203453850404211,-39.8223162879493,0,0
"Slc20a2",15.8298516608545,-5.73872394645743,0.286319334671664,-20.0430891369537,2.31917722114715e-89,1.15131765044109e-88
"Vdac3",22.84037569959,-5.65324016722126,0.280696601674301,-20.1400377970406,3.2908493026811e-90,1.6759252058532e-89
"Dkk4",28.0615566091039,-6.64414605475619,0.282000991423563,-23.5607187805121,9.74803845365366e-123,9.20158421845788e-122
"Polb",1.25963098938087,0.232386046505988,0.211544985054309,1.09851834325607,0.271978212314337,0.314655644565789
"Ikbkb",13.4154832935489,-5.20337311577784,0.287624112593739,-18.0908793385047,3.76038902321137e-73,1.37991076985331e-72
"Plat",1.25874641061513,0.225904897590214,0.207973923873434,1.08621741313922,0.277382815076796,0.320304898728211
"Ap3m2",21.6490985868993,-6.17024253678583,0.255208235833362,-24.1772861155417,3.85737383057621e-129,4.00706296430007e-128
"Myst3",10.1469526905587,-4.84985681778612,0.277080973098532,-17.5033917470092,1.34986035319802e-68,4.63113443555285e-68
"Mir3107",14.69243863274,-5.6680681860351,0.294705518874313,-19.2329896219298,1.95996970402738e-82,8.43101924600159e-82
"Nkx6-3",6.92946787172299,-4.4791338956685,0.26722462317961,-16.7616810246484,4.6528063661017e-63,1.4997004773727e-62
"Agpat6",1.21634432230803,0.177727308930317,0.213947598569878,0.830704855386674,0.406140382781801,0.436795720715753
"Gins4",97.1756174192808,-8.24953672077937,0.239972479385938,-34.3770116552073,5.56251357096532e-259,2.03763655020624e-257
"Golga7",1.6708579767785,-0.546631700127328,0.197944014814017,-2.76154699924082,0.00575282359682933,0.00867535437684504
"Sfrp1",10.5747117745086,-5.14700934116497,0.275523642071659,-18.6808264527308,7.09126995002973e-78,2.81066280479538e-77
"1810011O10Rik",1.2086863410724,0.225358191007688,0.213022205691908,1.05790938684402,0.290096755269914,0.331827717078859
"Ido2",47.7629576429294,-7.43032325462972,0.275642490866067,-26.9563782829117,4.80216586458871e-160,7.59615327671305e-159
"Ido1",14.2216093158828,-5.60694472901645,0.29029550593234,-19.3146108514793,4.04770680714056e-83,1.76590301155652e-82
"Adam18",38.5569989833913,-7.11503854348141,0.276309980766187,-25.7502046207377,3.20646203920586e-146,4.23204344997587e-145
"Adam3",24.9913907171561,-6.46060188366409,0.269259511165039,-23.9939597888676,3.21533211198848e-127,3.24016093138607e-126
"Adam5",10.2217336634299,-5.10442270712337,0.284243981122973,-17.957891973498,4.16320979807534e-72,1.5044621077157e-71
"Adam9",1.28477512082309,-0.0998992847929036,0.197917695824474,-0.504751656372863,0.613733274474386,0.630585118149059
"Tm2d2",1.43969884440317,0.60946375418035,0.206497643556687,2.95143200514557,0.00316304178927077,0.00484835652326924
"Plekha2",1.42568321044057,0.368536436325341,0.207890413827471,1.77274377177964,0.0762711744028118,0.101981437085727
"Tacc1",1.43174336613417,0.244786168092922,0.199711823496279,1.22569692573802,0.2203127475398,0.262744469307232
"Fgfr1",1.22395819944984,0.262298383313747,0.212444185012771,1.23466963003944,0.216953483096514,0.259521314600617
"Whsc1l1",36.9724764272323,-6.50770720210588,0.268492943047368,-24.237907813308,8.8690731139397e-130,9.30584153864628e-129
"Ddhd2",1.19353631542019,0.128551366175417,0.215011917407976,0.597880190666343,0.549919878494104,NA
"Bag4",1.18932908767178,0.118472463407279,0.215217357938868,0.550478198142972,0.581991426488369,NA
"Lsm1",1.31861591847782,0.359397515801698,0.21050009586523,1.70735084145424,0.0877568615454607,0.116060506021613
"Ash2l",1.22859891572831,0.197000624981567,0.213587175508374,0.922342947382828,0.356349718849345,0.392000127749348
"Hgsnat",1.23968987423022,0.280451885838565,0.211791294391915,1.32418986646162,0.185439995477574,0.227031556315038
"Fnta",1.29881936137024,0.333563445800384,0.210954822175243,1.58120796842126,0.113830494001941,0.147046970803584
"Hook3",15.2011366084196,-5.37353067676504,0.264156873939158,-20.3421951381916,5.44384823345541e-92,2.84595771443538e-91
"Rnf170",1.19685991734565,0.138466901384558,0.214804906043074,0.644617033825064,0.519175393510226,NA
"2310008N11Rik",22.9911496701916,-6.34643003737664,0.269105944647118,-23.583388489239,5.70724375174492e-123,5.39706746088922e-122
"Zfp703",3.75505826233829,-3.15485781219272,0.256149265827381,-12.3164819621961,7.38460700135441e-35,1.86716631373553e-34
"Erlin2",1.22391956056923,-0.029734118917295,0.207992075040828,-0.142957941601661,0.886323397676525,0.892392349478534
"Prosc",23.2226066059454,-6.15470061856247,0.296247427752451,-20.7755411253915,7.20476846311558e-96,4.08570248533007e-95
"Gpr124",13.7790728122587,-5.53637537062483,0.292731799235,-18.9127911114991,8.94922904980267e-80,3.67256097798506e-79
"Brf2",1.48830073517376,-1.1005484315784,0.199288900319947,-5.52237696034016,3.34443992663742e-08,5.99518420915087e-08
"Rab11fip1",1.20856411088823,0.185723009059817,0.212286924222819,0.874867869228156,0.381645803534785,0.414641290070195
"4933416M07Rik",3.58143558636645,-3.31759522964843,0.257336229138952,-12.8920643655544,4.98902096423815e-38,1.30343790957573e-37
"Eif4ebp1",1.61481400998752,0.3188587756633,0.192899286193527,1.65298058875865,0.0983348141884107,0.128439316918179
"Tex24",4.02149919443205,-3.53577171723658,0.25625880863864,-13.7976592337261,2.63262908873378e-43,7.16679209553604e-43
"Chrna6",10.4763249317063,-5.14327781105823,0.289523395758769,-17.7646362484074,1.32798247893785e-70,4.68858203588474e-70
"Mir1186",11.5017859009394,-5.28933156943309,0.284630188313974,-18.5831713802559,4.39734105258349e-77,1.72587370635232e-76
"Tti2",1.30799489028752,-0.519130984656883,0.198792049838728,-2.61142729338538,0.00901651580487095,0.013390103129851
"Mak16",1.38483861058604,0.289461603870133,0.20817522542423,1.39047095196008,0.164385914133124,0.203968260464679
"Gm3985",12.4191799941989,-5.40872640100782,0.283005561267173,-19.1117318571054,2.01663889645228e-81,8.53067669325844e-81
"Wrn",15.6886381892291,-5.66701111739454,0.274566392838164,-20.6398571173087,1.20417981133271e-94,6.67284354050612e-94
"Tex15",1.62839955763951,-1.46197791069769,0.207948077980036,-7.03049494325235,2.05802183591838e-12,3.96782049251854e-12
"Ppp2cb",1.29431792001876,0.186826613066017,0.205949197529147,0.907149021736665,0.364327997565152,0.399075049268722
"Ubxn8",2.26077309554004,-2.29313852471931,0.227521155261704,-10.0787925504406,6.85634693594316e-24,1.54101748140466e-23
"Gsr",30.8289090350504,-5.57917399546897,0.260084851010681,-21.4513608685338,4.43486430298002e-102,2.85274080857125e-101
"Gtf2e2",1.23073140044384,-0.00081874194982799,0.208668161923522,-0.00392365534962666,0.996869384007299,0.996964878727484
"Rbpms",1.32961807793548,0.372884953623888,0.206199375432621,1.80837091694166,0.0705487912143489,0.0950360490681036
"Dctn6",1.2681175726108,0.262359680744132,0.212393993319761,1.2352500023348,0.216737475069931,0.259521314600617
"Mboat4",8.60424408670816,-4.83024761561927,0.283734266458252,-17.0238430342356,5.46622210594395e-65,1.79457103100801e-64
"Leprotl1",9.32676926290009,-4.15819405386428,0.271838166395663,-15.2965792441816,8.05821462148116e-53,2.36513243318142e-52
"Tmem66",2.12057912744463,0.772161259101805,0.189862816030334,4.06694304470043,4.76338790424311e-05,7.90365062306072e-05
"B930018H19",22.7746881434044,-6.33216284380847,0.295761130474096,-21.409719504582,1.08463504220487e-101,6.92998154260637e-101
"Ppp1r3b",9.86825197816116,-5.00352635190161,0.285719408954384,-17.5120282175175,1.15986798919586e-68,3.98061203392663e-68
"Eri1",23.4507952000518,-6.17877252578308,0.279280452827254,-22.1238989812327,1.86126151376203e-108,1.3598019736652e-107
"Gm16793",1.20811463181755,-0.299154264586349,0.203234960997549,-1.47196261468988,0.141030973401244,0.177972121637736
"Mfhas1",39.4933655708925,-7.0552819483408,0.251058234667473,-28.1021730184853,9.2150818601096e-174,1.76200466336162e-172
"5430403N17",2.18133064052503,-2.27179992398826,0.233256019678739,-9.73951251983628,2.04533151235209e-22,4.51920867491128e-22
"D8Ertd82e",17.6755415379201,-5.87301634330597,0.281155283976853,-20.8888705922008,6.7599133284529e-97,3.91639817697271e-96
"Lonrf1",38.3105899918185,-7.07340927260979,0.284770868247143,-24.8389497006801,3.40431214108501e-136,3.94024598147755e-135
"6430573F11Rik",3.47988357634951,-3.26352691350428,0.246978741874329,-13.2137968180471,7.30449739635758e-40,1.941419369093e-39
"Dlc1",1.24006413195016,0.268748571882623,0.210639108557697,1.27587214797298,0.202000718131552,0.243943030340474
"Cnot7",1.18525662314904,0.098136945511103,0.215680759320433,0.455010200354973,0.64910190046882,NA
"Vps37a",1.17735225246525,0.108338969244129,0.215410605642943,0.502941667708358,0.615005284566114,NA
"Mtmr7",7.92494548543934,-4.60917865526082,0.274873531966423,-16.7683611524439,4.15820047962697e-63,1.34152079750635e-62
"Adam24",14.9479975936371,-5.6944575112895,0.289818645797894,-19.6483476610424,5.97256671304156e-86,2.76635299397311e-85
"Adam25",23.938224743101,-6.40692143439467,0.289821663245028,-22.1064269753293,2.74131463032898e-108,1.99437803070624e-107
"4930529F22Rik",102.273105876175,-8.54298493032846,0.232145400123962,-36.8001473463038,1.83626737776014e-296,8.4825802760247e-295
"Adam39",12.3725533679831,-5.40325794817096,0.281447100433526,-19.198129736807,3.83659660303664e-82,1.64021574675276e-81
"Slc7a2",1.43825418546832,-0.624012452627733,0.204057876017788,-3.05801699402838,0.00222806940283287,0.00345016976647511
"Pdgfrl",9.42041141095611,-4.81384147554115,0.286247985939929,-16.8170317766056,1.83105675716314e-63,5.92935252629752e-63
"Mtus1",141.683524123346,-8.68368610952241,0.223240563053822,-38.8983345622043,0,0
"B430010I23Rik",1.46924761751587,-0.763161981660982,0.208107120558274,-3.66715939182524,0.000245259924356477,0.000397471842639184
"Fgl1",73.9279540351209,-8.06999913288678,0.224843116013628,-35.8916887292989,4.11757511620104e-282,1.71264877343183e-280
"Pcm1",2.18214759183445,-1.70886316646994,0.224581591249487,-7.60909724150795,2.76017029443023e-14,5.47627857731881e-14
"Asah1",1.74595004135774,-0.407224600516616,0.186100741168742,-2.18819440459603,0.0286554445210996,0.0406305637376449
"Frg1",1.5355414479134,0.573209880206596,0.207113201605901,2.7676163361972,0.00564678877056978,0.00852653670302986
"Adam34",44.6169514000026,-7.33012379269756,0.278725005984602,-26.2987662940529,1.9810475652916e-152,2.82542849476015e-151
"AY512931",26.0960189212545,-6.53592845069195,0.276316263508637,-23.6537957183532,1.07879659753268e-123,1.0285512765517e-122
"Mtnr1a",17.8260756949685,-5.96275802363145,0.288513161761289,-20.6671958645856,6.83751719704201e-95,3.80916112791454e-94
"Gm6329",1.28193323080961,-0.610015970970142,0.196439836830667,-3.10535775641059,0.00190049005270937,0.0029538657362343
"Cyp4v3",1.17721498582168,0.087857650466027,0.215908071451139,0.406921565625256,0.684065596249067,NA
"Tlr3",11.0765158540675,-5.13229656419351,0.280071429132539,-18.3249558160562,5.23238856649609e-75,1.99002319250343e-74
"D330022K07Rik",4.89507936785798,-3.8891397763182,0.267722338349001,-14.5267660528512,8.20013312602813e-48,2.30939816120134e-47
"1700029J07Rik",1.84280499692303,-1.82641295671385,0.221893413000212,-8.23103728956617,1.85599176747308e-16,3.8037993821003e-16
"Ufsp2",1.24388978052567,0.225324487862711,0.213055048077886,1.057588120514,0.290243260759978,0.331827717078859
"Ankrd37",1.23294761564572,0.177773229979296,0.214192098721017,0.829970998187211,0.40655518115838,0.436795720715753
"Lrp2bp",8.15830451410904,-4.74476906271214,0.262738967876919,-18.058870753176,6.71829099447682e-73,2.46187988705995e-72
"4933411K20Rik",1.18914728361132,0.128511323259404,0.214981432943226,0.597778708142402,0.54998759941986,NA
"Slc25a4",1.87598104348776,-0.261367736666298,0.195153183476904,-1.33929527568906,0.180474566121759,0.221665231801314
"Acsl1",30.0415413847694,-6.69197501064563,0.300313519969743,-22.2832958413589,5.36604368391438e-110,4.02164365111745e-109
"Mlf1ip",1.35338865026041,-0.75518833361361,0.193862970134321,-3.89547489698711,9.80065128418426e-05,0.000160878615419628
"Gm16675",16.4925509244345,-5.82268231979351,0.279326835072585,-20.8454097089542,1.67766442465441e-96,9.63941474595047e-96
"Irf2",11.3694187823794,-4.52182938951086,0.272510781737418,-16.5932127921013,7.80321435514798e-62,2.47615677409559e-61
"Enpp6",26.9858146507708,-6.58595937887935,0.300031111769636,-21.9509214895556,8.4863810715031e-107,5.99038663870807e-106
"Stox2",9.21200529882787,-4.89509378811717,0.274070986207388,-17.8606785630825,2.38719431959848e-71,8.54967708288444e-71
"D030016E14Rik",19.9734350281885,-6.05857730275063,0.28932493827906,-20.940390893325,2.29568154403603e-97,1.3449447429706e-96
"Rwdd4a",13.0271542160697,-5.20330882300536,0.28914902405601,-17.9952494738403,2.122641195774e-72,7.71869525736001e-72
"Ing2",17.9851766820533,-5.75651488292092,0.288725525927686,-19.9376721695285,1.91784089297806e-88,9.33438644414498e-88
"Cdkn2aip",9.58992719065063,-4.88875717648278,0.26837596231485,-18.2160769329537,3.84771823004481e-74,1.43567470770793e-73
"Aga",1.38466437770426,-0.427824245452825,0.194625784198622,-2.1981889358309,0.0279356448059169,0.0397286652736375
"Neil3",18.1459172742536,-5.94741222779343,0.292034314588315,-20.3654568339943,3.3867958043443e-92,1.77768467558343e-91
"Vegfc",3.3624478452628,-2.9299578444675,0.24586066023002,-11.9171478744355,9.63507545994804e-33,2.39101943907434e-32
"Spcs3",10.4386547246161,-4.73910377139095,0.285357763342559,-16.6075866164604,6.14147423548314e-62,1.95300003102175e-61
"Asb5",42.5865206215843,-7.26160369723057,0.292794320249413,-24.8010401671892,8.73623915207932e-136,9.98974115528018e-135
"Spata4",7.02544246050065,-4.50146299965533,0.277176319761112,-16.2404313742782,2.61081768854788e-59,8.06418244628398e-59
"Gpm6a",28.8178753014846,-6.67293331183968,0.297876877959296,-22.4016491563723,3.79276030796164e-111,2.90296316826389e-110
"Adam29",16.8960782553399,-5.88150392724855,0.293843021439735,-20.0158026501058,4.01124352413878e-89,1.98471006597198e-88
"Hpgd",2.69544945662642,0.0220412086938133,0.234093666916485,0.0941555104165919,0.924985625253801,0.929436951650595
"Fbxo8",1.23241891043326,0.0383358211828882,0.207590858096956,0.184670083906023,0.853487812138791,0.861076737549265
"Scrg1",2.99926841601315,-2.94497920594355,0.245100012765349,-12.0154184111079,2.94873313131717e-33,7.36301695550138e-33
"Sap30",1.28608415526397,0.324783839334661,0.211196975237608,1.53782429397609,0.124091581854491,0.158746132980675
"Hmgb2",51.3415150866635,-5.96185600265563,0.24019264033387,-24.8211435386555,5.30094736103822e-136,6.0882167710934e-135
"Galnt7",7.58983621286672,-4.48966846437757,0.276688808924036,-16.2264187042353,3.28049347261201e-59,1.01236629778509e-58
"AW046200",15.492573507453,-5.74928490059591,0.290349784629992,-19.8012370077096,2.90472705432544e-87,1.38408719521486e-86
"BC030500",5.2665615640783,-4.01564526166322,0.253045071203978,-15.8692885917791,1.03406304674099e-56,3.1246362396457e-56
"Mfap3l",2.42689562628861,-2.49276525308351,0.245244374368534,-10.1644135956309,2.85836814619517e-24,6.44243597717564e-24
"2700029M09Rik",1.94350535737407,-1.45376445414463,0.217541735662762,-6.68269217267939,2.34592020535251e-11,4.44167699381215e-11
"Clcn3",7.65311912140586,-4.53171853328635,0.271739384295987,-16.6767086229586,1.93595783645765e-62,6.19981589344106e-62
"Sh3rf1",20.3501886390858,-6.13069327753045,0.295324995022526,-20.75914122021,1.01361840009211e-95,5.73559680052121e-95
"Ddx60",1.17357175989389,0.108349183288686,0.215396704113762,0.50302154684531,0.614949123255156,NA
"Sc4mol",1.25151371928592,0.271396839205889,0.212225982727102,1.27881061366022,0.200963755448563,0.242915550177492
"Klhl2",1.18146778176036,0.158279197714365,0.21426345929313,0.738712976242139,0.460081304546006,NA
"Tmem192",1.25164864873062,0.262302340372112,0.212242723476902,1.23586022679669,0.216510523352853,0.259521314600617
"March1",3.17222822134399,-2.78861239824397,0.241356153068475,-11.5539312455515,7.05193130118322e-31,1.72135054440853e-30
"1810029B16Rik",1.7466673053948,-1.58635279338615,0.223390108698835,-7.10126693892612,1.23618341184766e-12,2.39172624530941e-12
"Tktl2",35.8609160066294,-7.0079574502075,0.271181962184908,-25.8422698683369,2.97206794071402e-147,3.9779986283403e-146
"Npy5r",11.1458824865974,-5.24019282902041,0.223703068241885,-23.4247695849853,2.39045006214865e-121,2.20656928813722e-120
"Npy1r",43.439901237978,-7.26932534252829,0.300236718092452,-24.2119797628811,1.66388869852391e-129,1.74058096318533e-128
"Naf1",1.54395901308266,-1.25272910710707,0.209550397790283,-5.97817575302716,2.2565021400913e-09,4.12933958677531e-09
"Nat1",35.4909953288115,-6.99259977939139,0.293725585774951,-23.8065736117011,2.8552324009716e-125,2.79893204376934e-124
"Sh2d4a",8.42027133087624,-4.79617793892527,0.278097761901945,-17.2463737432607,1.19146659857107e-66,3.98427651796347e-66
"1700125H03Rik",29.3955905600344,-6.7132242864356,0.274249171929153,-24.4785580908512,2.49946892309485e-132,2.72100683598647e-131
"Ints10",10.3330372211612,-5.06420771536282,0.267852005361659,-18.9067381016059,1.00376870577377e-79,4.11438762790663e-79
"Lpl",7.64169617349265,-3.32563287405251,0.266443043582978,-12.48159017151,9.40885822353493e-36,2.40226167409402e-35
"Atp6v1b2",1.56526158786662,0.301939535770333,0.192571211342187,1.56793704347534,0.116895825630805,0.150387235931683
"Lzts1",8.14060172510527,-4.74145970893776,0.280797485444637,-16.8856914848427,5.73405265689905e-64,1.86548799432926e-63
"Zfp930",1.48853408308121,-1.05167833480481,0.208209615350084,-5.05105555781618,4.39375241005139e-07,7.70160764958639e-07
"D130040H23Rik",38.3356969604986,-7.09483378694382,0.281752381664991,-25.1810960568195,6.45372768461093e-140,7.88034117278808e-139
"Gm10033",1.39800301415215,-0.749937218777049,0.203233142385189,-3.69003406617455,0.000224224023191617,0.000363776037625561
"Zfp869",57.7994611071655,-7.62588806577952,0.28624351024387,-26.6412609993586,2.25968212861086e-156,3.39440020470466e-155
"Zfp866",1.18136550857541,0.0567881920044512,0.215172154598472,0.263919799987235,0.79184171822849,NA
"Atp13a1",1.78395242652978,-1.41633839266833,0.219636206559629,-6.44856517444817,1.12914005660509e-10,2.11372103119189e-10
"Gmip",1.27103977717909,0.243907800021418,0.212780482818714,1.14628840385339,0.25167583943475,0.294884914585097
"Lpar2",11.5111102168482,-5.26579691828737,0.282513769140342,-18.6390806165328,1.54879813552585e-77,6.11321456895646e-77
"Cilp2",2.01547710444758,-2.07595739794688,0.2257260714289,-9.19679939851685,3.68770033661112e-20,7.91683971092332e-20
"Ndufa13",2.66990514001807,1.51444055584467,0.196780641729176,7.69608505459067,1.40298439781863e-14,2.79206197354679e-14
"Gatad2a",1.28644257083209,0.280473468675179,0.212102282635763,1.32235007181336,0.18605160637258,0.227031556315038
"Mau2",1.29560498418974,0.316162098514927,0.211264988780532,1.49651913618004,0.134518424970571,0.170882100887308
"Rfxank",17.6514226182437,-5.87065320988458,0.275423497323084,-21.315004953982,8.23987026271419e-101,5.19156581428704e-100
"Nr2c2ap",1.54018975501084,-0.991492726910557,0.206530557163592,-4.80070717150683,1.58106316683102e-06,2.7369092126871e-06
"2310045N01Rik",1.27922109851763,0.289440131914637,0.211800000611669,1.36657285684017,0.171759229889736,0.211829792717247
"Tmem161a",1.20054195330458,0.17771924163976,0.21391708669463,0.830785630011209,0.406094741953128,NA
"Ddx49",1.21634085737601,0.148390406551675,0.214644522718604,0.691330972121813,0.489357572276458,0.512050895553324
"Cope",1.69549594402579,0.828680833553281,0.204036251198622,4.06143922310448,4.87711157876196e-05,8.08592105483164e-05
"Lass1",16.0778043364444,-5.80579717823603,0.275140032526028,-21.1012447913656,7.74696809936272e-99,4.7186900208487e-98
"Upf1",10.798411313572,-5.07765528816099,0.279199470167671,-18.1864789539595,6.60493980143691e-74,2.45480852712714e-73
"2810428I15Rik",1.5806315436032,0.592152678019468,0.200252936888174,2.95702368824753,0.00310624253242838,0.00476619224552503
"Uba52",23.4694321190985,4.52833408964988,0.219836681791754,20.5986282759647,2.82327173441844e-94,1.55458633477471e-93
"2810422J05Rik",1.36914149664464,0.393043695523711,0.210060755762431,1.8710953128638,0.0613318711551138,0.083536168931427
"Fkbp8",1.65966608866634,0.82242482493847,0.203761031834828,4.0362223214748,5.43187461995587e-05,8.987126946488e-05
"Ell",1.20071052491259,0.0870042101760797,0.211656135194367,0.411063965125238,0.681025632106262,NA
"Isyna1",1.31014434552816,0.28646715920675,0.210631632243776,1.36003864260618,0.173817695778968,0.213740488095692
"Ssbp4",1.36095480739765,0.421495365396137,0.208170960022516,2.02475583218018,0.0428924424333141,0.0597381402086178
"Lrrc25",32.0049463502112,-6.52700694017784,0.2615251473558,-24.9574735208847,1.77154444411092e-137,2.08982192051051e-136
"Gdf15",36.7942348965543,-7.04593684766993,0.257123903827995,-27.4028853123798,2.53377848272129e-165,4.31527689390053e-164
"Pgpep1",1.67014916577343,-1.44904040453613,0.19584373600633,-7.39896222409326,1.37252886574306e-13,2.69345890194691e-13
"Lsm4",1.96861579222307,1.05059514022378,0.202253971370905,5.19443516042086,2.05342323087044e-07,3.61940545843109e-07
"Jund",3.46300610272059,2.13487605728705,0.206450816534919,10.3408457913556,4.60455483255053e-25,1.05097403698792e-24
"Rab3a",1.17763979808276,0.11847641336217,0.215174264204264,0.550606801423522,0.581903245406737,NA
"Mpv17l2",1.2826000263348,0.289391239290771,0.211854741487979,1.3659889661105,0.171942426647398,0.211829792717247
"Ifi30",8.5860592604416,-3.78908137325262,0.274879869405232,-13.7844993212897,3.15950967531295e-43,8.58991692975708e-43
"Pik3r2",1.20406434572159,-0.105108138604671,0.206017438735815,-0.510190492851701,0.6099180120806,NA
"2010320M18Rik",1.66600778061028,-1.39987103430811,0.216270080830892,-6.47279100710519,9.62089844549267e-11,1.80359453709721e-10
"Mast3",1.21607570106405,0.0867661775826383,0.210334421959405,0.41251534948181,0.679961732487526,0.694395039339702
"Il12rb1",103.308913182589,-8.53620854455953,0.254677815064996,-33.5176762152644,2.6641125094576e-246,9.30211859489542e-245
"Ccdc124",30.5141916263085,-6.34899986290976,0.270275597775251,-23.4908364468378,5.06055950043001e-122,4.7003773295809e-121
"Rpl18a",31.0534568917511,0.854519172827383,0.218946074177,3.90287506199619,9.50567762560229e-05,0.000156110231888136
"Haus8",1.22433302284127,0.215930011003245,0.213133610216182,1.01312041204682,0.311002649554798,0.351037806053935
"Myo9b",1.66996525011507,-1.01113083677761,0.192689402543605,-5.24746469411465,1.54206589307951e-07,2.72636205313296e-07
"Use1",2.11983424949308,1.07675343880176,0.202973776118758,5.304889426562,1.12741314633202e-07,2.00105291528499e-07
"Ocel1",21.7641680514668,-6.10706497181518,0.294718117589049,-20.7217154539878,2.20681238755989e-95,1.23999576566874e-94
"Nr2f6",1.23153752439333,0.262271075409972,0.212195427938818,1.23598834318707,0.216462896659956,0.259521314600617
"Ushbp1",33.8300932176843,-6.68119294597268,0.288989764614232,-23.1191334921197,2.97296593857637e-118,2.5907983638345e-117
"5430437P03Rik",1.35353516567507,0.359307118788687,0.210612808633273,1.70600791623422,0.0880066057104075,0.11614068557915
"Abhd8",1.54046143567457,-0.739093503271602,0.202702138663771,-3.64620476204034,0.000266141933066898,0.000430711793709256
"Mrpl34",1.51879649891478,0.602237636019158,0.206686338339437,2.91377572827341,0.00357086339213535,0.00545744602750594
"Dda1",1.39298767164495,0.413488808237252,0.208280791942717,1.98524695619062,0.0471170023911115,0.0652648938520903
"Plvap",1.73376215088694,1.12383364754159,0.222695017873964,5.04651454833007,4.49942646730367e-07,7.88551490996312e-07
"Bst2",2.11039461425081,1.38482629746412,0.226050719766444,6.12617512961218,9.00167241366144e-10,1.658035638649e-09
"Fam125a",1.31090351220272,0.307272506928144,0.211493079433279,1.45287263182094,0.146259120984887,0.183714983016129
"Pgls",1.9226366063411,0.929543333481187,0.203049417160435,4.57791677750412,4.69629449098495e-06,8.03364156740667e-06
"Fam129c",1.18937786815307,0.0463685629096824,0.215439497953308,0.215227770906391,0.829589740198823,NA
"Glt25d1",1.41465390989494,0.587519048440677,0.207526450753445,2.83105621624439,0.00463945659774498,0.00704830135047404
"Jak3",1.19691924252926,0.158255752288541,0.214321889010829,0.738402190363978,0.46027008395288,NA
"Fcho1",1.2050590827621,0.097730923922985,0.214286292246402,0.456076414867485,0.64833502948913,0.663543757251007
"Zfp882",6.45749456525382,-4.2669991522161,0.26780321729434,-15.9333379013378,3.71959958145693e-57,1.12787161284956e-56
"Zfp617",1.93498897946821,-1.82453324549943,0.224327655331668,-8.13334068330478,4.1761882400319e-16,8.5088612853109e-16
"Cyp4f18",1.53449151894762,0.692981484716283,0.206216480976969,3.36045635845021,0.00077813823127308,0.00123386438859219
"Tpm4",2.05363241243207,1.21067926397265,0.201528661162055,6.00747931828471,1.88429833651474e-09,3.45305856296539e-09
"Rab8a",1.56278667021554,0.644952510127696,0.206144797081832,3.1286383127665,0.00175618335447728,0.00273527587956778
"Fam32a",1.72050377398586,0.871275515410946,0.203342636575906,4.28476550753145,1.82932028493071e-05,3.07191632212909e-05
"Ap1m1",1.31501767808199,0.342270236158776,0.210779152660582,1.62383343816707,0.104411361477206,0.135948916404084
"Klf2",6.94241113900891,3.4412577658254,0.236942771060716,14.5235820042958,8.59015196683378e-48,2.41858647609883e-47
"Eps15l1",1.21315654512813,0.177766189728361,0.213966431099871,0.830813454309507,0.40607902084327,0.436795720715753
"1700030K09Rik",1.17787970958496,0.0671426267700447,0.21640894002883,0.310258100987417,0.756364690614778,NA
"Cherp",1.20866479887002,0.196958902769995,0.213486114907918,0.92258413553007,0.356223966250291,0.392000127749348
"Slc35e1",1.17714701013938,0.118463390020322,0.215170828697138,0.550555067048907,0.581938718036675,NA
"Med26",1.32774118254449,-0.601310097004107,0.201036537726416,-2.99104881035311,0.00278021050296035,0.00428103210190355
"9130011J15Rik",32.8265562762826,-6.38764744293474,0.258780867161399,-24.6836155740634,1.60383545414653e-134,1.80431488591485e-133
"Sin3b",1.56653310384752,0.651896280905889,0.205739823146367,3.168546910056,0.00153203023405859,0.00239688230834283
"Large",29.6558871387496,-6.67344635049615,0.255613367595996,-26.1075796358339,2.99046207268601e-150,4.13515550183336e-149
"Hmgxb4",1.23161227578839,-0.0483206730700746,0.207288347557461,-0.233108486991436,0.815677164764953,0.825039605821567
"Tom1",1.20842035799741,0.206469712490905,0.213312509950338,0.96792125571526,0.333083697846868,0.371194373059014
"Hmox1",1.25160756327347,0.253102123062386,0.212716751038821,1.18985515633508,0.234103326451171,0.276850784792731
"Mcm5",1.20839009076805,0.148405879729088,0.214643101337234,0.691407638095582,0.48930940543385,0.512050895553324
"Arhgap10",1.51965589694603,-1.09526079997087,0.210315475385447,-5.20770427360885,1.91191309822372e-07,3.37339407562205e-07
"0610038B21Rik",1.64629635464333,-1.51178198549085,0.211282234846876,-7.15527259822148,8.35068113344603e-13,1.61896213617784e-12
"Prmt10",37.571753461263,-7.05511606242445,0.244769293897007,-28.8235339903096,1.08789806855018e-182,2.26248124216413e-181
"Tmem184c",2.67808605909973,-2.57787952357896,0.240606151386799,-10.7141048087118,8.73986537207906e-27,2.03533782031018e-26
"1700092C02Rik",11.877665912614,-5.3396445109977,0.287596725524012,-18.5664301332662,6.00661593192133e-77,2.35482802588279e-76
"Ednra",11.0863833684165,-5.14550884396604,0.288136812509328,-17.8578668902276,2.51051935646672e-71,8.98211860230041e-71
"Rbmxl1",2.48252671375844,-1.95592037595464,0.233767000693081,-8.36696526950192,5.91211139377777e-17,1.21908834586293e-16
"Lsm6",2.50804129498901,-1.51795433750176,0.205143322604969,-7.39948207051703,1.36716679936562e-13,2.68344075679208e-13
"1700011L22Rik",2.58040917669456,-2.6541546986352,0.241093796971653,-11.0088054191924,3.46568338887095e-28,8.21938541113419e-28
"Mmaa",5.66557750384104,-4.1160507532486,0.269878702464936,-15.2514841506746,1.60933079289731e-52,4.71155734095567e-52
"Smad1",5.7394880713233,-3.9915166983244,0.26811832219079,-14.8871463378921,3.99458539055604e-50,1.14853956148182e-49
"Otud4",1.39039496900037,-0.669183205737013,0.199201452124168,-3.359328953686,0.000781320019784245,0.00123872148922513
"Abce1",2.4092949733072,-2.14199452644649,0.235874439106929,-9.08107946989311,1.07503294367e-19,2.29375514651846e-19
"Anapc10",1.27092016222941,0.280449817964394,0.211947496290036,1.32320420327409,0.185767478580361,0.227031556315038
"Hhip",6.00751935724366,-4.19460094201243,0.26892920883575,-15.5974167334658,7.57997563344335e-55,2.2551993620162e-54
"Smarca5",12.7828304014435,-4.92906860749809,0.269085309517826,-18.3178658706062,5.96047625261932e-75,2.26528474981236e-74
"Usp38",1.89158983773779,-1.71164110400577,0.219945759007255,-7.78210551424777,7.13273378253035e-15,1.4273670824155e-14
"Inpp4b",1.61032297376403,-1.17889799780017,0.207290606684062,-5.68717520131996,1.29157933486949e-08,2.33208029333059e-08
"Zfp330",124.059043404523,-8.56815129407779,0.271328569630735,-31.5785075848762,7.2848461123941e-219,2.11260537259429e-217
"Elmod2",181.335984653563,-9.3534798039472,0.212456260929901,-44.0254373441757,0,0
"Scoc",20.4176213315005,-5.82416196869944,0.286715765418269,-20.3133649110749,9.79578514822699e-92,5.10319346045358e-91
"Olfr370",26.1573016268435,-6.53937892048436,0.276024728340498,-23.6912792553047,4.43497952971796e-124,4.25171591278746e-123
"Ndufb7",3.68781721160159,-1.57773786596458,0.225107359999706,-7.00882399387847,2.40329549373009e-12,4.63008026472452e-12
"Tecr",29.6254221237378,-5.93077025326081,0.253814795257737,-23.3665269482749,9.36132043635467e-121,8.54302319541458e-120
"Dnajb1",36.6374732579096,-6.60874545610582,0.290440071966346,-22.7542481013831,1.30256042761884e-114,1.06740430646316e-113
"Gipc1",18.4437446257542,-5.62528719723321,0.285495884118008,-19.7035667067901,2.00952239729994e-86,9.42048218581563e-86
"Ptger1",78.6377212475526,-8.14940892621742,0.259212781365534,-31.4390705708503,5.92117002143508e-217,1.6752578597231e-215
"Pkn1",18.9208347092572,-5.68987951307151,0.294310724440798,-19.3328990096522,2.84002600248978e-83,1.24474691293003e-82
"Ddx39",1.41934965324721,0.145278243417672,0.200808919451938,0.723465092159131,0.469394192986602,0.493353002595401
"Cd97",1.98276319792936,1.15865637359452,0.198581596931819,5.83466137595988,5.38999189184139e-09,9.7863504957955e-09
"Lphn1",4.33973666095089,-3.60037184807818,0.256246929068232,-14.0503999839916,7.6600170550708e-45,2.11282901069853e-44
"Asf1b",1.23075476272649,-0.202795524548994,0.203947826824642,-0.994350014444435,0.320052494289536,0.35947800326872
"Prkaca",1.8635238934264,-1.55493960960919,0.223165906133999,-6.96763962088157,3.22302535943379e-12,6.19675593968485e-12
"Samd1",1.22660411301898,-0.202693567206142,0.203461520566481,-0.996225559711732,0.319140563168742,0.358492304656947
"Il27ra",1.20935609299882,0.118489944720095,0.215316459799959,0.550306023191071,0.582109493697452,0.600036908991535
"Dcaf15",1.18920682567765,0.158262994624969,0.214293281952174,0.73853455966151,0.460189674109287,NA
"Cc2d1a",1.1850941564155,0.128497440947271,0.214979585286463,0.597719270767252,0.550027264847177,NA
"D8Ertd738e",2.39989406660125,1.50777441326144,0.200372366142249,7.52486204705012,5.27760169195507e-14,1.04293321340168e-13
"Mri1",1.31856113974597,0.324843735572896,0.21121145918325,1.53800242102895,0.124048022826771,0.158746132980675
"Ccdc130",1.17346019965063,0.108333672564967,0.215396218907504,0.502950669767735,0.614998955298087,NA
"Ier2",3.01567553043303,2.08566854139116,0.219633627967766,9.49612571029993,2.17844736589113e-21,4.74504287500592e-21
"Nacc1",1.20040471609665,0.19693578118195,0.213494967628845,0.922437579532638,0.356300375449433,NA
"Trmt1",1.2790168492059,0.289423748989142,0.211767812688581,1.36670320817243,0.171718351880254,0.211829792717247
"Lyl1",1.3895467443197,0.393108891109946,0.210297295263704,1.86930074691167,0.061580984279796,0.0837989410689612
"Gadd45gip1",1.5193095455494,0.466249574064186,0.209316364217458,2.22748744851979,0.0259147137411827,0.0368998378966103
"Rad23a",1.48044943466178,0.550968077348752,0.20739644081963,2.65659369645559,0.00789345126569328,0.0117910475338157
"Calr",2.86183204690424,1.64962654504609,0.208198617910416,7.92333091161965,2.31231128671116e-15,4.65763647178556e-15
"Farsa",1.24388236931454,0.24397117960136,0.212614469160791,1.14748154518522,0.25118265610214,0.294845275205982
"Syce2",1.19231817052349,0.148363855266675,0.214543194713018,0.691533728045455,0.489230192599595,NA
"Gcdh",1.1931322689576,0.168042064291101,0.214097591493072,0.78488535587538,0.432520788802376,NA
"Dnase2a",1.27534957815941,0.243921251316719,0.212825827025651,1.14610738144727,0.251750723764839,0.294884914585097
"Rnaseh2a",1.2279981323619,0.206488616338795,0.213399082755445,0.967617169073919,0.333235599408178,0.371194373059014
"Prdx2",1.73346449465094,0.912265409892553,0.202705598963997,4.50044505211019,6.78113329165404e-06,1.15564857272067e-05
"Junb",5.64586775834016,0.421694830242088,0.225339957830363,1.8713717456162,0.061293572346994,0.0835252590659419
"Hook2",4.0005534651311,-3.52714885827785,0.263788627981192,-13.3711179487591,8.91901698919777e-41,2.38510597764408e-40
"Asna1",34.5102625434722,-6.67878708218093,0.248525932321998,-26.8736023632644,4.47032918314985e-159,6.96570696598275e-158
"2310036O22Rik",3.74753132880301,-1.75783752683645,0.229088524689484,-7.67318017879372,1.67783541823225e-14,3.33459009448785e-14
"Tnpo2",3.55517630233833,-3.2558495875934,0.256474057258308,-12.694654665654,6.33085779867442e-37,1.63680424512533e-36
"Gm5741",3.17297878328029,-3.08443534054781,0.244745232688335,-12.6026370633156,2.04201162968935e-36,5.24700994682667e-36
"Dhps",1.88870695916491,-1.53593036687122,0.221981535961498,-6.91918073374181,4.54263017005511e-12,8.70823705019745e-12
"Wdr83",17.4211822409492,-5.79939100430084,0.295230449906988,-19.6436072435209,6.55709037071019e-86,3.03036845817682e-85
"BC056474",1.75128523261694,0.50483143629222,0.191275334083028,2.63929188105918,0.00830794167355567,0.0123765569451942
"Man2b1",1.45159347871368,0.559647024184011,0.206391355762141,2.71158170417265,0.00669630359208247,0.0100647004752866
"Zfp791",2.37441089661368,-2.47155857703934,0.235264014721876,-10.5054679950147,8.15174530709455e-26,1.87702295999266e-25
"Olfr371",1.56998791956822,-1.37312318529921,0.209225111372081,-6.56289857510114,5.27717441494869e-11,9.93932904421149e-11
"Vps35",1.45090103272336,0.494628773089948,0.205670014733,2.40496298758997,0.0161741038135769,0.0235440105707952
"Orc6",1.77548613264381,-1.53013065680728,0.220564802489632,-6.93732925442265,3.99581813542917e-12,7.66703571657426e-12
"4921524J17Rik",1.27600610834349,0.289483151352684,0.211760906204815,1.3670282987583,0.171616435617122,0.211829792717247
"Gpt2",1.4942210905572,-1.14478825389253,0.20366307363514,-5.62099075428568,1.89865435138787e-08,3.42052656229325e-08
"Dnaja2",1.64393775615657,0.71317787097206,0.205460593577993,3.4711175440138,0.000518297067132344,0.000828133054922202
"Neto2",1.48656606087334,-1.17664615014416,0.210368162657164,-5.59327103151886,2.22831028150937e-08,4.00543377048172e-08
"Itfg1",1.56510117017396,-0.79776899485191,0.198809319805954,-4.01273439107666,6.00194342493938e-05,9.92559628645131e-05
"Phkb",10.4660171039231,-5.11879674479783,0.283862234837396,-18.0326796473297,1.07931881161079e-72,3.93989104657926e-72
"Lonp2",1.32528652724638,-0.332110236858956,0.200151176276759,-1.65929695261811,0.0970559690507209,0.126895969554105
"Siah1a",19.3705072895638,-5.95994360701425,0.28750937592171,-20.7295626026372,1.87486202075475e-95,1.05517840952451e-94
"N4bp1",1.30566225183634,0.241344164877819,0.206146845843464,1.17073906171275,0.24170367897019,0.285418664002804
"Gm10637",2.97645727149104,-2.95478597053639,0.247602981882992,-11.9335637562423,7.91125999585081e-33,1.96604509299411e-32
"Gm2694",14.1872757262309,-5.61454131867182,0.28626089621233,-19.6133715535751,1.18883673344951e-85,5.46278851109721e-85
"Zfp423",2.07794870223827,-2.12533346443769,0.227706890533839,-9.33363702545419,1.02298925646229e-20,2.21026652265445e-20
"Tmem188",4.68760114481816,-3.56877572296605,0.259959458396471,-13.7282011009702,6.88210980891539e-43,1.86476061264149e-42
"Heatr3",6.39795128774205,-4.28263150530431,0.250433286600107,-17.1008876792918,1.46161042584713e-65,4.82886482463418e-65
"Papd5",23.7118742795666,-6.29683934189898,0.288714437914768,-21.8099218985297,1.86794790768606e-105,1.2846756361161e-104
"Adcy7",1.96736827453587,-1.47351749096596,0.214765506568786,-6.86105285018855,6.83548667392212e-12,1.30748407614047e-11
"Brd7",1.39262518657333,0.305672989951577,0.203832787141489,1.49962620949395,0.133711254579958,0.170320338923226
"Nkd1",1.65913123965088,-0.950579398722923,0.208676003602259,-4.55528849658607,5.23137296116101e-06,8.93578758418209e-06
"Snx20",1.51341864521314,0.546425968779827,0.205458458150074,2.65954477464588,0.00782463289751939,0.011706673466624
"Cyld",1.35380726884567,0.209928311610376,0.209497616009105,1.00205584965345,0.316316619695471,0.355549688804987
"Tox3",1.8282040083519,-1.78927522083964,0.221272861192965,-8.08628410729172,6.15126044673163e-16,1.25061653483697e-15
"Chd9",1.77690701966267,-1.45460373823139,0.213002480515225,-6.82904600318685,8.54811623406974e-12,1.63029472933299e-11
"Rbl2",22.736666281842,-6.19024294183933,0.285025696063569,-21.7181925255565,1.38106617960453e-104,9.30815423826421e-104
"Aktip",1.19584840807978,0.126746374121155,0.212127032198113,0.597502226886301,0.550172120665598,NA
"Rpgrip1l",1.63375218796671,-1.48817747966985,0.215389879880751,-6.90922656391176,4.87303163988285e-12,9.33818838479753e-12
"Fto",1.68848998966415,-1.42398717865807,0.219451514541021,-6.48884643897909,8.64960700120741e-11,1.62325898063285e-10
"Irx3",17.9065234908758,-5.96931515134138,0.290895662390585,-20.5204680684664,1.41345029937775e-93,7.6497776700382e-93
"Irx6",1.58484575163603,-1.3997896412864,0.211684123359993,-6.61263404674852,3.77540974628443e-11,7.12495982487518e-11
"Mmp2",1.78753739477865,-1.25700479781853,0.21354427207972,-5.88638967262612,3.94723039369382e-09,7.18303735578934e-09
"Lpcat2",1.63562741862703,-1.15894941445878,0.206043554531382,-5.62477878570215,1.85745849833819e-08,3.34746534138628e-08
"Ces1d",1.21251470685551,0.204628799211117,0.212133438730049,0.964623024244272,0.334733662887149,0.371689399035257
"Amfr",1.4661601780839,0.01200907993075,0.19452504583193,0.0617353918586188,0.95077355508381,0.953696763554475
"Nudt21",1.53380090369393,0.594951871214922,0.20706205675662,2.87330223863384,0.00406205303921357,0.00619092463202769
"Ogfod1",1.20325130078602,-0.0970411180720531,0.206996478818936,-0.468805646481247,0.63920856355552,NA
"Mt2",11.10283507043,-5.05314106664975,0.251488371239334,-20.0929412431592,8.50702908481076e-90,4.27192802527293e-89
"Mt1",1.72003117898017,1.08861216598714,0.221380107577545,4.9173892717792,8.77060366614965e-07,1.52812253462287e-06
"Nup93",11.2220810902488,-5.15172103739169,0.279358514197305,-18.4412529977631,6.13040188480619e-76,2.36954445306837e-75
"Herpud1",1.61528723571486,0.765554032221739,0.204904921152992,3.73614273348828,0.000186864626002167,0.000303825992129361
"Nlrc5",1.19306394576013,0.13848120165296,0.214764057008276,0.644806228668066,0.519052765005032,NA
"Cpne2",1.26927774190176,-0.368017576870547,0.201258884722077,-1.82857803956705,0.0674628449919905,0.0910787665480901
"Fam192a",1.29430507331274,0.225939503948858,0.207581301152096,1.08843861511067,0.276401521834599,0.319242381674213
"Rspry1",7.37594236258851,-4.45318407105238,0.242082067387542,-18.3953488133568,1.43136728316386e-75,5.49999059117802e-75
"Arl2bp",21.7185367181971,-5.7146940089271,0.230108487499751,-24.8347815025001,3.77626401893364e-136,4.36108366788354e-135
"Pllp",14.4706736657797,-5.42738382255723,0.274039275732553,-19.8051312464205,2.68861299577838e-87,1.28169496237106e-86
"Ccl22",18.4457120165711,-6.01440485562105,0.297538639406708,-20.2138615260652,7.39313632001005e-91,3.80031231811447e-90
"Ciapin1",1.24429013000316,0.215967083749759,0.213233790830211,1.01281829164555,0.31114696201498,0.351037806053935
"Coq9",1.22789491926024,0.225306574808133,0.212951307259064,1.05801921438331,0.290046682581025,0.331827717078859
"Polr2c",8.08659326207853,-4.1414460162514,0.24377337232145,-16.9889187519231,9.92010004036435e-65,3.25269611876268e-64
"Gpr114",19.5201723357851,-6.02495103794938,0.273390005131957,-22.0379345435153,1.24697465721289e-107,8.95351817145984e-107
"Gpr56",1.5738086665666,-1.31752132054477,0.213137280591847,-6.1815620284083,6.34704117591121e-10,1.17238340191991e-09
"Gpr97",11.2050769687176,-5.24865732742104,0.282390937054756,-18.586493540348,4.133318218788e-77,1.62285980459371e-76
"Katnb1",1.17706666582826,0.0671200556675748,0.214908571120039,0.312319119324861,0.754798011152651,NA
"Kifc3",29.4440822108735,-6.6626485150331,0.243643862774818,-27.3458499596639,1.20986803117158e-164,2.0471673007182e-163
"AA960436",1.21195852917862,0.0769008796429744,0.209270424278744,0.367471322849444,0.713267478905826,0.726772641008864
"Mmp15",20.8651153821078,-6.15758247450692,0.298144142662745,-20.6530385588432,9.16689251025933e-95,5.09597219420167e-94
"Gtl3",1.24400259619869,0.225358302608248,0.212994784030475,1.05804610959864,0.290034421372593,0.331827717078859
"Setd6",34.306858422964,-6.87859839518679,0.301554178429997,-22.8104894152001,3.60797768318106e-115,2.98000688389322e-114
"Cnot1",16.726614595923,-5.61601771546761,0.280971604334214,-19.9878479847643,7.02613197103317e-89,3.45840725023981e-88
"4930513N10Rik",21.4759191847978,-6.24416088983485,0.284071639418602,-21.9809372826324,4.38319099205022e-107,3.11084391278071e-106
"Got2",1.33860698262549,0.417960537298884,0.209465874377244,1.99536339053561,0.0460032607464049,0.0639342441683263
"Cdh11",8.49871462662188,-4.56656813976575,0.278740084482986,-16.3828899895612,2.53411081546019e-60,7.91625281669791e-60
"Cdh5",1.43731606609517,0.686491931842634,0.206487182307383,3.32462249797521,0.000885383285882151,0.00140051537948631
"Tk2",1.28000408157659,0.253235275726681,0.212596930194458,1.19115208058297,0.233593887501852,0.276695742225986
"Cklf",1.33351337449148,0.330005061475742,0.209709948161541,1.57362616494252,0.115573900589393,0.148759896702412
"Cmtm3",1.26273841930102,0.225859414594656,0.20760453663992,1.08793101658658,0.276625562231928,0.319465804170501
"Dync1li2",1.22010767919839,0.0869989902513665,0.211716081276617,0.410922919632629,0.681129055721456,0.695383076641111
"Nae1",1.29516768071992,0.253136365005624,0.212613594879953,1.19059350437375,0.233813202865675,0.276695742225986
"Rrad",1.21307587474301,0.107792554639338,0.21407871247157,0.503518324614613,0.61459990010821,0.631289153594029
"Fam96b",1.41317109893541,0.409679444797953,0.209879553243753,1.95197406544006,0.0509412837772869,0.0702174547973166
"Ces3b",2.63980471812159,-2.70555267321202,0.237985252218781,-11.3685728337687,5.99599345890731e-30,1.44869640617895e-29
"Cbfb",1.49448174796176,0.511771120942369,0.204085989616642,2.50762495702762,0.0121545597542512,0.0178824131671903
"D230025D16Rik",1.18519811509752,0.148410526704641,0.214504701381817,0.691875402956651,0.489015578662032,NA
"B3gnt9-ps",1.21627897102941,0.154633185423183,0.210282189314056,0.73536035518557,0.462120059602189,0.48624606150442
"Tradd",1.29114241207747,0.30726684500038,0.211433668026734,1.45325410029555,0.146153216214986,0.183714983016129
"Fbxl8",1.19691512459741,0.148397000609505,0.214562223282419,0.691626877925182,0.489171677970364,NA
"Nol3",2.82490768000368,-2.76769580252157,0.249179079622172,-11.1072559009296,1.15659259340688e-28,2.75618047823963e-28
"4931428F04Rik",1.74587361307175,-1.66989347682764,0.217922465099173,-7.66278720308943,1.81940669052924e-14,3.61526567360587e-14
"E2f4",32.3861339262001,-6.47386554091753,0.280170307881562,-23.1068937671092,3.94711374218255e-118,3.43685299986538e-117
"Tmem208",1.51448422599513,0.630735117330689,0.206327946879736,3.05695436255337,0.00223598316537704,0.00346191075879228
"Fhod1",2.36354548984281,-2.14908563791328,0.234616790437825,-9.15998225831497,5.1905850338223e-20,1.11203997030792e-19
"Tppp3",1.57979716307968,0.922417468282699,0.209226878117714,4.40869488940009,1.03995412492086e-05,1.75909284902362e-05
"Atp6v0d1",1.54475776387151,0.726391193898699,0.205010151985802,3.54319621181007,0.000395308465082003,0.000635121633649756
"Agrp",30.7547006643709,-6.78039274132676,0.283027806426207,-23.956631070787,7.88095660133682e-127,7.87341501607238e-126
"Fam65a",1.24799785089571,0.316114795105714,0.211150999543411,1.49710300111899,0.134366458992925,0.170882100887308
"Ctcf",3.54064528924721,-2.68486368166209,0.240859224483641,-11.1470245219711,7.40409955479543e-29,1.76925610785224e-28
"Rltpr",1.35279572304596,-0.730304555806442,0.200408660019958,-3.64407683646861,0.000268353249737132,0.000433886933135458
"Acd",1.61176104306219,-0.921621788876517,0.202746115193781,-4.54569394829415,5.47545506523918e-06,9.34353561312472e-06
"Pard6a",1.18527662568818,0.138501276476338,0.214734865227423,0.644987372356386,0.518935368952898,NA
"E130303B06Rik",4.25102706435485,-3.62423495897655,0.261201654412411,-13.8752373798301,8.94963164425864e-44,2.44784266088709e-43
"Gfod2",2.01345092917571,-1.97989033619166,0.23159248708682,-8.54902661608982,1.24130892659054e-17,2.57998510722779e-17
"Ranbp10",1.28669865500545,-0.328121849655066,0.201789628412264,-1.62605904097658,0.103937096149252,0.135485489299312
"Thap11",18.6781067708333,-5.74211922379853,0.249920427539618,-22.9757898557063,8.14071714782256e-117,6.94355286137807e-116
"Nutf2",7.62397113477397,-4.60142399228057,0.277305281278122,-16.5933514539364,7.78521633654002e-62,2.47119667234654e-61
"Nutf2-ps1",1.41704519823768,-1.01482152024828,0.192782741387462,-5.26406831308959,1.40902054968333e-07,2.49451832095879e-07
"Pskh1",1.17746172094802,0.0981396473592759,0.215652547249261,0.455082254353535,0.649050064155623,NA
"Psmb10",1.95751959721319,1.06126775752792,0.202317541480583,5.24555483306805,1.55812709377728e-07,2.75429171334826e-07
"Slc12a4",1.19640819471391,0.147234151523684,0.213128557196582,0.690823198262827,0.489676655214193,NA
"Dpep2",1.18820569381238,0.167949276419277,0.214130519762641,0.784331334951438,0.432845717566007,NA
"Ddx28",1.20098854589382,0.16805479744935,0.214127000958568,0.784837020539351,0.432549131459621,NA
"Dus2l",2.29789802548061,-2.23615514180428,0.233853392506758,-9.56220954433943,1.15269018473122e-21,2.51917218517772e-21
"Nfatc3",1.24753016939391,0.187355924524858,0.213877915890467,0.875994717569662,0.381032905492115,0.414225210457603
"Pla2g15",15.9961767449042,-5.51801582901303,0.287993973975613,-19.1601780858105,7.96004306396667e-82,3.3864241885824e-81
"Slc7a6",2.67937957724065,-2.64181801089619,0.241799820376135,-10.9256409156412,8.69245493271747e-28,2.05175739311712e-27
"Slc7a6os",1.20889797002655,0.128517875642751,0.215051904174396,0.5976132884577,0.550097995450809,0.569195319323794
"Prmt7",1.20479122205594,0.118445526055217,0.215285199228956,0.550179605841136,0.582196190222593,NA
"Chtf8",2.38981639051906,-1.84144955181646,0.221279468574959,-8.32182743241118,8.6617357349185e-17,1.78184277975466e-16
"Cirh1a",1.84779933100072,-1.60860858074649,0.221272709724456,-7.2698010647117,3.60017290297529e-13,7.01358557698489e-13
"Sntb2",1.30268162929804,-0.35195578328528,0.197687940773416,-1.7803604099892,0.0750169965182471,0.100368761200884
"Vps4a",1.26794293317991,0.271430363376247,0.212089925297093,1.27978904700933,0.200619337008411,0.242915550177492
"Pdf",1.29573875980596,0.257204917906121,0.209627222570731,1.22696334355781,0.219836368680218,0.262326173165102
"Cog8",1.38525480681567,-0.479077879533371,0.196601617370027,-2.43679521024332,0.0148180686671079,0.0216515936857391
"Nip7",15.9405946982631,-5.61854788135763,0.291986012079713,-19.242524124148,1.63070691213539e-82,7.02044542791485e-82
"Tmed6",17.3871368585363,-5.92507064247526,0.288770746106793,-20.5182509736774,1.47939710439684e-93,8.00254184969066e-93
"Terf2",1.21572855826889,0.187343736118112,0.213796041387877,0.876273175602096,0.380881544046364,0.414225210457603
"Cyb5b",1.35042903404632,0.393219412052527,0.209993357820979,1.87253261785427,0.0611329536469238,0.0834338131386528
"Nfat5",1.18890644253881,0.148398986778498,0.214545165923482,0.691691123124276,0.489131322798585,NA
"Nob1",24.11108864409,-6.2594401189531,0.304040512973267,-20.5875199253577,3.55085491750788e-94,1.94904970235448e-93
"Wwp2",1.84624281761207,-1.55814935815555,0.217662853229991,-7.15854513084576,8.15377459211403e-13,1.5816686499753e-12
"Psmd7",1.52345776078884,0.616729396344756,0.206461544159498,2.98713931863415,0.00281601361029306,0.00433296714686212
"Zfhx3",1.5683640777757,-1.06946492867026,0.211137735723464,-5.06524769248726,4.07869666352235e-07,7.15056140506689e-07
"Dhx38",1.61309248148188,-1.35583373149401,0.217589900930542,-6.23114274006132,4.63044951828836e-10,8.57581922493002e-10
"Hp",7.47142607395729,-3.65337768134695,0.25257684038425,-14.4644207116892,2.03309447891682e-47,5.70424787957313e-47
"Dhodh",1.19314596165426,0.057061884994764,0.212293206355003,0.268788087826718,0.78809276065677,NA
"2400003C14Rik",1.29095501035093,0.239233850458349,0.20996101634343,1.13942032966271,0.254527880617897,0.297633408787056
"Zfp821",80.7942970656493,-8.14662194665292,0.296555704653575,-27.4707982979775,3.92164102311412e-166,6.74496413201177e-165
"Atxn1l",21.8482829354043,-6.21494380303965,0.283597616632537,-21.914654561757,1.88317492596538e-106,1.31419426651595e-105
"Ap1g1",35.326005648642,-6.84961992584304,0.274408852997443,-24.9613664100949,1.60726183054894e-137,1.89816894920033e-136
"Snord71",1.91005806531463,-1.93572693735723,0.218650409058447,-8.85306798964095,8.51457594788769e-19,1.79218090516023e-18
"Marveld3",14.6746530949052,-5.66620016639767,0.282260687877148,-20.0743511574798,1.2368718402942e-89,6.18435920147101e-89
"Ftsjd1",77.7665410372795,-8.13316053301546,0.255859444828398,-31.7876111177772,9.6015559062633e-222,2.84773419492582e-220
"Hydin",1.85642747819317,-1.86115100125269,0.216716948721151,-8.58793468732075,8.85465783010562e-18,1.84185351158204e-17
"Vac14",1.68243748043225,-1.25463297354607,0.208766632187771,-6.00973901048333,1.85822225397564e-09,3.40587084471659e-09
"Sf3b3",1.27190444931569,0.298439702705482,0.211541921586,1.41078279174161,0.158308670039038,0.197436157265757
"Snord111",13.6789255979504,-5.55820902203502,0.278177858115222,-19.9807743854753,8.09583355280651e-89,3.97369545328162e-88
"Cog4",1.23616843586132,0.225339902198871,0.212996924306607,1.05794908979294,0.290078653187616,0.331827717078859
"Fuk",1.96414964659014,-1.97016389981956,0.219411105700076,-8.97932624482862,2.72429852496406e-19,5.77730582990551e-19
"St3gal2",1.20458880203712,0.187371151853705,0.213741223180722,0.876626179383654,0.380689714845541,NA
"Ddx19a",1.41348647135017,-0.752559172821259,0.199034014837671,-3.78105809419076,0.000156163224288294,0.000254542398371553
"Ddx19b",1.17347740300797,0.0671210838022468,0.216378675415473,0.310201934979805,0.756407399160847,NA
"Mir3473d",1.94984775955863,-1.99540338223636,0.224774038912715,-8.87737477107499,6.84568417969028e-19,1.4426512482028e-18
"Aars",1.2324700316924,0.243973039206419,0.212617807334418,1.14747227555914,0.251186485088307,0.294845275205982
"Exosc6",1.70815610401717,-1.0266773707166,0.208851937844867,-4.91581443443061,8.84141165266246e-07,1.5399455731364e-06
"Pdpr",5.66781685880216,-4.10632632463109,0.278436742474812,-14.7477889883823,3.17910254247551e-49,9.073217753812e-49
"Glg1",1.58343294107443,-0.90669498370476,0.204566393599785,-4.43227730493516,9.32429880437846e-06,1.58003050669877e-05
"Rfwd3",3.42955003150744,-3.09355663134066,0.250432132352477,-12.3528742189782,4.70016723789718e-35,1.1904353702971e-34
"Mlkl",1.41588367034543,-0.89167196856617,0.205202380801861,-4.34532954774608,1.39066724248873e-05,2.34700388160077e-05
"Fa2h",1.96195204491748,-2.00833288472768,0.225802109700477,-8.89421665453748,5.8832817308884e-19,1.24159008026026e-18
"Wdr59",31.8633731814572,-6.81102389264634,0.274229404572776,-24.836956865575,3.57734471505722e-136,4.13593342471732e-135
"Znrf1",4.15385619968292,-3.18498999817018,0.254943980852228,-12.4929013327688,8.16218419767755e-36,2.08447169823272e-35
"Zfp1",1.18127456039578,0.0264944382328168,0.212981673058062,0.124397737384634,0.901000364739892,NA
"Cfdp1",1.51402514732092,0.637806040005125,0.205989266329399,3.09630715896237,0.00195947269113596,0.00304327505139236
"Gabarapl2",2.14225794766054,1.24996620818681,0.198916040483858,6.28388844432206,3.30207695208545e-10,6.12756547809671e-10
"Kars",1.37223492890721,-0.0436670690162754,0.197354215370719,-0.221262408478325,0.824888118267016,0.83351064215134
"Terf2ip",12.1913830810871,-5.26932340798851,0.272179973695797,-19.3597028335295,1.6885669255967e-83,7.42258471714929e-83
"Gm10280",2.42443214158768,-2.51598832032499,0.236417318314446,-10.642148968878,1.89702827943289e-26,4.4050211826689e-26
"Mon1b",1.91695426993112,-1.8758335435035,0.228787517346214,-8.19902049404596,2.42353612011107e-16,4.95723297295447e-16
"Syce1l",4.24398181639028,-3.63481119860726,0.256091173100596,-14.1934263278159,1.00619879709394e-45,2.79157997386679e-45
"Nudt7",1.19333953972221,0.148428480843782,0.214536150003343,0.691857669868079,0.489026715978351,NA
"4933408N05Rik",25.8785723533364,-6.5233224998367,0.291817613222522,-22.3541081972403,1.1012995062405e-110,8.35578985839449e-110
"Cdyl2",1.2083798203705,0.0772105163361523,0.213346307549201,0.361902285645821,0.717425051859588,0.730224972351964
"2310061C15Rik",1.62699516397844,-0.743155742390879,0.206759383614246,-3.59430236925738,0.000325261926962189,0.000524194893097446
"Atmin",1.196402415989,0.147266283277951,0.213100638185317,0.691064487333373,0.489525016224712,NA
"1700030J22Rik",3.75886180712796,-3.40976060669519,0.259880844135596,-13.1204768786887,2.51348297008268e-39,6.65333727374827e-39
"Gan",7.48819843993309,-4.59413456158647,0.268403839603025,-17.11650089798,1.11796561186616e-65,3.70173199742552e-65
"4933407C03Rik",6.36347111912825,-3.93355422582912,0.262157728117004,-15.0045327829265,6.85720927552625e-51,1.98308212843474e-50
"Plcg2",17.9621405005115,-5.62424042897645,0.284592982156038,-19.7624002755373,6.2748775286753e-87,2.96961565726972e-86
"Hsd17b2",3.25869124007509,-3.13710047460979,0.253139610476151,-12.3927680409595,2.85998238114261e-35,7.26830965412094e-35
"Mphosph6",1.37909351344301,-0.385389603557977,0.199308989797035,-1.93362880395127,0.0531587831597495,0.0731388634933822
"Cdh13",11.4828485937848,-5.2868469659322,0.288106455823877,-18.3503245382468,3.28146531185047e-75,1.25534986646094e-74
"Hsbp1",34.2418953861208,-5.90331655954022,0.269989194165932,-21.8650104785754,5.59525181270239e-106,3.87878014107656e-105
"Mlycd",2.43957465952274,-2.25007634103502,0.230235266195641,-9.77294390305538,1.47113982812592e-22,3.25534120509424e-22
"Mbtps1",1.25578578439038,0.271422754770017,0.212091524612034,1.27974352236146,0.200635352583095,0.242915550177492
"Hsdl1",1.21689689319368,0.215980567183983,0.213106827143447,1.01348497408111,0.31082856968762,0.351037806053935
"Taf1c",1.18142042937785,0.128528288874124,0.21495274103857,0.597937426864734,0.549881685667502,NA
"Kcng4",13.3722748170715,-5.5231477790066,0.256280814388213,-21.5511558763824,5.16415952441277e-103,3.37383137890296e-102
"Wfdc1",12.6988407467166,-5.26428082364654,0.28835888381359,-18.2560036092026,1.85372914494041e-74,6.95648176605964e-74
"Atp2c2",9.30786559742655,-4.95622953862944,0.280797546761288,-17.6505443006695,1.00780218308052e-69,3.51066225937959e-69
"4632415K11Rik",1.8720958354381,-1.88365024126353,0.223743384449854,-8.41879748040414,3.80368270738398e-17,7.86968836010479e-17
"Cotl1",9.39076833482065,-2.71451286300653,0.245693464460271,-11.0483722836082,2.23225480461776e-28,5.30497158211004e-28
"Klhl36",1.93658741171954,-1.85306664201685,0.221802450984284,-8.35458144756096,6.56651273363949e-17,1.35322528502164e-16
"Usp10",12.4199760657364,-5.26738387170694,0.288479319031681,-18.2591386078822,1.75030701290195e-74,6.57546067459387e-74
"Crispld2",1.48680499618766,-0.529162183963641,0.199113432831041,-2.65759158706618,0.00787012028998911,0.0117662975551319
"Zdhhc7",1.20470892896824,0.138473878537233,0.214819250202404,0.644606469889276,0.519182241070388,NA
"6430548M08Rik",6.0978341255777,-4.05530940260602,0.253706731528658,-15.9842404581526,1.64560449716892e-57,5.0087787027532e-57
"Gse1",1.25140752972073,0.182513499111159,0.209785854602294,0.869999073374908,0.384300910597888,0.416885027705938
"Gins2",5.14784842648721,-3.90373568745181,0.26927959878828,-14.4969604270731,1.266345614564e-47,3.55967911040607e-47
"1190005I06Rik",1.24456801435009,-0.419528766905895,0.197423147992608,-2.12502318584041,0.0335846782723458,0.0473176843675156
"Cox4nb",1.26711155826235,0.253120153244012,0.212522274617339,1.19102881662533,0.233642272435273,0.276695742225986
"Cox4i1",4.65872478587065,2.45348919443873,0.204048240508545,12.0240644483087,2.65579171904775e-33,6.63312572891351e-33
"Irf8",2.21903183833952,1.22487842588919,0.223030574969081,5.49197537628643,3.97462818793621e-08,7.11507515124383e-08
"Foxf1a",12.3809117254884,-5.38183370734985,0.28677503614134,-18.7667440644916,1.4128354555622e-78,5.66218892747386e-78
"Mthfsd",2.30666212279043,-2.22893566275682,0.235260630169739,-9.47432496949727,2.68491016728466e-21,5.84089646727481e-21
"Foxc2",3.15912160423583,-3.07502957129137,0.253794865485518,-12.1162008750994,8.66850998649486e-34,2.17441720949078e-33
"Fbxo31",1.18137374266187,0.138506821556272,0.214733296183565,0.645017908344632,0.518915580464495,NA
"Map1lc3b",2.25563531530468,1.42414815038315,0.19578886108008,7.27389772087525,3.49260466591315e-13,6.80784031219815e-13
"Zcchc14",1.56541943869148,-1.25915903000322,0.210510776240612,-5.98144690020055,2.21164158193669e-09,4.04795549008048e-09
"Klhdc4",125.157109227067,-8.41497827933776,0.243050014375797,-34.6224142423902,1.16228192194066e-262,4.28771140108145e-261
"Banp",1.22482183982678,0.187410951037951,0.213761556527699,0.876728978223298,0.380633863091902,0.414225210457603
"Zfpm1",4.02491276200728,-3.43436702612162,0.264943805014071,-12.9626243796839,1.99310022354454e-38,5.22944617587459e-38
"Zc3h18",5.71357775508281,-3.97265019310413,0.260765923955818,-15.2345449621601,2.08574194880697e-52,6.09265415376184e-52
"Il17c",6.55251351534807,-4.38626618651625,0.267268631306627,-16.4114515237819,1.58373395766624e-60,4.95777586747692e-60
"Cyba",5.41524388571074,2.71727100264858,0.223974537806292,12.1320531756099,7.14356052638759e-34,1.79362125770771e-33
"Mvd",2.10606383295401,-2.02809952432487,0.222656523389098,-9.10864632868051,8.34162276268205e-20,1.78163955896892e-19
"9330133O14Rik",1.88000509305448,-1.66844384113844,0.211758217265635,-7.87900400127334,3.30000929680662e-15,6.62795249300907e-15
"Rnf166",181.47153271899,-8.94389603341555,0.192860980066398,-46.3748345068886,0,0
"Ctu2",1.31475323924075,-0.363802420494493,0.201566682940638,-1.80487377768495,0.071094436009725,0.0957340270787475
"Fam38a",2.8171974977693,-2.66080596685168,0.246855309930531,-10.7788079081648,4.33466738843844e-27,1.01420725090312e-26
"Cdt1",1.24810901171036,0.215920444259241,0.213349643795598,1.01204970590955,0.311514287915593,0.351037806053935
"Aprt",1.83719120231063,1.012313162032,0.206140442631703,4.91079357892247,9.07085377616808e-07,1.57964492782643e-06
"Galns",35.9433214879798,-6.83838316316282,0.266760468802023,-25.6349195736267,6.22781103259077e-145,8.12729339753096e-144
"Trappc2l",14.6163947915557,-5.03111867843154,0.28236644204537,-17.8176933561502,5.151740075684e-71,1.83375950869898e-70
"Cbfa2t3",1.70035609611325,0.00450400111110357,0.195293245858694,0.0230627592434123,0.98160021159785,0.982824034629477
"Ankrd11",18.0427880919878,-5.51214953120354,0.262485515367923,-20.9998236416102,6.58294578989786e-98,3.91600877758027e-97
"2810013P06Rik",6.61337572792463,-4.09527306210262,0.264692988960371,-15.4717851734099,5.37943106928661e-54,1.59187245927869e-53
"Spg7",1.42047676497019,-0.460169288696076,0.196489793700951,-2.34195008315004,0.0191832803992463,0.0277003385018162
"Rpl13",28.6590306072366,4.79497832382932,0.225154844535903,21.2963586624703,1.22696399943857e-100,7.69801932340062e-100
"Sult5a1",17.5206481147538,-5.84032835875493,0.284333178456814,-20.54043917932,9.37113921793761e-94,5.09555694975358e-93
"Dpep1",18.0724622141063,-5.45907619216817,0.298068018047792,-18.3148672840602,6.29802659531077e-75,2.39229368997091e-74
"Chmp1a",5.75683290054383,-3.62553094596156,0.262992077545698,-13.7857040401971,3.10720367093892e-43,8.44991047788546e-43
"Cdk10",1.18491854985882,0.10831069618672,0.215437990761988,0.502746501690035,0.615142511105422,NA
"Zfp276",33.0504674847176,-6.78228004902749,0.295785196144185,-22.9297481329031,2.34685609964431e-116,1.98390102674385e-115
"Tcf25",1.82217902761025,0.181176930972855,0.185316384500687,0.977662776343358,0.328241137833218,0.368437531338436
"Mc1r",2.69655456169568,-2.75006380437479,0.24641045928012,-11.1604994869496,6.36330478909398e-29,1.52124804209162e-28
"Tubb3",20.3947551944039,-6.16611404352352,0.286071632081352,-21.5544407484977,4.81045857177195e-103,3.14669094544481e-102
"Def8",25.4862458696903,-6.3958817723906,0.271523708613775,-23.5555186139871,1.10208856734668e-122,1.0365589768558e-121
"Afg3l1",15.6673949415709,-5.48873514451896,0.2735362809045,-20.0658396259882,1.46790283894056e-89,7.32198071597679e-89
"Dbndd1",2.8563871587061,-2.8676911602826,0.244033260814778,-11.7512307572663,6.95977087409258e-32,1.71529763752423e-31
"Gas8",42.3615223262561,-7.21145014426642,0.278536558136956,-25.8904977949808,8.52073025184538e-148,1.1493078014117e-146
"Rhou",138.296820715831,-8.98153735460845,0.237229681285824,-37.8600911400591,0,0
"Abcb10",38.4351907761454,-7.00584750236697,0.284004922421349,-24.6680495627928,2.35639043684671e-134,2.64523829684727e-133
"Taf5l",1.21309432410145,0.158283869105593,0.214409564996275,0.738231380248089,0.46037385690036,0.485759357622077
"Mir1967",11.0771495656207,-5.23068601673386,0.285887044220121,-18.2963380904608,8.85011685521758e-75,3.34644041899571e-74
"Urb2",14.7579291120028,-5.6411213848756,0.249985597996813,-22.5657855095617,9.39894285970536e-113,7.49045522559725e-112
"Galnt2",1.42174221782047,-0.44574886595805,0.190830739675556,-2.33583366451284,0.0194999123406461,0.0281342018845142
"Pgbd5",9.42720797591761,-4.97632912743015,0.276173000249986,-18.0188835364995,1.38510577309546e-72,5.05082230915703e-72
"Cog2",38.4952292088866,-7.02882382643774,0.275577994105475,-25.5057514634043,1.70192982963661e-143,2.17746904674096e-142
"2310022B05Rik",1.8287196918495,-1.66331388087243,0.223895428236749,-7.4289765269956,1.09441163574603e-13,2.15253531974164e-13
"Ttc13",1.22042258268153,0.158234336821068,0.214433923827666,0.737916529234598,0.460565173877379,0.485759357622077
"Fam89a",1.33206771829268,-0.568955026424077,0.202494346721986,-2.8097328919766,0.00495826313912327,0.00752387604250682
"2810004N23Rik",3.28314079967173,-2.80511933696249,0.25217130425868,-11.1238641732406,9.60210382591163e-29,2.29028932927844e-28
"Gnpat",36.802885834495,-6.94087005853804,0.24621761423875,-28.1899817768832,7.75891519984597e-175,1.50005693863689e-173
"Gm505",27.6998028505126,-6.6140582328404,0.243150701824148,-27.2014770396338,6.23877594923224e-163,1.02249326389301e-161
"Egln1",15.96264170585,-5.67833406940457,0.282469766444818,-20.1024489837353,7.02403851306679e-90,3.53913909635218e-89
"Tsnax",4.6651690448899,-3.40613499225541,0.261750618496262,-13.0129014090718,1.03342514935987e-38,2.71762180335443e-38
"Disc1",54.2710707462652,-7.60701109215442,0.271153961204972,-28.0542134009397,3.54869367602969e-173,6.73606581413636e-172
"4930567H12Rik",22.1012223682129,-6.28716971854678,0.288687208704962,-21.7784838710061,3.71152813192089e-105,2.53257213707543e-104
"Ntpcr",17.6749403129018,-5.81313939052121,0.281615813622976,-20.6420914924322,1.14978072924946e-94,6.37816727596407e-94
"1810063B05Rik",1.2948426379615,0.298377094680532,0.211614661558461,1.41000199363834,0.158539094232048,0.197436157265757
"Gm17296",1.81648327939528,-1.7941808833857,0.222999267572842,-8.04568061103447,8.57674083721652e-16,1.73967698349603e-15
"Irf2bp2",17.2768716742471,-5.38814068334141,0.290564273867974,-18.5437136218256,9.16677270819116e-77,3.57894940439475e-76
"Tomm20",2.1931975023632,0.919707203496024,0.191886015185348,4.79298714191159,1.64316159865753e-06,2.84393353613803e-06
"Rbm34",1.27139238173039,0.225323337914809,0.213173925887779,1.0569929552896,0.290514802553564,0.331827717078859
"Nrp1",1.55378769452283,0.865128507856536,0.205483082619962,4.21021768228278,2.55124750782592e-05,4.26501584975222e-05
"Mir1903",19.480070858531,-6.09700173989072,0.296348091930873,-20.5737843633997,4.71401273435865e-94,2.58071803600967e-93
"Itgb1",14.7074682305524,-4.46177368541024,0.2813790868693,-15.8568063286193,1.26147695907673e-56,3.81071164721096e-56
"1700008F21Rik",11.1636857777816,-5.2428751444407,0.278941380883921,-18.7956162252688,8.20219490478702e-79,3.30621292687168e-78
"2610044O15Rik",2.4012873731478,-2.41201678311544,0.233534459181574,-10.3283121110623,5.2475818928308e-25,1.19565157051841e-24
"Alkbh8",1.22692314498974,-0.30008789581428,0.200603460904064,-1.49592581534669,0.134672988175187,0.170882100887308
"Cwf19l2",1.2244224376397,0.187382331195381,0.213829559011337,0.876316315021001,0.380858098054025,0.414225210457603
"Aasdhppt",1.25984406440424,0.234673896958038,0.212888642799728,1.10233168792759,0.27031749796908,0.313589896068377
"Kbtbd3",18.7762391396992,-5.94420521099149,0.288240197711127,-20.6224019348916,1.72764799147303e-94,9.54319842908914e-94
"8430410K20Rik",1.17707432914344,0.0977153049801004,0.214181837074374,0.456225916795031,0.648227530548855,NA
"Gria4",10.560148945595,-5.15555453301556,0.279281610457184,-18.4600573040807,4.32882122665681e-76,1.67567273289941e-75
"Casp1",1.46100433803023,-0.410976268644669,0.197840642623351,-2.07730961239894,0.0377729924606407,0.0529328914481998
"Casp4",28.1776284892894,-6.58538532885281,0.281564128109526,-23.3885806869942,5.58499723666507e-121,5.11917218180714e-120
"Casp12",16.6975391763201,-5.8304000725508,0.289392371950265,-20.1470413102416,2.85686293114762e-90,1.4563305176358e-89
"Dync2h1",27.8314441663893,-6.61005080602402,0.284491505062257,-23.234615756198,2.03534012982335e-119,1.8099617508821e-118
"Dcun1d5",2.05347823155074,-0.787533343430117,0.200636679377779,-3.92517133892189,8.66680271718029e-05,0.000142602711374881
"Mmp1a",17.6816266215771,-5.95050610477738,0.273135931763597,-21.7858780657524,3.15833172949424e-105,2.15933092704125e-104
"Mmp10",1.95397667224432,-1.9964181434843,0.22263073647975,-8.96739675325957,3.03604872441831e-19,6.4318889372823e-19
"Mmp8",1.19693394045289,0.19698399152295,0.213549404399275,0.922428194436205,0.356305268864204,NA
"Tmem123",1.62792288641108,0.19544267314,0.192594645764785,1.01478767680122,0.310207049242488,0.351037806053935
"Birc2",1.20532640354283,0.118479709358334,0.21530240474688,0.55029440798687,0.582117459107559,0.600036908991535
"Birc3",1.35001471458853,0.350838759692319,0.21089620082549,1.66356130797552,0.096200129510963,0.125950508163338
"AK129341",14.7518615634222,-5.67435327951573,0.291842903993674,-19.4431771403931,3.32897220806652e-84,1.48269922577707e-83
"Trpc6",44.7384566088545,-7.31300511974864,0.273158340561209,-26.7720367048794,6.84097572617095e-158,1.05183779942893e-156
"Jrkl",1.20362081661203,-0.0398479628229665,0.208262524687764,-0.191335252862742,0.8482629434654,NA
"Ccdc82",1.24834325539663,0.128532246824111,0.215290070945321,0.597018925488463,0.550494745135282,0.569195319323794
"Phxr4",1.30227074950078,0.0114274639959333,0.204678232320208,0.0558313596242889,0.95547615253086,0.958229686111641
"Maml2",25.4872878633006,-6.36329093481515,0.242348798425906,-26.2567463760734,5.98591622419414e-152,8.4564229202418e-151
"Mtmr2",1.1930844105904,0.0977364756499574,0.214228853169137,0.456224613090717,0.648228467942087,NA
"Cep57",1.35971292913757,-0.353096273443019,0.196900655407204,-1.79327119410949,0.0729295710745433,0.098103945627913
"Fam76b",1.27373209710913,-0.054950731542427,0.205606504710974,-0.267261639507333,0.789267720029343,0.799840321986638
"Sesn3",42.9557567644175,-7.16753692067646,0.285299537284605,-25.1228480385734,2.79948063653483e-139,3.39843928435158e-138
"Endod1",14.7648469389982,-5.57886184522538,0.276421272187975,-20.1824620842913,1.39615914459387e-90,7.15206156504417e-90
"Kdm4d",17.6240880467506,-5.94555445653142,0.282008124735791,-21.0829190190946,1.14123400083225e-98,6.9109529980793e-98
"Cwc15",2.09607618152416,-0.564879809939357,0.19761476599728,-2.8584898860601,0.00425662677869347,0.00648084928825431
"Amotl1",3.04490104539324,-2.89769030090745,0.256590148878338,-11.2930691750032,1.41990284148634e-29,3.41719356042355e-29
"Ankrd49",5.85767745253131,-4.14833813644193,0.271717342528636,-15.2671084511462,1.26666479083333e-52,3.71043221557238e-52
"Mre11a",1.18082955824903,0.00577459834158234,0.213512350024379,0.0270457345484839,0.978423256463339,NA
"Gpr83",19.4111282562412,-6.09178713807304,0.299658054213345,-20.3291286598822,7.10530125641981e-92,3.71082266718473e-91
"Folr4",1.22143482612504,0.10837105061737,0.215929251905979,0.501882212163441,0.615750378392551,0.631725034435754
"Panx1",1.78850696033305,-1.48283712024021,0.217721808950676,-6.81069630730537,9.71274758955408e-12,1.85106032922498e-11
"Hephl1",8.21673059858826,-4.75696261782296,0.291612091521023,-16.3126384540883,8.02501951233024e-60,2.49274631683212e-59
"2200002K05Rik",108.698685187258,-8.63156553482828,0.33183406228069,-26.0116923365362,3.6520904042202e-149,4.97752269191369e-148
"Med17",1.2318144768909,0.215912442197488,0.213159235494749,1.01291619711596,0.311100191122888,0.351037806053935
"Taf1d",1.39373401406648,0.417963848142128,0.209597149908218,1.9941294446282,0.0461379101741713,0.0640106022881526
"5830418K08Rik",24.9211247676033,-6.43280009950402,0.27692031902051,-23.2297872624781,2.27742759254032e-119,2.02351864392519e-118
"BC017612",5.08654260204913,-3.59697916082327,0.264988618796143,-13.5740892464157,5.70483949654458e-42,1.53540923804912e-41
"Fat3",2.16270397919604,-2.24070796079625,0.231805079493825,-9.66634538677543,4.19076730797065e-22,9.20698878266278e-22
"Chordc1",1.24427176613659,0.185748305306429,0.212418126018037,0.874446586967144,0.38187509617097,0.414641290070195
"Naalad2",1.6258395175881,-1.42726607746537,0.210254088275721,-6.78829167684815,1.13469072879598e-11,2.15895228879716e-11
"Mbd3l2",17.6937278758232,-5.95145784886603,0.302948730626511,-19.6450991445257,6.36722651174068e-86,2.94523016316228e-85
"Olfr24",11.6003287334536,-5.30273931551665,0.282045037659169,-18.8010374496453,7.40536741008496e-79,2.98848224821364e-78
"Olfr832",14.9974483841752,-5.69966168803369,0.29176374385744,-19.5351951982719,5.51347271105079e-85,2.49720846435446e-84
"Zfp317",1.19266570029391,-0.00277062849629351,0.210960905535764,-0.0131333741162,0.989521384797193,NA
"Olfr857",1.66711032688909,-1.56137103636559,0.207126684894116,-7.53824181159355,4.76349964120335e-14,9.42052211671965e-14
"Olfr859",20.1589566942298,-6.14866273476563,0.299007157709367,-20.5635971455309,5.81575261250292e-94,3.17388694587195e-93
"Olfr39",29.7699765046754,-6.73196869658338,0.306763026614546,-21.945176284371,9.62938522370208e-107,6.78803387815326e-106
"Zfp560",1.21271184772916,0.15825967019833,0.214420254438725,0.738081719997005,0.460464791342698,0.485759357622077
"Zfp26",1.76305947393618,-1.56943724086637,0.22079192756778,-7.10821839437304,1.17550449792116e-12,2.27474827771954e-12
"Zfp426",3.60581891616818,-3.26336947015973,0.256220167481314,-12.7365831590822,3.70258481058037e-37,9.58467280497374e-37
"Zfp266",1.19725524802332,0.128527223645648,0.215065544160351,0.597618852184986,0.550094282212252,NA
"5730577I03Rik",2.35985642232497,-2.43899727510259,0.237007776064229,-10.2907900981342,7.7537497219001e-25,1.7632138335142e-24
"Fbxl12",1.22081317104033,0.196996927321557,0.213531515702392,0.922566051543044,0.356233394053367,0.392000127749348
"Ubl5",2.74542537123118,1.73174099878578,0.198235684950913,8.73576823070272,2.42005720236065e-18,5.06117732224464e-18
"Pin1",1.36928704920243,0.434205965682857,0.209111187408542,2.07643584766483,0.03785365866778,0.0530388131112097
"Col5a3",4.36411746916612,-3.68487070168309,0.253657093587051,-14.526976752647,8.17495498505459e-48,2.30292849551997e-47
"A230050P20Rik",1.20464908311306,0.158261710060357,0.214377099744812,0.738239813155167,0.460368733315762,NA
"Angptl6",1.28281667228745,-0.485339793545203,0.201528576645758,-2.40829266808311,0.0160273269145159,0.0233368609466592
"Ppan",17.2120011792033,-5.72964473148771,0.28145636208067,-20.3571334793474,4.01390827616042e-92,2.10261928766256e-91
"Eif3g",1.75172543129644,0.822526430004558,0.203655832060786,4.03880616470171,5.37239369627978e-05,8.89294279200269e-05
"Dnmt1",1.27088826634092,0.225299214154934,0.213214093470333,1.05668068413255,0.29065734338849,0.331827717078859
"S1pr2",16.3466257666952,-5.75602076947519,0.283292946754455,-20.3182636045798,8.86571230297767e-92,4.62558902764053e-91
"Mrpl4",1.45527253458445,0.58041742168942,0.207203521304739,2.80119477716687,0.0050913778663535,0.00771129913313949
"Icam1",1.37704046947973,0.393221448516983,0.210969109277545,1.86388163586391,0.0623383281595276,0.0847963708124389
"Icam5",23.2197624002021,-6.36116495710696,0.300241586783018,-21.1868216700577,1.26343191261563e-99,7.79103908311114e-99
"Raver1",1.24424988821275,0.174725842698709,0.211264694686562,0.827047050894785,0.408210393741604,0.437925840846274
"Tyk2",1.22459335495511,0.204637016318824,0.211927999184125,0.965596887181641,0.334245933555513,0.371463439037637
"Cdc37",13.9873061245162,-4.5601433341399,0.278133408315977,-16.3955253047462,2.05853526005982e-60,6.43474383765374e-60
"Keap1",1.3306909066002,0.350836114590527,0.210729481154117,1.66486489061273,0.0959397141807232,0.12576349570346
"S1pr5",1.24806718045155,0.289489860158398,0.21181211409099,1.36672947815458,0.171710114529428,0.211829792717247
"Atg4d",1.26359111885844,0.289466931939503,0.211731082890374,1.36714424725905,0.171580096588135,0.211829792717247
"Kri1",1.19717528769319,0.128506236508674,0.215011380655987,0.597671788891401,0.550058952805697,NA
"Cdkn2d",1.84360751691242,-0.918733922899992,0.20790594041543,-4.41898832262423,9.91640047126238e-06,1.67845688910472e-05
"Ap1m2",116.378522341496,-8.72011116658083,0.233904284353349,-37.2806816715155,3.37457868822846e-304,1.63104636597709e-302
"Slc44a2",25.4066236311137,-6.06821555089713,0.284810154643545,-21.306176946155,9.94954789647607e-101,6.25742650838616e-100
"Ilf3",79.9244666366285,-8.08960095731191,0.287266268661278,-28.1606364541551,1.77554939834666e-174,3.42638368183718e-173
"Qtrt1",1.18148427813551,0.118484097788158,0.21518823320317,0.550606768894704,0.581903267710405,NA
"Dnm2",1.48771380159554,0.616664800154872,0.206311172647159,2.98900341771367,0.00279889000920141,0.00430852428429117
"Tmed1",30.8137277913729,-6.6483324077634,0.276430532925323,-24.0506442519482,8.21920016860241e-128,8.37973142189542e-127
"AB124611",1.69242817292525,0.865168887022585,0.20411039705919,4.23873011609348,2.24787693752288e-05,3.76811740972044e-05
"Carm1",2.69684938036218,-2.64099510527434,0.238592563086535,-11.0690587799943,1.7725247167375e-28,4.2162583829436e-28
"Yipf2",74.840117883982,-8.04544932584816,0.263197661126246,-30.5680882247243,3.25151131922496e-205,8.34048603752055e-204
"1810026J23Rik",1.23218501761365,0.0864383463775682,0.20899803799941,0.413584487227637,0.679178436025276,0.693730835740523
"Smarca4",1.37988326778295,-0.102849938020036,0.198769196295445,-0.517433988449408,0.604853238488349,0.622502741504177
"Ldlr",1.39474540547083,-0.806823691596354,0.201702013419558,-4.00007752980676,6.33217352205877e-05,0.00010461764768206
"Spc24",1.86596344316352,-1.55348920053929,0.224854902850874,-6.90885180106382,4.88592041730745e-12,9.36116886707465e-12
"Dock6",1.84577713032871,-1.71620730031726,0.225163352472053,-7.62205430624097,2.4966994759564e-14,4.9554263363089e-14
"Gm6484",2.0576125855949,-2.1269932629135,0.231366862559631,-9.19316292481299,3.81456637438676e-20,8.18583205521022e-20
"Rab3d",20.0182439128167,-5.99164057857114,0.296297118407173,-20.2217308449736,6.30324395187931e-91,3.24967243741333e-90
"Tmem205",1.23234951854414,0.221166135830267,0.210234273906277,1.05199847637052,0.292800248670646,0.333752003070373
"Ccdc159",6.35730516268105,-4.33554086927949,0.273461957030533,-15.8542742703893,1.31336011309522e-56,3.96629435369226e-56
"2310047B19Rik",3.19384677817887,-3.05523767613503,0.254857668232717,-11.9880154963405,4.10625020423315e-33,1.02386558710757e-32
"Epor",15.4092254258263,-5.73010744614549,0.289404312063273,-19.7996616059152,2.99700139918885e-87,1.42740395107352e-86
"Prkcsh",1.32211738703615,0.350794876832759,0.210749226169418,1.66451323788378,0.0960099078369154,0.1258276974413
"Ecsit",2.34125903893883,-2.14010886904198,0.231936557216433,-9.22713044776689,2.77978976310533e-20,5.97508855812635e-20
"Elof1",1.4433726400054,0.401001919374094,0.207443287945298,1.93306769935038,0.0532278585344054,0.0732242512978248
"Acp5",1.72626396787191,-0.233059977265379,0.184715915886309,-1.26172114702247,0.207049144726888,0.249750788093439
"Pigyl",12.7151215836877,-5.18421044812743,0.288187685862598,-17.9890075199089,2.37574723540639e-72,8.63006302631966e-72
"Rp9",1.59315335762307,0.644781861154924,0.206470594771744,3.12287501214272,0.00179093785390061,0.00278732725025676
"Bmper",25.8773335194765,-6.50158609860717,0.28257932906489,-23.0080031689585,3.87613022741799e-117,3.32239733778684e-116
"Dpy19l1",1.67805387314313,-1.31357192805226,0.213102718433686,-6.16403177635213,7.09157024508006e-10,1.30805641976388e-09
"Cypt4",27.4957247129405,-6.61378104415608,0.302521755548587,-21.8621666800881,5.9549542436095e-106,4.12539630413292e-105
"Cypt9",13.8124264581021,-5.573249652245,0.254018283401048,-21.9403484569096,1.07078205753097e-106,7.51779736423894e-106
"Herpud2",1.26394609172246,0.271444036340768,0.212106066333871,1.27975611934405,0.200630920870259,0.242915550177492
"Sept7",2.01271229040543,1.03034317867754,0.202210879380739,5.09538943618125,3.48025087663351e-07,6.10960470019401e-07
"Eepd1",1.18473171498242,0.167997091728371,0.214103722484173,0.784652829848813,0.432657146224604,NA
"B3gat1",11.491690821868,-5.28825464169316,0.271781323952363,-19.4577558339515,2.50516750706392e-84,1.11960397147891e-83
"Glb1l3",45.2606254368678,-7.3511746969255,0.277441371759083,-26.4963175834818,1.06872367421001e-154,1.5626715908617e-153
"Acad8",1.19293976100632,0.168027323538639,0.214096402403858,0.784820864115607,0.432558605430575,NA
"Thyn1",1.24798587986377,0.280474513108939,0.211823748889,1.32409380241832,0.185471893625062,0.227031556315038
"Vps26b",1.19659332952762,0.168005871441206,0.214109668897544,0.784672043566609,0.432645878013665,NA
"Ncapd3",1.200212001599,0.15819983664992,0.214400996377154,0.737868943349637,0.46059409296895,NA
"Zbtb44",1.22495264086858,0.187425625636994,0.213776368442959,0.876736876962171,0.380629571827403,0.414225210457603
"Aplp2",1.8088894341757,1.17614027600883,0.20446816045139,5.75219277863288,8.80932610788910e-09,1.59475229003576e-08
"Prdm10",16.3577204681815,-5.81003577227168,0.186227711843392,-31.1985564058137,1.11457812798451e-213,3.05411959479219e-212
"Nfrkb",1.21671993073522,0.158278124610813,0.21444951604876,0.738067063647859,0.460473697166067,0.485759357622077
"Kcnj5",1438.00670336612,-12.3680467318138,0.163226486744447,-75.7723025134865,0,0
"Fli1",1.45666382218663,0.442272076395512,0.209395863026001,2.11213378337181,0.0346749760579851,0.0487223082160652
"Ets1",2.20435338726665,1.07227349310564,0.200850655179707,5.33866066877522,9.36357065461394e-08,1.66591134345892e-07
"Kirrel3",22.415498894539,-6.30825745867077,0.305736317526772,-20.6330000626059,1.38768173335861e-94,7.67747604465494e-94
"St3gal4",2.61262870429715,-2.04953337841869,0.233127766366585,-8.79145976629773,1.47629093799333e-18,3.09798540555787e-18
"4930581F22Rik",12.4097571492577,-5.36377994753904,0.283665889021986,-18.9087943073878,9.65388386626643e-80,3.95862323502834e-79
"Dcps",1.36569512355362,0.393107850241572,0.210014983653756,1.87180858909417,0.0612330895639394,0.0834996675871901
"Tirap",15.5785801209727,-5.67126726586862,0.281936563409408,-20.1154018382256,5.40989328498652e-90,2.74038262470933e-89
"Foxred1",2.27353403770941,-2.25586199373984,0.235180009561029,-9.59206523526589,8.63392048352727e-22,1.89286286955113e-21
"Srpr",1.3819593251973,0.417968999900735,0.20953643891916,1.99473180921047,0.0460721381350958,0.0639873782267394
"Fam118b",1.23205270384262,0.17472669475036,0.211219102375478,0.827229605586303,0.408106934312391,0.437886577001168
"Rpusd4",3.61947300371111,-3.2700882971801,0.257642771750917,-12.6923347197241,6.52123990138148e-37,1.68560892722017e-36
"4933422A05Rik",14.8201893122557,-5.68131459257238,0.289602485955257,-19.6176306078054,1.09331656695267e-85,5.03050901674124e-85
"Cdon",18.1048927348799,-5.92118290582796,0.301145395274963,-19.662206358565,4.54523189036513e-86,2.11368467418316e-85
"Pus3",26.9775548693987,-6.55089635047405,0.294314293486678,-22.2581658296883,9.40158696662699e-110,7.0058934997563e-109
"Pate4",47.2920071879971,-7.41571611968955,0.290995785599683,-25.483929619143,2.97118409650736e-143,3.78282463018742e-142
"D730048I06Rik",7.38061839021172,-4.5819504354093,0.273884654000098,-16.7294894711686,7.9920386580011e-63,2.57283020627602e-62
"Gm9513",62.6034709599416,-7.82700796752246,0.252155700861681,-31.0403768020139,1.53855433351963e-211,4.10805811814449e-210
"Gm5615",122.250718626845,-8.80241325260613,0.231814725828099,-37.9717605133227,0,0
"Gm17689",29.3542435260397,-6.71112117880979,0.292716047793606,-22.9270695248721,2.495799720566e-116,2.10810267659458e-115
"Stt3a",1.28729395756501,0.271436867108307,0.212196340022419,1.27917789288745,0.200834418901783,0.242915550177492
"Ei24",1.32229299116344,0.384766233039411,0.209945707286732,1.8326939760379,0.0668480936447363,0.090682704996238
"Slc37a2",3.73584289556422,-3.33485812080575,0.23915121723955,-13.9445584233231,3.39542990415148e-44,9.31379090891789e-44
"Ccdc15",9.79618898898827,-5.02381333806326,0.275272254788244,-18.2503439801003,2.05610576143053e-74,7.71039660536449e-74
"Esam",1.39711047935179,0.616650437263904,0.208195011675287,2.9618886269267,0.00305758360407383,0.00469222002447902
"Siae",12.6133255018839,-5.41084162198287,0.286277733225788,-18.9006722982374,1.12608485717017e-79,4.61213256526346e-79
"Tbrg1",2.29713111848082,-1.43435354871324,0.218465928416165,-6.56557092958167,5.1833872357645e-11,9.76444654301359e-11
"Olfr874",3.18448808816497,-3.09107862277483,0.244877272410259,-12.6229706511764,1.57756004723518e-36,4.05958267023301e-36
"Olfr876",19.4954933328347,-6.09827278624164,0.27914923244316,-21.8459235329739,8.49894607225507e-106,5.87609251618165e-105
"Olfr894",2.65156012637319,-2.71360634211626,0.243892780750072,-11.1262265892856,9.3510738474561e-29,2.23092346817737e-28
"Olfr895",14.3288431996797,-5.62961307374057,0.285043851684465,-19.7499894857314,8.02345372648535e-87,3.78000256789292e-86
"Olfr898",1.85146828414721,-1.85234525063594,0.207006452531832,-8.94824884915649,3.61166097811961e-19,7.64667219865518e-19
"Olfr250",12.3000960622632,-5.39390502817674,0.277396044119991,-19.4447799185036,3.22656217010474e-84,1.4376999170249e-83
"Olfr899",7.30107607484332,-4.56430569176674,0.260455997891577,-17.5242871299388,9.3506179615948e-69,3.21437113990944e-68
"Olfr251",11.1858140644711,-5.24605038012045,0.279616273492815,-18.7616060917687,1.55625259810903e-78,6.2297841734119e-78
"Olfr147",1.95669200390295,-2.00045956662913,0.217968102437844,-9.17776291234899,4.40139805231627e-20,9.43544058853836e-20
"Olfr904",6.21555509183881,-4.2979233670401,0.261152468172289,-16.4575253571973,7.40671804773153e-61,2.32839916947658e-60
"Olfr905",15.1926481611594,-5.71924265339979,0.270208687890445,-21.1660205970825,1.96462616872731e-99,1.20651160008901e-98
"Olfr907",1.46121953828329,-1.1289578842318,0.201409376099897,-5.60528961507655,2.07907023325476e-08,3.74103640730433e-08
"Olfr908",8.69232080149054,-4.84687981248534,0.280510748927714,-17.2787667888418,6.79861386886145e-67,2.27930407164141e-66
"Olfr912",9.91057258141186,-5.05560700959792,0.27182305205256,-18.5988898712695,3.28030511019079e-77,1.28988268739706e-76
"Olfr914",25.4876492372077,-6.50069856308428,0.270538909310845,-24.0287010088263,1.3941791935146e-127,1.41587848057319e-126
"Olfr915",8.06881306189505,-4.72672670267642,0.272151262264728,-17.3680131532097,1.44130817429282e-67,4.87123902221336e-67
"Olfr916",6.29236536077001,-4.31822389088434,0.27599017813241,-15.6462955316207,3.52129454091203e-55,1.05035185734633e-54
"Olfr918",8.8303254884037,-4.87183302019085,0.275929158605372,-17.6561007354734,9.13355227535373e-70,3.18484588359028e-69
"Olfr919",10.2358572354283,-5.1065241220951,0.200200412806269,-25.5070609022001,1.64594146935758e-143,2.10842072884578e-142
"Vwa5a",12.8751789869368,-5.14403680928049,0.238103458203974,-21.6042087254096,1.63973820907983e-103,1.08622251921278e-102
"Olfr920",16.2496840977973,-5.82219428530835,0.297033758860364,-19.6011197772485,1.51258564301216e-85,6.93822236952851e-85
"Olfr923",10.8607674404882,-5.19993693900942,0.266123520727371,-19.5395616471513,5.06150252290349e-85,2.29748201474402e-84
"Olfr926",11.331309625776,-5.26629842841453,0.277035122780352,-19.0094973357942,1.42309555314443e-80,5.94284702993114e-80
"Olfr935",2.5393918940344,-2.61894669528207,0.232730063029777,-11.2531516607159,2.23461799477058e-29,5.37049076091271e-29
"Olfr146",20.9575642594559,-6.20729733053084,0.297693517962645,-20.8513016105031,1.48332297139151e-96,8.53687531495447e-96
"Olfr936",34.8227354804026,-6.96450663190033,0.26187219143686,-26.5950599553429,7.742632822528e-156,1.15806714422912e-154
"Olfr937",5.55218093245792,-4.10669075968558,0.267494783643505,-15.352414367671,3.41246093864082e-53,1.00355189294113e-52
"Olfr938",2.19834186960696,-2.29189137896074,0.227876830797306,-10.0575884390781,8.50562939935416e-24,1.90965098772597e-23
"Olfr27",2.60066405080902,-2.67100609400203,0.245972491455294,-10.8589626352079,1.80791234174094e-27,4.25103712787734e-27
"Olfr242",4.34631390761092,-3.67796072123553,0.268529327790683,-13.6966816678678,1.0627111460618e-42,2.87502056617911e-42
"Olfr945",8.45491969407908,-4.8021879713428,0.27720638084073,-17.3235116622438,3.12680658318866e-67,1.05200969154011e-66
"Olfr952",1.49669526236044,-1.210994418877,0.203884814084479,-5.93960086882796,2.85716835796104e-09,5.21665576374838e-09
"Olfr955",95.0160226322815,-8.43582562502004,0.259640865558594,-32.4903616650295,1.45889020233166e-231,4.65774119643501e-230
"Olfr957",15.6002001996492,-5.75975897650597,0.292593006894155,-19.6852243245497,2.88656097609884e-86,1.35016561785268e-85
"AW551984",42.5385231255285,-7.25986545852247,0.300951319757409,-24.1230557299915,1.43234433762926e-128,1.47617718507892e-127
"Olfr963",103.082740296971,-8.55445974850773,0.213540262822386,-40.0601724257639,0,0
"Olfr149",127.658588468132,-8.8652959371958,0.23737310712473,-37.3475160879848,2.78208594001971e-305,1.35724192587878e-303
"Olfr967",3.32260502514252,-3.17527086518447,0.247736262236651,-12.8171420546875,1.31457199375222e-37,3.41481254410877e-37
"Olfr968",8.0529675458947,-4.72377655096816,0.258429691903792,-18.2787686514239,1.22152819629509e-74,4.60720894845404e-74
"Olfr971",157.450965846936,-9.16973931067833,0.281540873359947,-32.5698332936366,1.0970259701434e-232,3.53486145935095e-231
"Olfr972",41.9150068898183,-7.23817408222882,0.26160612422809,-27.6682134395217,1.68522743693979e-168,2.99213851048493e-167
"Olfr229",12.4300227463786,-5.41024925191651,0.292096260143433,-18.5221448890165,1.36873795734434e-76,5.33593139457613e-76
"Olfr975",60.0249296218584,-7.76542843685402,0.291338378375184,-26.6543271098109,1.59448719564842e-156,2.40555582696091e-155
"Olfr982",32.7087430535732,-6.87176721259219,0.308351476115324,-22.2855012700576,5.10819272747528e-110,3.83114454560646e-109
"Olfr983",108.613120418628,-8.63052800370147,0.172107534770742,-50.1461369207216,0,0
"Tmem225",5.38034253452988,-4.05200798612356,0.256502746863881,-15.7971329183225,3.25591493822383e-56,9.7930717243033e-56
"Olfr986",13.2583254394711,-5.51006755595934,0.254414969595891,-21.6577961772904,5.13204657552345e-104,3.41047525451718e-103
"Scn3b",3.30606801571595,-3.06325626111474,0.25135540648282,-12.1869519497449,3.64812651089664e-34,9.18188061083917e-34
"Gramd1b",3.8910308549558,-3.46753754255438,0.258803800163026,-13.3983254510564,6.18427788634519e-41,1.656758048074e-40
"9030425E11Rik",4.64829776774338,-3.68930367509294,0.249530386982813,-14.7849875908983,1.8309104950796e-49,5.23690563524138e-49
"Hspa8",7.87904276802426,2.72306268389094,0.209249112091956,13.0134969590422,1.02540065878968e-38,2.69719901178238e-38
"4931429I11Rik",1.56190709090838,-1.35298522408834,0.208267002182952,-6.49639746050508,8.22661409684643e-11,1.54470955343663e-10
"Ubash3b",1.29688508403526,-0.0133887635693965,0.201224693297221,-0.0665363845262293,0.946950791214043,0.950044806868596
"1700063D05Rik",5.09998818011172,-3.96097367589036,0.269204565395446,-14.713619994044,5.27105731079148e-49,1.50026822041066e-48
"Mir100",14.3214419580277,-5.62895269265732,0.28238104632946,-19.9338899186948,2.06843218475259e-88,1.00532737471215e-87
"2610203C20Rik",10.2920825886475,-5.11529078344672,0.28632808965682,-17.8651378199662,2.20387099672351e-71,7.89581784687491e-71
"Sorl1",31.8292317683555,-6.59815276356752,0.267689295677854,-24.648549157931,3.81433385769519e-134,4.27270874188173e-133
"Sc5d",1.21300612473105,0.187421226101867,0.213718911151964,0.876951997797714,0.380512711380747,0.414225210457603
"Tbcel",1.97370205756957,-1.79572163379942,0.226901927804643,-7.91408716168109,2.4907376454304e-15,5.01510145000837e-15
"Arhgef12",15.0597885763264,-5.54836759277976,0.280571738853944,-19.7752190418154,4.86709407455634e-87,2.30546561426353e-86
"Tmem136",4.46141710658347,-3.72475422506946,0.252757847567167,-14.7364533323922,3.76020156173197e-49,1.07199629449705e-48
"Oaf",10.5385391186488,-5.05482181683776,0.281244598931015,-17.9730449439764,3.16837186015448e-72,1.148534799306e-71
"D630033O11Rik",5.52515000344865,-4.09848006509316,0.272749097327907,-15.0265577603942,4.91911886255235e-51,1.42377601677423e-50
"Trim29",22.4984222428866,-6.28201240965277,0.289680692321642,-21.6859893536765,2.78210990521334e-104,1.86068080784287e-103
"Pvrl1",7.61738426122309,-4.55497126901991,0.266067887375137,-17.1195829528939,1.06032241997892e-65,3.51309618044428e-65
"Thy1",9.64203748074776,-4.15297519211537,0.270650673039884,-15.3444111018463,3.86046732373539e-53,1.13434502842098e-52
"Usp2",19.6634974341357,-6.02572103599989,0.295184165600629,-20.413429100233,1.27050553751914e-92,6.73645394195014e-92
"Mfrp",4.6340714742938,-3.79191407187322,0.260759551348746,-14.5418031756077,6.58353306667061e-48,1.85712199989303e-47
"C1qtnf5",15.3263935648888,-5.73272687381029,0.296898809774863,-19.3086893078399,4.53947009853858e-83,1.97714091901305e-82
"Rnf26",1.2207490758599,0.18574637465237,0.21233455717221,0.874781651776655,0.381692722505066,0.414641290070195
"Mcam",1.27470426120713,0.367853195264337,0.210412175644352,1.74825051895333,0.080420657231649,0.107077115354982
"Cbl",1.29477261765184,0.134622330336791,0.209524964326494,0.642512126273481,0.520540718383259,0.540740805962311
"Nlrx1",12.1949634026548,-5.28380150025824,0.278356254743247,-18.9821547395511,2.3956658247123e-80,9.93673071513565e-80
"Hinfp",55.6656665842306,-7.63362739456869,0.297749087199874,-25.637786051194,5.78592015272193e-145,7.56007589416983e-144
"C2cd2l",1.18077922996511,0.158215547448387,0.214286253897195,0.738337362154322,0.460309467751407,NA
"Dpagt1",1.26996079927826,-0.225356130487545,0.200972580799218,-1.12132774327403,0.262148380484468,0.306372897375781
"H2afx",174.12898160032,-9.01016408793285,0.250841150602417,-35.9198005043994,1.49946516207812e-282,6.26176651683821e-281
"Hmbs",1.44091680265838,-0.681087539880216,0.206275994540322,-3.30182647475773,0.000960574756310548,0.00151669698364823
"Vps11",38.7724321041006,-6.99762132280903,0.273169937569346,-25.6163668120787,1.00259142218442e-144,1.30511900842959e-143
"Hyou1",1.19675323299057,0.158245982619825,0.214348142362988,0.738266172383446,0.460352718434968,NA
"Slc37a4",122.694414827838,-8.74497954460926,0.315490279077684,-27.7186972929076,4.15617447933937e-169,7.46823779075784e-168
"Trappc4",1.51840656656262,0.686284540474427,0.205247315448246,3.34369557514371,0.00082670399961373,0.00130928242657272
"Rps25",11.8907543186269,3.64439426567332,0.210591644926192,17.3055026325978,4.27533722204658e-67,1.43657935623322e-66
"Bcl9l",20.7815871122687,-6.06634437146193,0.278318573812929,-21.7964050632834,2.50971095341513e-105,1.71925081060721e-104
"Cxcr5",1.29232401978588,0.0972839782912212,0.213325060398479,0.456036333047323,0.648363851455228,0.663543757251007
"Ddx6",1.53266298040849,0.482107574677261,0.208910693030279,2.30772091023309,0.0210146642940375,0.0302028591292828
"Arcn1",5.64076308508491,-3.83284992724497,0.262195882608783,-14.6182689411789,2.14792353732079e-48,6.07705195924905e-48
"Ift46",2.37373931192823,-2.32166233704256,0.226689753377071,-10.2415848200283,1.29104002639702e-24,2.92501255980575e-24
"Tmem25",2.8057987896433,-2.83474426971494,0.241833655471339,-11.7218766105568,9.84662836188494e-32,2.42392832110537e-31
"Mll1",1.65869237958618,-0.662448472753474,0.205167702113979,-3.22881460350644,0.00124304450946899,0.00195207350764985
"Atp5l",3.82874590266357,2.25588049499383,0.202000492855609,11.1676979749072,5.86820267403524e-29,1.40417226488489e-28
"Ube4a",1.29376401271643,-0.238737383933738,0.200829766307627,-1.18875497553507,0.234536100258786,0.277299760668372
"Cd3g",2.31984622397219,0.446283406394868,0.225002934406881,1.98345593834717,0.0473165241049502,0.0655151872222388
"Cd3d",2.38241318385689,1.17337904837239,0.23932052939241,4.90296027403658,9.4403081361624e-07,1.64343533335894e-06
"Cd3e",1.55607489540863,0.623881513889309,0.208363946943688,2.99419128424323,0.00275173368991124,0.00423843312520999
"Amica1",69.5174125557635,-7.73211443035079,0.240563317442266,-32.1417018710945,1.15352229736967e-226,3.57352308146569e-225
"Gm10684",8.44006902829774,-4.79933984954258,0.278501877536361,-17.2327019551815,1.50933339249107e-66,5.03915593783396e-66
"Scn2b",11.8856085755267,-5.34063061245649,0.292173683715819,-18.2789584076676,1.21728606797853e-74,4.59286828684347e-74
"Scn4b",4.34261405890154,-3.67570079435065,0.260483007851595,-14.1110962464193,3.24494130173306e-45,8.97646719398336e-45
"Il10ra",22.0386053837531,-5.78761715508746,0.283172363487711,-20.4384957762258,7.60470861089329e-93,4.05067132131255e-92
"Dscaml1",1.78784033613756,-1.76159977998563,0.211415551085217,-8.3324039832603,7.92170989676903e-17,1.6305727784359e-16
"Cep164",1.39523066060786,-0.703992905926812,0.202293285352762,-3.48006066884118,0.000501300250121738,0.000801711797069691
"Rnf214",1.85650590373457,-1.68031673848022,0.218658194586726,-7.68467306544856,1.53388193613752e-14,3.05139622966382e-14
"Pcsk7",1.36632515997175,-0.632997626040643,0.203764704790626,-3.10651261557327,0.00189308230739811,0.00294279024556824
"Sidt2",1.25863257300403,0.298311338860427,0.211519339493841,1.41032654306825,0.158443284442152,0.197436157265757
"Pafah1b2",1.68757788643898,-0.986226817438476,0.202664665416753,-4.86629879663744,1.13707568991224e-06,1.97357775605716e-06
"Apoa1",1.46300619666835,-1.11067930111094,0.197759048012501,-5.61632609113658,1.95060382028554e-08,3.51169234071065e-08
"Zfp259",1.26318214658041,0.271384527205847,0.212114980213953,1.27942178780636,0.200748565425373,0.242915550177492
"Bud13",2.01210410726116,-1.97864281670205,0.220126325470605,-8.98866963082195,2.50241011786993e-19,5.31107168744908e-19
"Cadm1",1.20042910632398,0.206460423468312,0.213468526212973,0.967170323096393,0.333458895193193,NA
"Fam55d",1.18887741246222,0.177731531704448,0.213899641102819,0.830910845797142,0.406023996180324,NA
"Rexo2",1.67325561629481,0.815874839319922,0.204603193281508,3.98759582504356,6.67462480592226e-05,0.000110188303247673
"Rbm7",1.45863305879697,0.580363957040782,0.207129092212009,2.80194322701296,0.00507958118127809,0.00769454839415892
"Gm5617",1.28628872078507,0.315991787997371,0.21127632269723,1.49563275223321,0.134749383294367,0.170882100887308
"Usp28",3.17578184866286,-3.04572406481231,0.244231044786398,-12.4706671401094,1.07918731525468e-35,2.75402482797821e-35
"Zw10",1.18517127477662,0.128503638103092,0.214980005385489,0.597746929407071,0.550008806727439,NA
"Ankk1",1.24961100968525,-0.485419268373256,0.195916072507651,-2.47768987077004,0.0132236029509266,0.0193978382475304
"2310014F07Rik",13.9062734184387,-5.58374488772614,0.265867680799453,-21.0019693666265,6.29224844165177e-98,3.74735161043037e-97
"1600029D21Rik",1.49359651028207,0.762171081795745,0.213333969777094,3.57266628747459,0.000353364953707598,0.000568257873799649
"Pts",1.38199540176197,0.442343480731274,0.209129848377237,2.11516186791929,0.0344161537018416,0.0484305486096076
"Tex12",5.14855964683724,-3.97676570940302,0.267176988864535,-14.8843870361131,4.16284128702835e-50,1.19592908741266e-49
"Il18",20.8276203836238,-5.71839341516638,0.294116700391358,-19.4426001908676,3.36662478371163e-84,1.49882996767375e-83
"Sdhd",1.41557526169859,0.476740853120085,0.207250909247697,2.30030765534691,0.0214307962796981,0.0307754488528264
"Timm8b",1.90081006071315,-0.780185028380224,0.200969205830128,-3.88211231246883,0.000103553027531549,0.00016979638879054
"AU019823",21.1837425243118,-6.17815114580493,0.28467729935849,-21.702296458928,1.95168364026854e-104,1.31116970427307e-103
"Dlat",2.2344447097227,-2.08743261019281,0.226173047552157,-9.22936058378678,2.7225222857559e-20,5.85319865389037e-20
"Hspb2",1.73586233734494,-1.53879042323302,0.211555326896601,-7.27370208921806,3.49766893956378e-13,6.81643900112859e-13
"Cryab",1.61051811781874,-0.826732785055324,0.203995910967076,-4.05269292475552,5.06314407867459e-05,8.38502921658673e-05
"1110032A03Rik",29.2819775798035,-6.61250427815252,0.251458383337301,-26.2966149324306,2.09652915413147e-152,2.98605243780798e-151
"Alg9",2.8901027571822,-2.83862804491685,0.243963312977204,-11.6354709660058,2.72084159123058e-31,6.67110996064991e-31
"Ppp2r1b",1.19252462393768,0.117052990811941,0.212328574620397,0.551282327502126,0.581440151229212,NA
"Layn",2.7897102961742,-2.80649444293655,0.244170309486549,-11.4940037092886,1.41403051901703e-30,3.43873249907705e-30
"Btg4",15.3798590891751,-5.73795959726799,0.296946481213331,-19.3232112865003,3.42655928245869e-83,1.49867108960489e-82
"Pou2af1",1.39606793094371,0.197079076213677,0.214669115773077,0.918059756774728,0.358587582015951,0.393364963354684
"4933407I05Rik",24.8883699281429,-6.46514417106428,0.294637086148035,-21.9427372690483,1.01599317179112e-106,7.13793318539653e-106
"Fdx1",1.40357821642482,-0.371636508201709,0.192501049757134,-1.93056873544626,0.0535364073395475,0.0736390108860179
"Rdx",1.6886894163526,0.820266498788569,0.203501093232518,4.03077195192923,5.55939635855741e-05,9.1966563117318e-05
"Gm1715",2.84254254418663,-2.86118097604763,0.244364574194592,-11.7086569748413,1.15088142011853e-31,2.83177045157612e-31
"Ddx10",1.48558238389124,-0.728630827481326,0.207657433728935,-3.5088116731349,0.000450113503690549,0.000721176331879885
"Atm",1.20497717882308,0.158264104782934,0.214393662839885,0.73819394979566,0.460396598919734,0.485759357622077
"Acat1",1.39320010303041,0.450315731116347,0.208907739549791,2.15557227361134,0.0311170795059782,0.0440133193391699
"Cul5",1.24435520634084,0.187384908119896,0.21384170665359,0.876278584997673,0.380878604026606,0.414225210457603
"Rab39",17.0981618479266,-5.88884115277593,0.284100287758825,-20.7280365649436,1.93525921305975e-95,1.08858330734611e-94
"Dmxl2",1.18843982457447,0.117034884503374,0.212353464809969,0.551132446122818,0.581542884706113,NA
"Cib2",1.22310880993745,0.262214826937529,0.212349377441624,1.23482738728355,0.21689475230598,0.259521314600617
"Idh3a",11.2774995189363,-5.03975071526909,0.276436509194238,-18.2311328194638,2.92205315772941e-74,1.09302167562505e-73
"Dnaja4",12.6771438876233,-5.38448058951359,0.264329924090418,-20.3703027874807,3.06775400032274e-92,1.61265618143854e-91
"Wdr61",1.334952075117,0.307278386185936,0.211656721064979,1.45177712590379,0.146563586090924,0.183760375061519
"Ireb2",22.0005726123004,-6.13353095781868,0.293344668679709,-20.9089566393846,4.43832365652557e-97,2.58283717804498e-96
"Psma4",1.85479304285146,0.92956456919112,0.2037760130551,4.56169769569379,5.07416685462101e-06,8.674357616218e-06
"Chrna3",4.96927480249448,-3.91475210377354,0.264591134703079,-14.7954772111569,1.56669228914764e-49,4.48485536021424e-49
"Ube2q2",1.63294333162324,-1.40749641603621,0.210266971428974,-6.69385403932374,2.1736823645033e-11,4.11706166281104e-11
"Fbxo22",1.29474890518992,0.359394282723002,0.210390456614914,1.7082252137549,0.0875945617859045,0.116060506021613
"Etfa",1.90810310461809,-1.0279219409418,0.206692336615877,-4.97319812515407,6.58572926812292e-07,1.1510968283811e-06
"Scaper",1.28151557014293,-0.264845297482649,0.199177266175951,-1.32969641850937,0.183618315351446,0.22536741268153
"Rfpl3s",11.4503431076801,-5.28245037073014,0.277988578595794,-19.0024007367979,1.62919074129634e-80,6.789920694265e-80
"Gm7444",134.253575061773,-8.93843187079059,0.244769427248317,-36.5177627421688,5.79508812100049e-292,2.61907878715347e-290
"Rcn2",15.9645498692904,-5.41854226137601,0.249029019572473,-21.7586780475562,5.71728700867359e-105,3.88596851370783e-104
"Pstpip1",1.36237933496655,0.397251355904762,0.208441909231217,1.90581326648715,0.0566744370984369,0.0776178831572453
"Tspan3",1.26316417995092,0.295334906261024,0.210264106070013,1.4045902164713,0.160143167546692,0.198807664190948
"C230081A13Rik",1.80966394984833,-1.50644087940506,0.212482677455394,-7.08971148822851,1.34391878258002e-12,2.59824297965471e-12
"Hmg20a",1.3933550727291,-0.589584299023608,0.197399182072761,-2.98676161082718,0.00281949486596624,0.00433768440917884
"Odf3l1",14.9616769510128,-5.695891410383,0.287972523582209,-19.7792877581842,4.48987264297484e-87,2.12968061756735e-86
"Imp3",1.56993628507248,0.624150289573041,0.205162701042909,3.04222105870259,0.00234839361387061,0.00362895638377874
"Sin3a",1.29007576543994,-0.109196876917358,0.199671278326036,-0.546883246468,0.584458946376337,0.601869343082359
"Man2c1",1.17719492507272,0.0976914427893946,0.214168091902599,0.456143779036065,0.648286590565873,NA
"Commd4",1.40936522687276,0.42611232496736,0.209572995145855,2.03324061227832,0.0420282198418946,0.0586205230660494
"1700017B05Rik",1.18877018163134,0.148372025291323,0.214531129566395,0.691610702797347,0.48918183854618,NA
"4930430J02Rik",26.483452028503,-6.55784938800717,0.288607169556635,-22.7224063701587,2.69057407460985e-114,2.19278636525581e-113
"Ppcdc",12.9696833880105,-5.33320430350922,0.292319530487886,-18.2444337352623,2.29098601907036e-74,8.58503016478629e-74
"Cox5a",2.5958943160838,1.51364151058056,0.20798275797685,7.27772592932457,3.39494148400779e-13,6.61870944781351e-13
"2310046O06Rik",1.22437364817088,0.117045512420307,0.212446753964393,0.550940460309056,0.581674490302344,0.600036908991535
"Scamp2",62.6418822458338,-7.59878639569024,0.274273541234812,-27.7051383136689,6.05466101014098e-169,1.08609383068508e-167
"Ulk3",35.3830701280611,-6.86356956866283,0.293812389394598,-23.3603817143492,1.08094669280598e-120,9.85596809859778e-120
"Csk",1.87576921230826,0.954013349156942,0.202079968385371,4.72096941017735,2.34723241443457e-06,4.04775460962949e-06
"Cyp1a1",1.34388281471261,-0.78667227973063,0.200313250397449,-3.92721039756363,8.59368011649561e-05,0.000141421848070956
"Edc3",11.8603025805886,-5.2245884891398,0.285265048366436,-18.3148567238023,6.29924842311305e-75,2.39229368997091e-74
"Clk3",4.17779438506039,-3.13246287351062,0.262908082506814,-11.9146693538014,9.92591613744276e-33,2.4614385861022e-32
"Arid3b",1.20529359993173,0.128531647739278,0.215040568644304,0.597708834893757,0.550034229354357,0.569195319323794
"Ubl7",1.31003165916702,0.241416766686325,0.205986889694471,1.17200064064468,0.241196798942439,0.284916788974775
"Sema7a",1.54839683814175,-1.25951363496064,0.204318671757784,-6.1644568463805,7.07254808651817e-10,1.30477826512192e-09
"Islr",63.5572766733972,-7.83851528948415,0.285829703100689,-27.4237254017049,1.42997608382653e-165,2.44336339036808e-164
"Pml",21.2897955361253,-6.13254098450072,0.28169087854531,-21.7704634817073,4.42137283634001e-105,3.01299819917688e-104
"Loxl1",1.28993859328797,0.12979291374205,0.202911558947305,0.639652636919304,0.522398453744301,0.542346843386088
"Nptn",1.89181581629823,-0.723885123765812,0.202813411452261,-3.56921723559787,0.000358049441563404,0.000575702474961025
"Adpgk",1.19312852931516,0.138488879643394,0.214764372864349,0.644841031109321,0.519030209088041,NA
"Arih1",1.27153217147082,0.241597371619099,0.211312069150824,1.14332026840672,0.252905642733999,0.29594484204607
"Tmem202",2.48197383653627,-2.52740784541905,0.243661494083244,-10.372619009533,3.30344578129967e-25,7.56315218350187e-25
"Hexa",1.77760065240241,1.03453263021456,0.203102123838589,5.09365737128743,3.51221254556882e-07,6.16467703021831e-07
"Pkm2",2.53530409092004,1.61815977235289,0.205491734071951,7.87457354263362,3.41907046719864e-15,6.86444147645265e-15
"Senp8",2.72814234981929,-2.74397008613357,0.236753759947726,-11.5899746924375,4.63269418350512e-31,1.13320823045439e-30
"Myo9a",1.18456524396896,0.117705811837364,0.213725627982488,0.550733259967346,0.581816541023126,NA
"Gm7616",17.1394169503125,-5.90306226389544,0.297731139523296,-19.8268218546,1.7473769293463e-87,8.36433523263427e-87
"Lrrc49",2.957676335614,-2.93013234062662,0.24612444084099,-11.9050848043151,1.11350047183177e-32,2.75995843445481e-32
"Uaca",1.80200619621927,-1.6449635300132,0.218031355383691,-7.54461910819387,4.53611291324327e-14,8.97253103718449e-14
"Tle3",1.29957308907923,0.324908699692373,0.211108967963353,1.53905683319325,0.123790422128651,0.158746132980675
"Rplp1",24.2146752132177,4.64759042596729,0.22986915855567,20.2184166643727,6.74121720863377e-91,3.4703307523736e-90
"Kif23",1.21520795398037,0.215832481916782,0.21330497624947,1.01184925786427,0.311610133927195,0.351037806053935
"Anp32a",2.7728076136569,0.818714617947133,0.190420084415227,4.29951819663024,1.71169822074085e-05,2.87856466245723e-05
"Fem1b",1.20135079289092,0.12768373430907,0.213574057038783,0.597842903203751,0.549944760542096,NA
"Cln6",1.44323391292517,-0.880600594811434,0.196131718207985,-4.48984286099822,7.12757350223464e-06,1.21389669434469e-05
"Gm10653",1.32743338499532,-0.624098915141387,0.196966178469972,-3.16855878501258,0.00153196764865721,0.00239688230834283
"Pias1",17.8605621655891,-5.6689378686316,0.28427205951296,-19.9419453264036,1.7608221830153e-88,8.57415279416032e-88
"Map2k5",1.57616910102514,-1.05877096905877,0.202802698084384,-5.22069469025617,1.78253201145435e-07,3.14670852208038e-07
"2300009A05Rik",1.40335843683468,-0.258552587151537,0.199042653157673,-1.29898081164906,0.193950514369112,0.236050754256648
"Aagab",1.19277140004972,0.107742785114983,0.21400446671868,0.503460449994331,0.614640580118212,NA
"Smad3",1.19710860400431,0.138498879362856,0.214806151243594,0.644762166078737,0.519081323271125,NA
"Smad6",1.2246218257354,0.262368581730713,0.212394720465488,1.23528768114246,0.216723456794069,0.259521314600617
"1110036E04Rik",15.10747861283,-5.71070860619341,0.290477826348818,-19.6597057957042,4.77487950180962e-86,2.21751521347386e-85
"2600006L11Rik",13.6950784480996,-5.54921532795873,0.251286147339183,-22.0832520483848,4.57921927426256e-108,3.30844631303122e-107
"Lctl",9.29262609108154,-4.95327811897669,0.27383835194545,-18.088328693869,3.93851094368442e-73,1.44476648812598e-72
"Rpl4",11.3155169509207,3.52123371925697,0.218561285221529,16.1109673000317,2.13655330587562e-58,6.55276630826717e-58
"Snapc5",2.23777960990451,-1.44161628817008,0.214914409434342,-6.70786240887449,1.97496011771293e-11,3.74474820721448e-11
"Map2k1",1.7257857334131,-0.258681841326927,0.194151910567009,-1.33236825005462,0.182739209926684,0.224314797370321
"Uchl4",1.51638614418855,-1.01514919540155,0.207783416514308,-4.88561220347266,1.03107966087109e-06,1.79258478925798e-06
"Tipin",1.72157563322931,-1.20874657882615,0.21754709575534,-5.55625242722404,2.75628190609297e-08,4.94680816565421e-08
"Dis3l",1.18504104706565,0.148411313188233,0.214516870268136,0.691839821281776,0.489037925971325,NA
"Rab11a",1.74107540168517,0.996986214398254,0.202040664266467,4.93458194674786,8.03226167106634e-07,1.40041435948451e-06
"Dennd4a",1.24019850748742,0.206490170700988,0.213443947185518,0.967421064985805,0.33333358374195,0.371194373059014
"2010321M09Rik",1.20094636593535,0.187415251997809,0.213686673977068,0.877056339123523,0.380456037808982,NA
"Ptplad1",1.18487770256358,0.148385126503562,0.21455603939082,0.691591469179172,0.489193920492647,NA
"Dpp8",1.1929688824287,0.148412458983914,0.21456079050694,0.691703543006445,0.489123521543444,NA
"Parp16",1.38786486735532,-0.771050738576211,0.201653874313366,-3.82363463732917,0.000131498732083345,0.000214842998896733
"Clpx",1.18952915206901,0.108355495538924,0.215456372403278,0.502911537636542,0.615026468960572,NA
"Pdcd7",1.26009860068489,0.232492775892512,0.211487558790465,1.09932128973534,0.271627949303384,0.314389777242498
"Rasl12",1.21173410373308,-0.0483772825516792,0.207132152456259,-0.233557571714489,0.815328469612845,0.824809033212994
"Mtfmt",5.60236835770638,-4.05288996484503,0.263958987151872,-15.3542412348823,3.31768490918831e-53,9.75954647842377e-53
"Spg21",1.50432324885277,0.223890957945064,0.192089511390776,1.16555535137779,0.243794268688809,0.287822250945513
"Plekho2",1.28709628936189,0.324809785623423,0.211160258752821,1.53821456528729,0.123996160829677,0.158746132980675
"Rbpms2",5.10558387483285,-3.96246830257005,0.233974974119684,-16.9354364392114,2.46523192185038e-64,8.04533331169676e-64
"Oaz2",1.60831613134451,0.906481147228883,0.204782674619689,4.42655194787522,9.57513311047859e-06,1.62174545219657e-05
"Zfp609",23.5793770738779,-6.29923716164541,0.290156784498364,-21.7097703661688,1.65884345787188e-104,1.11587150130041e-103
"Trip4",55.9224892470571,-7.48844171510744,0.289326175074559,-25.8823513398941,1.05244214627767e-147,1.41409215021092e-146
"2810417H13Rik",54.3066188589227,-7.31475279688721,0.27145184621741,-26.9467785863896,6.22235978076888e-160,9.82775130275751e-159
"Csnk1g1",1.20057530760382,0.148392544890654,0.214574606965515,0.691566196900936,0.489209795977389,NA
"Ppib",2.43279805531426,1.48505945770406,0.198632000065812,7.47643610904597,7.63652431507549e-14,1.50538734609872e-13
"Snx22",38.6958541019206,-7.08829404659165,0.313857110023139,-22.5844622289075,6.16041330098327e-113,4.92833064078662e-112
"Snx1",1.43891315913148,0.558221429533128,0.207159905672417,2.69464029596464,0.00704646549297745,0.0105788179100783
"Fam96a",1.63715949637176,0.828221371880066,0.204239739820997,4.05514310097509,5.01036196939675e-05,8.30025054911171e-05
"Herc1",1.68440855343476,-0.997972964833446,0.201902214962831,-4.94285297968209,7.69875419471922e-07,1.34271623442814e-06
"Usp3",1.28720278179913,0.184179736811622,0.211182067505235,0.87213719889856,0.383133534855764,0.415705061722529
"Aph1b",1.19665861078317,-0.128165160364412,0.207496429105176,-0.617674053077064,0.536790219082719,NA
"Aph1c",4.66695489146268,-3.73172011188064,0.268099028940692,-13.9191854839063,4.84392741140045e-44,1.32661600668995e-43
"Rab8b",50.6135529779943,-7.0807544436963,0.236258731048919,-29.9703397722482,2.39054288140702e-197,5.790549346146e-196
"Rps27l",71.852249615073,-6.33743479662917,0.275947855624607,-22.9660592298657,1.01840397596681e-116,8.6580924341152e-116
"Lactb",1.30660155252861,0.190120079111281,0.208517460404614,0.911770547858994,0.361889517494187,0.396528816397913
"Tpm1",1.26411196921775,0.289509861535446,0.211781284015701,1.36702288344792,0.1716181329521,0.211829792717247
"Vps13c",1.3408983150868,-0.552881811607961,0.198903160894586,-2.77965321979461,0.00544169752933048,0.00822875466486243
"4930502A04Rik",3.90461388804531,-3.48195685290755,0.264166085169698,-13.1809382369079,1.1297698061075e-39,2.99740705864352e-39
"9530091C08Rik",18.0764448451727,-5.96221241049786,0.290276389983233,-20.5397773165164,9.49971193853889e-94,5.16277941896648e-93
"Anxa2",2.93291157217852,2.13946407135041,0.221131765154405,9.675064411739,3.84849229796875e-22,8.46392660433828e-22
"Foxb1",1.35815486896458,-0.845229057939685,0.192572946723577,-4.38913706374833,1.13801330428163e-05,1.92309143682424e-05
"B230323A14Rik",7.15235231056977,-4.53047294430497,0.269373218585288,-16.8185722697246,1.78406522113108e-63,5.77897639112892e-63
"Bnip2",3.07209465225483,-2.14765845299346,0.235036424263844,-9.13755584786539,6.38796924477724e-20,1.36716684943572e-19
"Gtf2a2",1.47066744653752,0.373196345213038,0.204003894367602,1.82935892655345,0.0673458564162748,0.0909845855905899
"Myo1e",33.6327325695438,-6.83356225806196,0.29858831624744,-22.8862346120703,6.37112639828233e-116,5.3511311020167e-115
"Ccnb2",31.2551734366058,-6.76232726281774,0.287281699435414,-23.5390116255492,1.62677580026619e-122,1.52592447033055e-121
"Rnf111",1.24352170284116,0.187345011383539,0.213835777450813,0.876116305778775,0.380966809241803,0.414225210457603
"Sltm",1.42098106135962,0.409236735689798,0.207176877813794,1.97530120160229,0.0482339769686198,0.066758944657615
"Fam63b",12.118612582835,-5.08722911129917,0.283677064413056,-17.9331703175403,6.49672873378962e-72,2.3420527617667e-71
"Adam10",1.34171792738056,0.335123768638951,0.208215480104844,1.60950457895928,0.107506054572498,0.139130185910113
"Aqp9",7.56024672467742,-4.62141188014096,0.26667176222663,-17.3299634035247,2.79506308691147e-67,9.41001568118533e-67
"Polr2m",1.96489581418132,-0.732943153485253,0.204924518718043,-3.57664938324785,0.000348026469578719,0.000559759103743926
"Myzap",29.2126259134052,-6.4538446280906,0.241124993188641,-26.7655564972542,8.13877063516043e-158,1.24587632596884e-156
"Cgnl1",28.2681957110332,-6.62304258593919,0.294356518232452,-22.5000710896743,4.14397485999152e-112,3.24311075999336e-111
"Tcf12",3.56235963912581,-3.06621181859422,0.249903003825182,-12.2696076944284,1.3189082162637e-34,3.32996415424258e-34
"Mir378",1.96739669908159,-2.02022158467965,0.228905358814847,-8.8255757538369,1.088981018372e-18,2.28751747118786e-18
"Zfp280d",14.5742787189129,-5.54447815603518,0.29261159328467,-18.9482518235058,4.56498271026821e-80,1.88596832193115e-79
"Tex9",21.6089069603836,-6.15777612297449,0.280971764853847,-21.9159961719911,1.82850072016043e-106,1.27689281060033e-105
"Rfx7",1.19323079768362,0.0878742856205969,0.215965995752082,0.406889451807369,0.684089183562524,NA
"Nedd4",14.5381703558581,-5.3576750908098,0.292362071340627,-18.3254793148857,5.18228588399974e-75,1.97168602875209e-74
"Dyx1c1",2.50567581565888,-2.5758532038028,0.233324574017769,-11.0397853061403,2.45619330951104e-28,5.83583480912499e-28
"Gm5918",37.5234104825147,-7.06408597060628,0.284485450189926,-24.8310975689274,4.13863464345053e-136,4.76902270172445e-135
"Ccpg1",16.6173816960077,-5.37525852640736,0.281907722534175,-19.0674397923091,4.70797107128906e-81,1.98110511826916e-80
"Pigb",60.7779729050858,-7.78366189243913,0.285198928940866,-27.2920446137195,5.2718480815162e-164,8.80609503536466e-163
"2310009A05Rik",2.25340741262071,-1.83603851668652,0.231125619966002,-7.94389872034349,1.95923584553472e-15,3.95178172862876e-15
"Rab27a",9.09650403091798,-4.72488862164349,0.275735946373206,-17.1355555334392,8.05795926905076e-66,2.67403352730101e-65
"Rsl24d1",1.38929346798032,0.393091379592453,0.210053927551265,1.87138314515217,0.0612919934057465,0.0835252590659419
"Arpp19",2.15542986487814,1.31911509022787,0.201687654214709,6.54038590197289,6.13602950528259e-11,1.15486115080494e-10
"Myo5a",602.389837570878,-10.9598874998854,0.16690448886963,-65.6656245383923,0,0
"Mapk6",1.21176794666755,0.187346894764288,0.213765913000489,0.876411454635704,0.380806393427824,0.414225210457603
"Leo1",8.99649255822129,-4.79745725059017,0.266281391370542,-18.0164946033135,1.44621723802716e-72,5.27182540677497e-72
"Tmod3",2.07261792975037,-0.871306204561903,0.206182039395634,-4.22590739288397,2.37979853703948e-05,3.98413994975821e-05
"Tmod2",6.52124216665904,-4.32982928158683,0.248971452511005,-17.39086645444,9.67603567571015e-68,3.27873458144803e-67
"Lysmd2",1.27588028418644,0.342305030727578,0.210959036662699,1.62261373649941,0.104672002199109,0.135948916404084
"Bmp5",3.04253832367981,-2.9228950424251,0.245116388508492,-11.9245190426092,8.81918739272055e-33,2.19011218791633e-32
"Hmgcll1",1.57596025511373,-1.37918985132304,0.206884611713208,-6.66646900367309,2.62030996965214e-11,4.95400870756399e-11
"Gfral",29.2793901668236,-6.70736063940645,0.280143407959127,-23.9425967159829,1.10358673968249e-126,1.09937457655394e-125
"Hcrtr2",3.24159536305219,-3.12714924355161,0.249653361714625,-12.5259648901752,5.383265189175e-36,1.37714502756645e-35
"Tinag",2.82880068929416,-2.8494798143375,0.252258448600261,-11.2958746481982,1.37528016411933e-29,3.31132954644968e-29
"2310046A06Rik",40.0966484545748,-7.17281922622988,0.185631354510014,-38.6401276075531,0,0
"5730403I07Rik",5.19311937783066,-3.99079806764734,0.257678001607902,-15.4875388769895,4.21104666682013e-54,1.24754049947793e-53
"Lrrc1",8.38877882141002,-4.76606236467942,0.285754388964319,-16.6788772062379,1.86694969045236e-62,5.98249072078658e-62
"Gclc",30.7854649205349,-6.72747021251526,0.295506788453883,-22.7658736630517,9.99224861829456e-115,8.19474277886844e-114
"Elovl5",13.9584623827193,-5.04739612124362,0.290861238543995,-17.3532786510505,1.86301253380694e-67,6.29037867171554e-67
"Fbxo9",20.3788344911912,-5.84633436455549,0.28071849890261,-20.8263238347672,2.49923621949786e-96,1.42970006200316e-95
"C920006O11Rik",3.79579314082424,-3.40090692177065,0.259968599548417,-13.0819911623106,4.17362139555317e-39,1.10203238698661e-38
"Gsta4",148.452840522522,-9.03171643591264,0.189932018241786,-47.5523638379662,0,0
"Gsta1",44.4374313790746,-7.32424027686364,0.205115318077843,-35.7079146769723,2.97936202465277e-279,1.21502107567871e-277
"Omt2a",19.5042480464356,-6.0989390659923,0.28524998460548,-21.3810320600983,2.00643045096952e-101,1.27726426269035e-100
"Omt2b",36.3737503472575,-7.02892913346189,0.26157675981356,-26.8713823753754,4.74552012273556e-159,7.38349181540377e-158
"Ooep",5.04519209157859,-3.94162095503568,0.255559416474495,-15.423501154492,1.13765805929458e-53,3.35987274088697e-53
"Ddx43",10.4027615201883,-5.09885675006036,0.245610544392883,-20.7599260962678,9.97199137361799e-96,5.64574782757981e-95
"E330016A19Rik",128.40789656271,-8.80096163298116,0.237035739223179,-37.1292601774904,9.47632566055346e-302,4.45643422955757e-300
"Mto1",1.18511558048555,0.148404460764437,0.21450422701891,0.691848654112322,0.489032378401591,NA
"Eef1a1",31.0843746279976,0.39639802865927,0.238625080226948,1.66117504615303,0.096678295733123,0.126418011955637
"Slc17a5",1.19700937831979,0.168035688629552,0.214125970285363,0.784751557252084,0.432599247669405,NA
"Gm10635",26.2494260717005,-6.54463246409457,0.292925485019214,-22.3423116075588,1.43426034194284e-110,1.08504912825241e-109
"Col12a1",2.82942567548475,-2.8363378692698,0.249519597753849,-11.3671947806995,6.09139093667296e-30,1.47140493703993e-29
"Cox7a2",23.9804548003807,-4.70169537302274,0.275716437902973,-17.0526480349978,3.34050464863855e-65,1.09842105611926e-64
"Tmem30a",14.9407928169483,-5.0428444169725,0.265590781403138,-18.9872720368182,2.17329120643682e-80,9.02153486886696e-80
"4930429F24Rik",26.3602574855531,-6.55094068083398,0.260981839723648,-25.1011361088217,4.83328134419061e-139,5.81330152457948e-138
"Filip1",1.76339464618641,-1.68524943319459,0.209451376984931,-8.04601744545146,8.55318053160559e-16,1.7352352263887e-15
"Senp6",6.78335414772981,-4.1492684802133,0.255526444287444,-16.2381177094365,2.71116142797883e-59,8.37164309615469e-59
"Myo6",11.3004994907862,-5.11924215698276,0.265636067124387,-19.271638119027,9.29469983619854e-83,4.02474766859862e-82
"Impg1",35.3301895119174,-6.98585517765893,0.260347158332449,-26.8328458908638,1.33754148078852e-158,2.06567057092192e-157
"Htr1b",16.4059894722451,-5.83657862400749,0.298740016826324,-19.5373177186391,5.28895400293253e-85,2.39863943486601e-84
"D430036J16Rik",2.06973998465665,-2.14501502228826,0.223898872324009,-9.58028506362534,9.67774530132728e-22,2.12081572094578e-21
"Mei4",10.9586213327181,-5.21386775528652,0.2667939330095,-19.542677363285,4.76177348374895e-85,2.16237125577812e-84
"Phip",12.5721837010586,-5.09522752465877,0.263005450842885,-19.3730871673172,1.30211052278865e-83,5.73104294178478e-83
"Hmgn3",1.94969652936749,-1.81419345167388,0.22758142740454,-7.97162348599318,1.56603304398173e-15,3.16541819538612e-15
"Sh3bgrl2",24.4351760609973,-6.40549369190228,0.284725633893475,-22.4970741282072,4.43361588973676e-112,3.46459205754878e-111
"Gm2109",3.9035806222844,-3.48030487862836,0.243447372542114,-14.2959229433717,2.32009373735819e-46,6.46431241473698e-46
"Bckdhb",11.288733035015,-5.21452648924423,0.270190832101012,-19.2994205195488,5.43148778075748e-83,2.36466774108041e-82
"Fam46a",9.06060921538665,-4.46570126148134,0.27290527709772,-16.3635577478492,3.48178818536173e-60,1.08571889651065e-59
"Ibtk",6.06201148519983,-4.12463213952158,0.266570154695549,-15.4729704990131,5.28127122842847e-54,1.56326826268197e-53
"Tpbg",8.46831964137293,-4.78264136591294,0.271164870691236,-17.6373929031491,1.27195541254497e-69,4.42051082122821e-69
"Ube2cbp",6.23071463994841,-4.28936662279602,0.269164151506654,-15.9358762999685,3.57158533277265e-57,1.08330479006817e-56
"Dopey1",1.22235207758299,-0.250468919689892,0.202893604812798,-1.23448405345743,0.217022585277768,0.259521314600617
"Pgm3",12.5943660448041,-5.35270233592053,0.284130539437402,-18.8388842203279,3.62527637859719e-79,1.47325361590326e-78
"Rwdd2a",3.28812105783841,-3.13423944835939,0.247769144123428,-12.649837652093,1.12106235972219e-36,2.89056335774257e-36
"Me1",3.69033570837063,-3.36356835941593,0.26132616913441,-12.8711501437344,6.54206621957696e-38,1.70534759881107e-37
"Prss35",72.0140965177663,-8.03167295830768,0.264672230014357,-30.3457335054456,2.86018842190334e-202,7.23011310524717e-201
"Snap91",3.93043030871531,-3.49458761146018,0.262832423491603,-13.2958771411695,2.44588007156973e-40,6.52401327214818e-40
"Cyb5r4",16.6927432604557,-5.32886552029734,0.221477335759173,-24.0605455272939,6.47456642125659e-128,6.60747540937623e-127
"Mrap2",14.1699985909702,-5.61227557099653,0.294195603371123,-19.0766806392981,3.94533220553751e-81,1.6628691249823e-80
"4922501C03Rik",2.15347867349768,-2.17537865496867,0.227471358274929,-9.56330797629228,1.14051735668317e-21,2.49309070430742e-21
"Tbx18",14.6807825408086,-5.6669370249532,0.288950062293879,-19.6121675142247,1.21731901976104e-85,5.59120570448977e-85
"Nt5e",15.2621315124206,-5.6717384175934,0.270569947188226,-20.9621891733888,1.45250832508992e-97,8.5721802792192e-97
"Snx14",1.39864213971353,-0.725640068680802,0.202740900213124,-3.57914988005873,0.000344713736506647,0.000554516395859691
"Syncrip",6.67754268108721,-4.01057828337759,0.259763456489596,-15.4393475417056,8.89959830155198e-54,2.63057209139872e-53
"Snhg5",10.6967515074931,-5.0317661587181,0.282977724250382,-17.7814920663717,9.83280197556721e-71,3.47745435721279e-70
"Zfp949",1.97653979919967,-1.98439773745904,0.218705259933878,-9.07338825805559,1.15372302184011e-19,2.4596423010028e-19
"Gm2382",1.259164886618,0.289419287166646,0.211669560860893,1.36731651915151,0.17152611607104,0.211829792717247
"Bcl2a1d",1.53044249535655,0.330376472044158,0.197755899511609,1.67062764175469,0.094795249159342,0.124595543399664
"Trim43c",10.0996358597565,-5.08544925835322,0.27020496254932,-18.8207100653267,5.10952268185925e-79,2.06917830871259e-78
"9330159M07Rik",10.8453070134645,-5.19712494251937,0.282482475779127,-18.3980437306242,1.36193559434281e-75,5.23512798414539e-75
"Bcl2a1a",31.5453866957657,-6.20076856463067,0.289377451060717,-21.427960409153,7.33224456267242e-102,4.69335580835684e-101
"Trim43b",12.2410962460957,-5.37524868605796,0.275998892132115,-19.4756168930016,1.76782013806968e-84,7.92785319649803e-84
"Bcl2a1b",2.14368601071551,-0.43512926675764,0.20529365112548,-2.11954565751125,0.0340443794607898,0.0479524179129311
"Mthfs",18.5602514287556,-5.70465222017423,0.290511182644682,-19.6366011395557,7.52704454215089e-86,3.47709491239182e-85
"Tmed3",17.5814462186491,-5.35774907332938,0.276166275851275,-19.4004465491461,7.65039847414978e-84,3.38289538628224e-83
"Mir184",37.1102609095579,-7.05854230392873,0.269620180510377,-26.179577102008,4.54031176997292e-151,6.35400199443931e-150
"Ctsh",2.48136660314605,-0.222981183871322,0.20737314347596,-1.07526548584712,0.282255883942308,0.32564387538487
"Morf4l1",2.22515947095371,1.06143632354588,0.18939273046871,5.60441956203407,2.0895400002526e-08,3.75857987640199e-08
"Adamts7",15.5185134797651,-5.75180092865045,0.271359856349573,-21.1962115768547,1.0350029187724e-99,6.39374584141054e-99
"Tbc1d2b",4.18455322990681,-3.46378955602711,0.261782839704309,-13.2315378652763,5.76946575529881e-40,1.53538675720927e-39
"Zic1",1.74271747456228,-1.68109915331298,0.212957666224133,-7.89405323189288,2.92527301715026e-15,5.88323064901728e-15
"Zic4",14.0586576370064,-5.60016723011137,0.281483196274387,-19.8952097469164,4.47730706418045e-88,2.16804664888886e-87
"Plscr1",1.62103158850489,-0.793831858895184,0.205587806616251,-3.86127889567375,0.000112795059406135,0.000184718497286282
"Plscr2",1.19694533276148,0.166654165595089,0.212702646602644,0.78350771961207,0.433329022275664,NA
"1700057G04Rik",13.8648021745679,-5.5788044174172,0.292853501278205,-19.0498129374163,6.59373883811488e-81,2.77016633681768e-80
"Plscr4",1.78237947707665,-1.45220170031325,0.220007734941805,-6.60068474727664,4.09263016091783e-11,7.71943249864175e-11
"Plod2",1.75107192992334,-1.57069011030265,0.215292021582392,-7.2956261860431,2.9727321105568e-13,5.79991090155355e-13
"1190002N15Rik",1.21991698867995,0.243911884878174,0.2127168614062,1.14665045011362,0.251526116786649,0.294845275205982
"Slc9a9",1.2008344963859,0.148394150050023,0.214590334034059,0.691522992953029,0.489236936381977,NA
"2610101N10Rik",401.249155577043,-10.0700888589043,0.184293519539754,-54.6415787383781,0,0
"Pcolce2",1.85863479069453,0.0187390973650878,0.218622185211072,0.0857145277685146,0.931693353143602,0.935276789117231
"Trpc1",13.6457123838676,-5.55446613054725,0.285901849191915,-19.4278775959184,4.4852821643629e-84,1.99430774258725e-83
"Pls1",3.51414032645431,-3.2827278244111,0.252620169111482,-12.9947178642036,1.31090309338732e-38,3.44384204704671e-38
"1700065D16Rik",6.95058675368664,-4.48352505831397,0.273240226102966,-16.4087298647763,1.65634379095147e-60,5.18352193571144e-60
"Xrn1",16.5998212218006,-5.78496818896935,0.284732286391923,-20.3172188945463,9.05637207760982e-92,4.72270352099133e-91
"Gk5",10.4763268893453,-5.12093611049199,0.254602017775611,-20.1134938176541,5.62208472364025e-90,2.84372890091105e-89
"Tfdp2",1.93800705425849,-1.91561886788,0.230910892372957,-8.29592250150755,1.07745763060397e-16,2.2134312600365e-16
"Atp1b3",9.96674793799115,-3.99419272149538,0.255802957212359,-15.6143336457973,5.81494587374723e-55,1.7310531771292e-54
"Rnf7",1.65508834028654,0.834676661733816,0.203554850909514,4.10049997828278,4.12258474714303e-05,6.85237776789893e-05
"Rasa2",9.46679844088693,-4.84214217929604,0.264726683749045,-18.2910997513431,9.74295077825098e-75,3.68137553836193e-74
"Clstn2",8.11635180712585,-4.69222698416836,0.271418008555979,-17.2878248172711,5.81037739009739e-67,1.95049324606485e-66
"Rbp1",1.39263167641011,0.609245699522401,0.213227730557457,2.85725359421876,0.00427324276711917,0.00650519896306855
"Copb2",1.31169213899207,0.324913341338653,0.211148119693161,1.53879343946238,0.123854732013651,0.158746132980675
"Faim",1.38095471223954,0.413423383039497,0.208161960858918,1.98606595236531,0.0470260012209347,0.0651474857678553
"Cep70",2.414081741335,-2.45979594740947,0.237874873312891,-10.3407136413856,4.61090928419564e-25,1.05219438091809e-24
"Esyt3",3.43313834139205,-3.23852303357047,0.251280554522698,-12.8880765951905,5.25378139526105e-38,1.37192290561594e-37
"Mras",5.48664123243674,-4.01633413597469,0.25997353277507,-15.4490116478497,7.66091436966563e-54,2.26572085040536e-53
"1600029I14Rik",3.54945502639607,-3.30202742694937,0.251197584064955,-13.1451400666955,1.81469188469476e-39,4.81091500157779e-39
"Armc8",13.7129981844155,-5.46170064734638,0.294513029065178,-18.5448523777794,8.97467584426462e-77,3.50657244813333e-76
"Dbr1",1.18916713290569,0.0872700366058856,0.212996927427388,0.409724392083714,0.682008134824808,NA
"4930519F24Rik",43.2401211692131,-7.28395218562887,0.28484841132718,-25.571328102871,3.18055700094464e-144,4.11972891933772e-143
"Nck1",1.26756835312387,0.316106418306483,0.211226966568636,1.49652491555224,0.134516920088374,0.170882100887308
"Stag1",1.25925877845283,0.196928212867469,0.213715894301542,0.92144860592172,0.356816261937443,0.392000127749348
"Pccb",5.31329035945445,-3.98310796496215,0.266873022880391,-14.9251052877957,2.26278147207209e-50,6.51860887649906e-50
"Msl2",1.41190275143629,-0.401827950728884,0.194941132970898,-2.06127842084959,0.0392764856952535,0.0548850904374845
"Ephb1",27.3603709212663,-6.59545241320263,0.298924231861175,-22.0639603960433,7.01629481634681e-108,5.05521862544243e-107
"Cep63",1.23223856955691,0.138501002340317,0.214953918837538,0.644328808189796,0.519362238548607,0.540189398685829
"Anapc13",1.56249420445101,0.624210928786557,0.204877849247741,3.04674678633391,0.00231332494269919,0.00357688276092707
"Amotl2",1.19725712082233,0.197015076829761,0.213604649599066,0.922335151409654,0.356353784042779,NA
"Ryk",1.18502632859138,0.137505348722255,0.213309942974947,0.64462700052573,0.51916893312158,NA
"Slco2a1",1.224693089452,0.262376821345138,0.21224385379273,1.2362045668534,0.216382533586164,0.259521314600617
"Rab6b",1.20476400386367,0.148388291588759,0.214604749369146,0.691449243434558,0.489283267164403,NA
"Srprb",148.745783644078,-8.81467925615205,0.248902269050494,-35.4142181579062,1.03168265873778e-274,3.97445275174259e-273
"Trf",1.86226872638628,1.28001888252298,0.216169955322557,5.9213542446868,3.19301227528368e-09,5.82068240858418e-09
"Topbp1",1.70898316661306,-1.34391893302241,0.212929604597686,-6.31156449833098,2.76228633509732e-10,5.1313646509637e-10
"Cdv3",1.62745565515112,-0.0573396255972418,0.190667781877026,-0.300730543108871,0.763619976249636,0.775203476472793
"Bfsp2",1.18140096558117,0.0354264916008947,0.217188048784453,0.163114369318053,0.870428386238124,NA
"Tmem108",6.5290706659289,-4.27480473360215,0.257609024006801,-16.5941575613799,7.68140146098533e-62,2.43972714489464e-61
"4932413F04Rik",2.14891158003641,-2.23627556108451,0.223123152453888,-10.0226065134441,1.21262007681317e-23,2.71610246769566e-23
"Nphp3",6.42261539544328,-4.33928108893062,0.27060392665951,-16.0355436910957,7.2149388660729e-58,2.19988206080026e-57
"Uba5",1.46220467604617,-0.252442804387101,0.1931990983592,-1.30664587221703,0.191333009650058,0.233000888924135
"Dnajc13",1.21194133652542,0.177684192252164,0.21395855411742,0.830460801088846,0.406278301630865,0.436795720715753
"Mrpl3",1.26773281987663,0.215967488621444,0.213279253952414,1.01260429516333,0.311249207449339,0.351037806053935
"Nudt16",1.24873769167653,0.206517544935235,0.213460757153593,0.967473121003863,0.333307571894183,0.371194373059014
"Nek11",16.8007887306528,-5.87282200266934,0.245140819900172,-23.9569322035429,7.82420860464559e-127,7.82420860464559e-126
"Aste1",18.6269556592522,-6.01801645713829,0.235845900529663,-25.5167312368924,1.28560069059825e-143,1.65291517362633e-142
"Atp2c1",14.5673025903748,-5.38915002106061,0.239979454816241,-22.4567141599152,1.10030311701447e-111,8.50271246604818e-111
"Pik3r4",89.0916043794146,-8.33040493147381,0.296060761933897,-28.1374839308621,3.40979475794932e-174,6.56794414630829e-173
"Col6a6",18.1915100772776,-5.99355384981855,0.290416863258063,-20.6377611223378,1.25754147617459e-94,6.96484509881311e-94
"Col6a5",38.7106542568945,-7.12089212066769,0.28758618948236,-24.7608973625782,2.36620394468342e-135,2.69391157933424e-134
"Col6a4",26.5285182715519,-6.560490620288,0.229266137990488,-28.6151748260364,4.3503465455891e-180,8.83611243890082e-179
"Glyctk",21.7606493229996,-6.25264698424353,0.246787993584101,-25.336106888493,1.27860327307452e-141,1.59481698577037e-140
"Wdr82",1.30127677972063,0.12222370458482,0.205000802879798,0.596210858044716,0.551034372853077,0.569527655933682
"Mirlet7g",1.97937803196652,-2.03171600430559,0.228142390946928,-8.9054734452144,5.31586789719329e-19,1.12297978240991e-18
"Ppm1m",1.48787290569422,-0.286619265705367,0.193529999561911,-1.48100690515259,0.138604733443412,0.174994971235847
"Twf2",1.52672570647154,0.623729156437489,0.206339480753436,3.02282992164166,0.0025042294340326,0.00386633470737952
"Tlr9",3.44785296404618,-3.24616677564676,0.256493553840939,-12.6559390169307,1.03727856196786e-36,2.67585574177032e-36
"Alas1",1.28768033058245,0.359457484659592,0.210461124228,1.70795193638793,0.0876452611130295,0.116060506021613
"Poc1a",19.3975232939477,-6.04807224963081,0.267095511263504,-22.6438558290261,1.60382488920265e-113,1.29496765995945e-112
"Dusp7",22.3476953492919,-6.19762431438087,0.303316678909028,-20.4328503683758,8.53700517205119e-93,4.53800071263821e-92
"Rpl29",19.4658629381588,-2.4095599696138,0.252869502487561,-9.52886744312843,1.59008423778685e-21,3.46637699780637e-21
"Acy1",1.17346272278191,0.128516103376592,0.21492217345373,0.597965772034495,0.549862771859705,NA
"Abhd14a",1.17758502642931,0.0981530139770666,0.215653166730695,0.455142929107269,0.649006415494689,NA
"Abhd14b",1.20466433505471,0.20649162313923,0.213284250510172,0.968152231800078,0.332968347354299,NA
"Gpr62",9.17596994443244,-4.92231918162678,0.21857966876114,-22.5195655640132,2.66972562388521e-112,2.09721109957574e-111
"Parp3",5.5585338681096,-3.92477597585003,0.258220778588469,-15.1993034693192,3.57400968073298e-52,1.04254431592211e-51
"Rrp9",2.99746424909109,-2.85089303452144,0.242393561630467,-11.7614222727074,6.16863133380761e-32,1.52103238367859e-31
"Iqcf3",9.54130995884478,-4.99555310405665,0.262785973729579,-19.0099685807331,1.41036928049732e-80,5.89205893893238e-80
"Grm2",9.21052793530817,-4.93919907403763,0.277749982513042,-17.7828960756305,9.5895993246712e-71,3.39259291594603e-70
"Tex264",1.75167991867684,-1.17889705363395,0.196595885641501,-5.99654997757029,2.01553599423647e-09,3.6916132947068e-09
"Vprbp",1.26209516645048,-0.389542314138735,0.201039142851755,-1.93764412548247,0.0526666551148823,0.0724713166468131
"Rbm15b",2.63910778655777,-2.64205908202804,0.239106876216484,-11.0496992969619,2.19950375515582e-28,5.2283285983212e-28
"Manf",1.87220474022162,0.956751996488684,0.202427441367321,4.72639475175,2.28541160664598e-06,3.94309984686566e-06
"Mapkapk3",2.0073732323729,-1.81817830578741,0.222523971621331,-8.17070759855667,3.06585887256645e-16,6.26126107777656e-16
"Cish",1.76648429328749,-1.4584874378433,0.215474215330297,-6.76873302732582,1.29915013324407e-11,2.46961532976477e-11
"Hemk1",1.65049310388422,-1.49559957017456,0.218883254785983,-6.83286426655575,8.32357055032177e-12,1.58833991126593e-11
"6430571L13Rik",20.2177283495152,-6.15317641845557,0.291609610193267,-21.1007326349001,7.83133290074221e-99,4.76729536348389e-98
"Tmem115",1.21630142846613,0.166614560287043,0.212734228814083,0.783205228495006,0.433506605057213,0.461346478776483
"Cyb561d2",1.24012395644102,0.206466797717174,0.213442889498325,0.967316354283116,0.33338591055263,0.371194373059014
"Nprl2",10.3802059745896,-4.93626385578272,0.275243389900406,-17.9341776656974,6.38005997815033e-72,2.30078846880447e-71
"Rassf1",1.38137739702443,0.169962686349526,0.200049033064004,0.849605138032073,0.395544654403126,0.428770241093202
"Tusc2",19.9588826348434,-5.87108734963652,0.285075455429256,-20.5948538810402,3.05206690559131e-94,1.677913559472e-93
"Hyal2",1.73616041590586,-1.23724964826501,0.20938740943682,-5.90890183699576,3.44395838036169e-09,6.27157256078424e-09
"Hyal1",11.2838850681024,-5.21536156747826,0.275913092379377,-18.9021895354905,1.09416236333268e-79,4.48314563312136e-79
"Nat6",1.33439987330095,-0.356981867943388,0.198840520428485,-1.79531750960076,0.0726031268656821,0.0976774026388816
"Ifrd2",1.22782685536927,-0.00994748757143216,0.207528836439021,-0.0479330378472732,0.961769609248326,0.963800606695385
"Sema3b",2.31852812063704,-2.39873221382517,0.234336140390356,-10.2362879657801,1.36368441442401e-24,3.08825711205783e-24
"Gnai2",4.23307191519694,-0.0460433606928881,0.204368811735879,-0.225295436724433,0.821749449393538,0.830499927557458
"Slc38a3",25.0508314273352,-6.47481438890708,0.297347191878024,-21.7752666437258,3.98147344752357e-105,2.71499561019896e-104
"Sema3f",1.73730184179843,-1.5853168735329,0.214154068149136,-7.4026932443277,1.33449784405344e-13,2.61981148776193e-13
"Rbm5",1.37068716804989,0.367973017689247,0.210542225740363,1.74773975336912,0.0805091017918501,0.107140219592978
"Rbm6",1.2957095827678,0.234667361683765,0.213031656016127,1.10156098897339,0.270652576063416,0.313589896068377
"Mon1a",1.82384566103391,-1.72545879014134,0.223464454916751,-7.72140155705811,1.15057447735403e-14,2.29280350135065e-14
"4921517D21Rik",4.15116710797681,-3.59427103312097,0.257889600561179,-13.9372468889776,3.76173005727868e-44,1.03158554762252e-43
"Camkv",1.9280464622248,-1.96567078647998,0.224396364343974,-8.75981566023428,1.95569934443702e-18,4.0957875939664e-18
"Uba7",1.53432745249815,-0.966024693160394,0.205910317583597,-4.69148270226041,2.71232207007181e-06,4.67194232165479e-06
"Ip6k1",1.25634185651859,0.215977471947861,0.213260170778751,1.01274171899604,0.311183545135088,0.351037806053935
"Gmppb",2.20918191054092,-2.08202894471987,0.229369834317927,-9.07716985065258,1.11434632548288e-19,2.37666509459475e-19
"Mst1",15.2707250061081,-5.7273812448853,0.274840848822932,-20.8389010200416,1.9220043457208e-96,1.10311849199149e-95
"Apeh",14.9445146483529,-5.52242772842204,0.283859734114792,-19.4547766545458,2.65507162684166e-84,1.18558373756317e-83
"Bsn",17.8927069721092,-5.94654623310809,0.280630780138984,-21.1899287389752,1.18276157536869e-99,7.29789057142384e-99
"Nicn1",5.75771398966666,-4.12063018035523,0.268897529112119,-15.324165283189,5.2727537622082e-53,1.54801882107575e-52
"Tcta",1.18529451883947,0.148420284452408,0.214518656005771,0.691875882573193,0.489015277439407,NA
"Rhoa",4.33127515809858,0.752097024847798,0.193743022685771,3.8819308918681,0.000103630330795736,0.000169896459407582
"Gpx1",5.55364506895017,1.07286600004085,0.242766333550797,4.41933601067615,9.90046141338469e-06,1.67603076302475e-05
"Usp4",1.29903474304191,0.274862731400841,0.209257576293472,1.31351388212277,0.189009846234155,0.230252368107885
"Ccdc36",2.11403187806412,-2.19429417529725,0.226540882705397,-9.6860846885231,3.45521108465037e-22,7.60539821289265e-22
"BC048562",1.95523486749813,-2.00189022644494,0.2263883582375,-8.84272602191315,9.34110845912592e-19,1.96417265484944e-18
"Klhdc8b",2.73868402248072,-2.597138248287,0.240966476332842,-10.7780065003715,4.37259172203825e-27,1.02262225757346e-26
"Ccdc71",10.0214476740385,-4.88557036238749,0.274029252067879,-17.828645392855,4.23559518290558e-71,1.50971709489704e-70
"Lamb2",1.33290363542617,-0.475490257676638,0.198415788443938,-2.39643357721498,0.0165554938156947,0.0240790408798903
"Usp19",10.901058529884,-4.89576260875759,0.272942172641555,-17.9369958162787,6.06464586001127e-72,2.18779899027359e-71
"Qars",1.29887557614173,0.280431326457433,0.212037326172962,1.3225564173955,0.185982935872636,0.227031556315038
"Qrich1",1.23583504578182,0.206443991822602,0.213369934522201,0.967540212658786,0.333274048828135,0.371194373059014
"Impdh2",1.57350381014334,0.5508346363899,0.208183369623113,2.64591084958952,0.00814712847929473,0.0121508601891196
"Ndufaf3",1.33307527002041,0.00425407887395729,0.201971213498392,0.0210627980110203,0.983195561193178,0.984232587866218
"Mir191",14.651275715326,-5.66383566503357,0.283439974264064,-19.9824872258735,7.82277156655008e-89,3.84328165434272e-88
"Dalrd3",1.74947489413933,-1.34813349416112,0.209630036947928,-6.43101300648053,1.26756312832673e-10,2.37114478762428e-10
"Wdr6",1.1893458185948,0.128513830006652,0.214982877547614,0.597786351511593,0.549982498733198,NA
"Arih2",1.20083535089604,0.17775983555072,0.213891077469503,0.831076441587729,0.405930447377867,NA
"Slc25a20",1.18485753064845,0.118433575317883,0.215226433273401,0.550274301890406,0.582131247474859,NA
"Prkar2a",12.4667304066214,-5.33641621013626,0.279269490637636,-19.1084826271284,2.14619059505554e-81,9.07134810217807e-81
"Ip6k2",1.21976050269939,0.00821618958984781,0.209524117506546,0.0392135744926409,0.968720111081062,0.970393202810045
"Nckipsd",5.82223289995559,-4.17580985574579,0.256287981576793,-16.2934283147201,1.0989247081519e-59,3.40539446515461e-59
"Celsr3",26.9410403566149,-6.57259666828173,0.293305104284993,-22.4087360644614,3.23489175896307e-111,2.48143056308409e-110
"Slc26a6",18.0838901242091,-5.98454513342312,0.279243150675579,-21.4313050076414,6.82404747125739e-102,4.37342268876164e-101
"Uqcrc1",2.19077614759155,-0.61119867345656,0.194723046071449,-3.13881015004406,0.00169635312626341,0.00264406190477605
"Col7a1",45.3694002039945,-7.33359686594131,0.240882987036616,-30.4446443319243,1.41031373099954e-203,3.58240276195505e-202
"Pfkfb4",33.5962080412034,-6.72862938279288,0.243109237540893,-27.6773908340734,1.3068315319371e-168,2.32424551847076e-167
"Shisa5",11.6086082853327,-2.15610096669824,0.240326218376684,-8.97155949634589,2.92345475958042e-19,6.19587245026789e-19
"Trex1",25.5821031630152,-6.28358557899463,0.300607041763226,-20.9029886397136,5.02953616015928e-97,2.9203758349312e-96
"Ccdc72",2.82377112382937,1.61096746716161,0.203975902593973,7.89783227663097,2.83795674670564e-15,5.70872224192811e-15
"Fbxw21",5.10788453901931,-3.96264480535327,0.231393017488893,-17.1251701903385,9.6327352343253e-66,3.1925636776621e-65
"Fbxw13",1.66141019270467,-1.54623137012304,0.208537553480305,-7.41464232373414,1.21953482576066e-13,2.39547386282997e-13
"Fbxw28",20.4941970733229,-6.17362494244935,0.292845997794185,-21.0814728183113,1.17664540773494e-98,7.12126264159579e-98
"Fbxw16",26.0888969029902,-6.53549646791494,0.286891737712943,-22.7803579148528,7.18018045785407e-115,5.90709881639059e-114
"Fbxw26",11.7732841170733,-5.32587570693045,0.283048728037283,-18.8161089571437,5.57300646052948e-79,2.25512354449332e-78
"Nme6",12.7472902316098,-5.39317311413343,0.286483234279216,-18.825440615059,4.67305287990222e-79,1.89462804140502e-78
"Camp",21.5414070518641,-6.24841296556305,0.267688953724349,-23.3420650296886,1.65920034746147e-120,1.51020502419335e-119
"Cdc25a",22.0779647268125,-6.25244393584414,0.293724967545471,-21.2867295146648,1.50683666361903e-100,9.43693747341492e-100
"Mtap4",9.29797512984428,-4.57508775501792,0.272338576392135,-16.7992644142721,2.47089253301313e-63,7.99631681483481e-63
"Dhx30",26.1709431126079,-6.44366004490988,0.284265933322282,-22.6677181102967,9.33068541107807e-114,7.55720369989566e-113
"Smarcc1",17.2432851475226,-5.69148772789167,0.27746651780057,-20.5123406348526,1.67058478101202e-93,9.03205857781743e-93
"2610002I17Rik",1.29073047310086,-0.456610911124082,0.202070482959619,-2.25966160141919,0.0238422611934703,0.0340930292918546
"Scap",1.20084725692572,0.168019591286478,0.214126618866938,0.784674003519798,0.432644728575397,NA
"Ptpn23",1.85169025626019,-1.7618526845667,0.217397505152176,-8.10429118463631,5.30539044127422e-16,1.07990400091446e-15
"Klhl18",21.05105651317,-6.15956522288374,0.295402767263016,-20.8514134107603,1.47986119673473e-96,8.52164969327665e-96
"Setd2",1.26001072641902,0.177761043540653,0.214150077273158,0.830076952593907,0.406495276898243,0.436795720715753
"Nbeal2",1.19318487227621,0.177762303189813,0.213862689792265,0.831198295329031,0.405861617668887,NA
"Ccdc12",1.97273339909753,1.16728191554532,0.200664831060397,5.81707272458716,5.98870916607641e-09,1.08658539613899e-08
"Pth1r",15.1473255867195,-5.69298418514642,0.292509490210245,-19.4625623293607,2.28091056089292e-84,1.02069036672619e-83
"Prss43",129.541907238937,-8.88654298831509,0.273323414393207,-32.5129224952927,7.00275916435171e-232,2.24260140109913e-230
"Rtp3",5.31473194401079,-4.01973054223053,0.263573291715778,-15.2509023811304,1.6237348203304e-52,4.75106264693087e-52
"Ccrl2",1.36046882654972,0.543271027426472,0.208148113770202,2.61002138134314,0.00905365637308442,0.0134414352296646
"Lrrfip2",1.25537506375158,0.24393061677459,0.212713421723416,1.14675705368402,0.251482043189247,0.294845275205982
"Pdcd6ip",1.49461672951258,0.644884979332029,0.206011055041678,3.13034161783969,0.00174603124217706,0.00271986961628297
"Clasp2",1.19287291343966,0.168015517051704,0.214109754852013,0.784716778401021,0.432619643168914,NA
"Ubp1",1.24816109812135,0.243957893026711,0.212602036925877,1.14748615090535,0.251180753641554,0.294845275205982
"Crtap",1.1891905870354,0.128515574867539,0.214981675377632,0.59779781063568,0.54997485170396,NA
"Tmppe",1.17765756883091,0.0981508092971404,0.215653765461398,0.45513144223169,0.64901467891719,NA
"Glb1",1.22826805820332,0.187406123756231,0.213814169285024,0.876490666558257,0.380763348162616,0.414225210457603
"Cnot10",1.18909119268782,0.148420692003494,0.214572679868327,0.691703585445139,0.489123494886696,NA
"Dync1li1",1.18155177914689,0.108353064606057,0.21542689137218,0.502969076496872,0.61498601377945,NA
"Cmtm6",1.42538597110462,0.505402423066916,0.208025493012051,2.42952157328927,0.0151187651303167,0.022075654823046
"Cmtm7",1.70566842513625,0.912221374839617,0.204463639627903,4.4615334858547,8.13752272284482e-06,1.3827431189209e-05
"Gpd1l",1.2245601760084,0.168026445918221,0.214239423857518,0.78429283879128,0.432868300498526,0.461156984598221
"Stt3b",1.53181861693306,0.644953600995225,0.206199527798583,3.12781318114957,0.00176112082738867,0.00274255689706709
"Tgfbr2",1.52492428925487,0.665403888543752,0.206683430821318,3.21943508436827,0.00128443438742145,0.00201555614079061
"Azi2",1.33855699182578,0.316075422321912,0.211532756094935,1.49421502445729,0.135119426860852,0.170946051433265
"Cmc1",1.28310991303177,0.32482258002752,0.211178886455434,1.53813946782065,0.124014517650375,0.158746132980675
"Eomes",1.21935727020479,0.128523175583408,0.215654849903549,0.595967007655471,0.551197267314673,0.569639622922707
"Golga4",1.33035145472634,0.307242151683881,0.211560964290747,1.45226295745958,0.146428503074174,0.183714983016129
"Vill",1.18496863024483,0.148381826087945,0.214530428329735,0.691658648347454,0.489151721378038,NA
"Oxsr1",1.20109616011455,0.128541823439933,0.215051772357236,0.597725013055948,0.550023432679461,NA
"Myd88",1.31058242059007,0.333575910578244,0.211085123696655,1.58029094962474,0.114040251531747,0.147094171731089
"Acaa1a",1.43116336416271,0.550800069379686,0.207437335400777,2.65526004909154,0.00792472905272119,0.0118309983283868
"Wdr48",1.21330524682595,0.206554897777024,0.213319259343994,0.968289963185824,0.332899575957885,0.371194373059014
"Csrnp1",1.26022705844723,0.289504933471038,0.21179801676734,1.36689161631319,0.171659280199364,0.211829792717247
"Cx3cr1",1.35196346164692,0.489689515111926,0.209156443374586,2.34125952426397,0.0192188024431077,0.0277477938744357
"Slc25a38",1.1891696117389,0.128506756402565,0.214995128813322,0.597719386071048,0.550027187898028,NA
"Rpsa",13.308099439973,3.74195135588247,0.226722699677179,16.5045289298799,3.4037879549858e-61,1.07163890983268e-60
"Eif1b",1.61178522638691,0.732977367231245,0.204744759479803,3.57995666943334,0.000343651187461846,0.000553062802081343
"Rpl14",13.228730494444,3.7450998575963,0.217918546406655,17.1857784449774,3.39361113947255e-66,1.12976085127849e-65
"Ctnnb1",1.50934837131068,0.699616319869109,0.206015985495175,3.3959322049089,0.000683952978515908,0.00108682939051843
"Deb1",1.21664840772879,0.158255411061556,0.214393085397584,0.738155387651973,0.460420029190019,0.485759357622077
"Nktr",1.31539083524637,0.225365464023862,0.213282938917796,1.05665021856588,0.290671252370145,0.331827717078859
"Higd1a",1.59368244721233,0.658861316251256,0.205952179091438,3.19909854393304,0.00137858038232856,0.00216069346817447
"Snrk",1.36837660111871,0.50525117911221,0.208101333633756,2.42790937611874,0.0151861373646246,0.0221645846619155
"Abhd5",1.21994967941443,0.215908387707414,0.213144371705136,1.01296781134855,0.311075536107221,0.351037806053935
"Zfp445",1.24439796915023,0.206504320341996,0.213459308250896,0.967417734246917,0.333335248121926,0.371194373059014
"1110059G10Rik",1.2561078695095,0.262365293337523,0.212259737786164,1.2360577473333,0.216437099129387,0.259521314600617
"Tmem42",1.17711621867561,0.1285089192881,0.214935371826354,0.597895628793581,0.549909576742747,NA
"Zdhhc3",1.22077778702458,0.158255990342909,0.214436298151459,0.738009337538232,0.460508774951351,0.485759357622077
"Exosc7",1.31478106073655,0.271469480947734,0.212273544118411,1.27886629525676,0.200944143393327,0.242915550177492
"Clec3b",1.49485565417996,0.784312707180708,0.223423503716692,3.51043061331292,0.000447381551062623,0.000717084773680125
"Limd1",1.39421969928287,0.489966176530627,0.20833693788129,2.35179695695542,0.0186829701007112,0.0270710815550322
"Sacm1l",1.21274759858161,0.148395815383002,0.214633476461898,0.691391752252334,0.489319385804501,0.512050895553324
"Lztfl1",1.22438705570399,0.168003018436155,0.214239522376053,0.784183126310659,0.432932664672386,0.461156984598221
"Ccr9",1.21234806707321,0.128454974520861,0.215325243123976,0.59656254258541,0.550799485822304,0.569356744106423
"Fyco1",1.17721858463253,0.138481204580668,0.214716916117525,0.644947808885585,0.51896100817491,NA
"Cxcr6",1.30014116705885,0.20657155088719,0.215103488592018,0.960335660938486,0.336886307800767,0.373759828721109
"Ccr1",1.28445482810184,0.359559096422535,0.210518666250418,1.70796776754623,0.0876423234180252,0.116060506021613
"Ccr2",1.6017217458215,0.821663444329439,0.211826016676544,3.87895432875042,0.000104906446692193,0.000171934584531632
"Ccr5",1.22720339688436,0.206420542684875,0.213554886866395,0.966592456458353,0.333747807136579,0.371194373059014
"4930526I15Rik",1.22022229167081,0.177723383975588,0.213989242057467,0.830524853804847,0.406242101746991,0.436795720715753
"Ppp2r3d",1.19718818027452,0.148427698379501,0.214550098909141,0.691809041963474,0.489057257572162,NA
"Pisd-ps3",1.37423313747517,0.342229934355941,0.211425505782028,1.61867856524732,0.105516441116549,0.136690860560463
"Ccdc22",1.18888956577605,0.158233148682603,0.214318480032402,0.738308468120344,0.460327021779085,NA
"Plp2",1.46190870085917,0.616309150035077,0.2073500590347,2.97231239240659,0.00295565782628654,0.00453780407447522
"Wdr45",1.20512865463211,0.187413090915749,0.213703585684043,0.876976819625462,0.380499228796762,0.414225210457603
"Praf2",1.19694851738096,0.148422960913584,0.214548328408972,0.691792669811249,0.489067540615818,NA
"Tfe3",1.18087981419446,0.118444015549575,0.215197775196576,0.550396096992082,0.582047725115782,NA
"Gripap1",1.28784462864186,0.298422311749971,0.211566975979502,1.4105335219183,0.15838220539836,0.197436157265757
"Otud5",1.2125274766332,0.168014463694144,0.21416898749343,0.78449483121032,0.432749813650215,0.461156984598221
"Pim2",1.19307852699707,0.148409913738388,0.214561694269048,0.691688766925425,0.489132802796711,NA
"Slc35a2",1.20870897251304,0.177744713115464,0.213948404572208,0.830783073474496,0.406096186449637,0.436795720715753
"Pqbp1",1.39436035764369,0.393157302453409,0.210300607787251,1.86950150353889,0.0615530746514127,0.0837828030457299
"Timm17b",1.40502028630923,0.401435042322481,0.210137885741049,1.91034111201236,0.0560893076354907,0.0768568541428695
"Was",1.47219108620559,0.466225009357371,0.209137343944395,2.2292767067049,0.0257954994993862,0.0367451241333868
"Rbm3",2.5942935799915,1.55994460513948,0.202491268581025,7.70376232057273,1.32117483121137e-14,2.6307581990934e-14
"Ebp",1.3924858802726,0.458250090103597,0.208854578525935,2.19411081786121,0.028227443755075,0.0400999473129655
"Ftsj1",1.17757897695319,0.108346057386738,0.215412122877984,0.502971030317121,0.614984640082282,NA
"Cybb",2.23978648310631,1.46812578863593,0.225608093732232,6.50741630917909,7.6454319459565e-11,1.43661464211278e-10
"Dynlt3",1.24424448584933,0.243993342299271,0.212587716533784,1.14773019945626,0.25107996017164,0.294845275205982
"Tspan7",1.7758300533831,1.17751309078219,0.220836462306107,5.33205920112055,9.71052681821575e-08,1.72675694059227e-07
"Mid1ip1",1.31782656621771,0.376333313700775,0.210466704055112,1.78808954789462,0.0737615616450078,0.0988462011991841
"Bcor",1.20468622335262,0.1384846776498,0.214846522172202,0.644574909799115,0.519202698649313,NA
"2900008C10Rik",1.18542805389825,0.0981616585492186,0.21570818663556,0.455066912759614,0.649061100897814,NA
"Atp6ap2",1.43961063572804,0.594995895727139,0.20660343735414,2.87989349716024,0.0039780952843733,0.00607094207993821
"1810030O07Rik",1.22050213090238,0.187380767624461,0.213773359691648,0.876539377473152,0.380736879208973,0.414225210457603
"Med14",1.19665339901243,0.158219124529248,0.214347875563979,0.738141789896221,0.46042829131436,NA
"Usp9x",1.29574614736311,0.289496888617665,0.211842119216596,1.366569073649,0.171760416402344,0.211829792717247
"Ddx3x",1.56901950958931,0.72646582491269,0.205065514096944,3.54260358262509,0.000396197790428376,0.000636452520706607
"Maoa",1.18528644596738,0.158263848203013,0.214291584928773,0.738544391538365,0.460183701892282,NA
"Fundc1",1.32219824525809,0.350807003185091,0.210669531085609,1.66520047477837,0.0958727662924578,0.125746633447379
"Kdm6a",1.19316282866373,0.128512945965521,0.214996419789414,0.597744586125657,0.550010370515173,NA
"Rp2h",1.22788554684047,0.167992321217693,0.214235330238505,0.784148539041951,0.432952956866359,0.461156984598221
"Ndufb11",2.15450389163539,1.17217166270082,0.201372050329241,5.82092530112463,5.85227227033332e-09,1.0621996262566e-08
"Rbm10",1.27957324474084,0.234693109633069,0.212949758745225,1.10210554365482,0.270415789599471,0.313589896068377
"Uba1",1.47916937473803,0.587765480793016,0.206697545227486,2.84360165064435,0.00446067780813576,0.0067855859415616
"Cdk16",1.22026274564796,0.206487160269862,0.213328605728802,0.9679300137196,0.333079323589792,0.371194373059014
"Araf",1.27558246851763,0.316106352664938,0.211209031464703,1.49665168422386,0.134483914254802,0.170882100887308
"Cfp",1.33656914281292,0.359248482605487,0.211218046284389,1.70084180270178,0.0889726972453516,0.117237783572065
"Uxt",1.29844718520304,0.316057610850863,0.21128394282506,1.49589034843293,0.134682231839776,0.170882100887308
"Wdr44",1.21340201535906,0.118476813073924,0.215303292146811,0.550278687764499,0.582128239715267,0.600036908991535
"Gmcl1l",37.9840890163565,-7.0928664289676,0.288540756282592,-24.5818529082282,1.97510828726213e-133,2.19363090627836e-132
"Gm2863",5.24867271172643,-4.01047611677189,0.266143544866197,-15.0688460950205,2.59607625197947e-51,7.52862113074045e-51
"Dock11",1.29125888506447,0.243917459688871,0.212798994625189,1.14623407934089,0.251698310461575,0.294884914585097
"Il13ra1",1.23143860286184,0.28040917823197,0.211875443617801,1.32346237696991,0.18568165998183,0.227031556315038
"Lonrf3",9.43827737632652,-4.90189413104474,0.286698423561894,-17.0977366047027,1.54280641981979e-65,5.09389595917731e-65
"Pgrmc1",8.28178419393222,-4.32397398465301,0.265840344383519,-16.2653038788385,1.74001714418582e-59,5.38564452573377e-59
"Akap17b",6.215187234018,-4.23791898661892,0.265543897267394,-15.9593913858675,2.45109887192962e-57,7.44529305293721e-57
"Slc25a43",2.16436283230423,-2.22561479886516,0.230114683483702,-9.67176351014031,3.97468997396731e-22,8.73963001858018e-22
"Slc25a5",4.57907894690044,-0.706516747457877,0.225952921675056,-3.12683165245334,0.00176701077734291,0.00275131879425205
"C330007P06Rik",3.8309108902815,-3.23687548049161,0.25761554835487,-12.5647520157936,3.29907805086701e-36,8.45626684288032e-36
"Ube2a",21.9084353442362,-5.7324114960402,0.281949426429043,-20.3313465419759,6.79130094331172e-92,3.54860770010883e-91
"Nkrf",24.1563138188892,-6.40842386142634,0.284911618533658,-22.4926729713877,4.89597691910947e-112,3.82017930011232e-111
"Sept6",43.5966926803649,-6.77521101243777,0.276713139241077,-24.4846017468477,2.15517943117295e-132,2.35110483400685e-131
"Sowahd",12.028095758526,-5.35923344256141,0.274946426914455,-19.4919188538095,1.28568450282351e-84,5.78807512267248e-84
"Rpl39",16.2850439858189,3.90128265506664,0.212509033596639,18.358196774221,2.83878060999434e-75,1.08719257404039e-74
"Upf3b",21.3821527569289,-6.06577869942886,0.272410951592036,-22.2670148317422,7.71742607669399e-110,5.75910852327986e-109
"Nkap",11.9457715266558,-5.15494446090025,0.283643592452614,-18.1740204893275,8.28956099217578e-74,3.07544480306735e-73
"Ndufa1",9.58346301831456,-3.76551986961047,0.263815007848154,-14.2733345624439,3.20861827059251e-46,8.93517597892392e-46
"Rnf113a1",3.71811764628459,-3.33646451988404,0.259252781214256,-12.8695418589422,6.67971771468846e-38,1.74079513083743e-37
"Rhox3e",13.9999024112282,-5.59384201905194,0.287006418822741,-19.490302837118,1.32693490992881e-84,5.97120709467964e-84
"Rhox4a",23.8881648682358,-6.40380913573347,0.270376954070279,-23.6847447215081,5.17887576387039e-124,4.95123287315081e-123
"Rhox2b",12.9083849404262,-5.46890351507759,0.2878230550135,-19.0009223368888,1.67573662895901e-80,6.97833681943841e-80
"Rhox4b",6.35964199044378,-4.336364583923,0.272270386324889,-15.9266846551156,4.13718968243104e-57,1.25376662654804e-56
"Rhox3c",10.8124449284887,-5.19268024451229,0.28691166140892,-18.0985332524057,3.2726715690399e-73,1.20220588250445e-72
"Rhox2d",15.541211847192,-5.75396178011797,0.294634636893849,-19.5291424008339,6.20730749959131e-85,2.81024676043943e-84
"Rhox4d",13.7834727152181,-5.57006380513956,0.294329983007659,-18.9245545024702,7.15922176901699e-80,2.9460888950941e-79
"Rhox7",9.87527740300681,-5.05019294466059,0.284824489754709,-17.7308943799384,2.42151390717848e-70,8.51772412093776e-70
"Rhox9",9.94730392218253,-5.06154537268219,0.286903452899001,-17.6419813757488,1.17275738312125e-69,4.08119569326194e-69
"4930525M21Rik",20.8873897951101,-6.2022108373034,0.287479708051551,-21.5744299983469,3.12305759443929e-103,2.05190190597522e-102
"Rhox13",2.14597721292425,-2.23558717280881,0.230966237873488,-9.67928123777704,3.6930312637801e-22,8.12373501767051e-22
"Lamp2",1.50533351108241,0.746116145199582,0.204553669297138,3.64753244350636,0.00026477088742754,0.000428559389882716
"Cul4b",1.20100507476261,0.128511545406927,0.215038097439523,0.597622221072101,0.550092033818773,NA
"Mcts1",1.50658987365819,0.535830534416792,0.207884507395508,2.57753952485433,0.00995065008177102,0.0147249875058383
"C1galt1c1",1.76774607290125,-1.28926799344881,0.210463592227982,-6.12584808517489,9.02018389976112e-10,1.66115222990838e-09
"6030498E09Rik",17.9240439242925,-5.971078163517,0.275527015876504,-21.6714798166774,3.81303126279483e-104,2.54202084186322e-103
"Cypt14",12.4796658639961,-5.41644678718839,0.271137853392383,-19.9767266702885,8.77949986827226e-89,4.30723583762981e-88
"Gria3",6.23982987702479,-4.26820227561669,0.277433512061479,-15.3845951914809,2.07671223984794e-53,6.11590290099084e-53
"Thoc2",1.55160092930464,-0.0949237462726985,0.193877460964352,-0.489606918723534,0.624412079653387,0.640296838383396
"Xiap",12.4377755605592,-5.03947413973359,0.258194285183907,-19.5181474917002,7.69790466900939e-85,3.47905301924061e-84
"Stag2",1.38592226323975,0.333512687531764,0.211312919399315,1.57828820159135,0.114499415166102,0.147504182420299
"Sh2d1a",26.1002789251075,-6.27259699249622,0.258105270244264,-24.3024754456196,1.84568424423314e-130,1.96421442505546e-129
"1110059M19Rik",7.5409959636554,-4.61725906852211,0.265353122842066,-17.400432371283,8.18825341600637e-68,2.77910811648591e-67
"4930515L19Rik",20.8551119619346,-6.19995615483613,0.281800719524756,-22.0012076807045,2.80412408272598e-107,1.9982972985433e-106
"Smarca1",5.57598887004919,-4.11417959822014,0.259728795506956,-15.8402906007777,1.64060897215601e-56,4.95027678303721e-56
"Ocrl",1.69309600090593,-1.52824045946224,0.216407462833093,-7.06186579453093,1.64281616455093e-12,3.17082654056419e-12
"Sash3",1.4184005784119,0.418044928150721,0.209633447576924,1.9941709349474,0.0461333773223363,0.0640106022881526
"Zdhhc9",3.6644871589764,-3.2962123644802,0.255949293331947,-12.8783804071897,5.95725677482468e-38,1.55445540437815e-37
"Utp14a",1.2916381982778,0.262356136424429,0.212452350835647,1.23489401455194,0.216869951352452,0.259521314600617
"Elf4",2.42564042016842,-2.08572871941102,0.233893205913656,-8.91744038166284,4.77188997959749e-19,1.00908509999996e-18
"Aifm1",1.22804786718899,0.19517082903955,0.212147695605879,0.919976191502603,0.35758520103345,0.392614119650974
"Rab33a",6.77875771386566,-4.44254545388542,0.274414704670423,-16.1891669005894,6.01372640057149e-59,1.85092286621363e-58
"Zfp280c",11.3779618993079,-5.20621786232673,0.264558056921923,-19.6789238736479,3.26869309787802e-86,1.52685261484772e-85
"Rbmx2",83.6209272524729,-8.15608711808961,0.258757785912071,-31.5201611783042,4.5990381644607e-218,1.31185678789535e-216
"Enox2",1.31338018551137,-0.47039065368954,0.200058781093757,-2.35126221962281,0.018709843546624,0.0270954038877452
"6720401G13Rik",2.5665618508077,-2.63226030502992,0.243437546367422,-10.8128772422683,2.99137723188753e-27,7.01324462180682e-27
"Frmd7",25.9734166004012,-6.52891027877535,0.252636620894409,-25.8430874180515,2.90984196080727e-147,3.89971117725648e-146
"Rap2c",1.29405714834674,0.307253204515762,0.211679953643752,1.45149882748394,0.146641008497851,0.183772092529983
"Mbnl3",9.83304819873594,-4.85738238140019,0.281895168860558,-17.231165759364,1.54995868193793e-66,5.17148246706039e-66
"Usp26",8.04437851540967,-4.72251313108433,0.275318282934736,-17.1529223586063,5.97696627169133e-66,1.9859811545658e-65
"Gpc3",2.07145690099318,-1.71121689005888,0.225539021212796,-7.5872320490579,3.26811509638967e-14,6.47667456459912e-14
"Mir717",6.31941196261503,-4.3255936191865,0.27234017713486,-15.8830535571126,8.30357066528272e-57,2.5120045710099e-56
"Mir92-2",2.25721415947686,-2.35045017176668,0.229692774391795,-10.2330174642648,1.41054525447812e-24,3.19368736862971e-24
"Mir19b-2",1.60032732482407,-1.42675490377973,0.200549253357379,-7.1142369263138,1.12533694188355e-12,2.17847537052924e-12
"Mir106a",2.920712027041,-2.91528910287798,0.243975305116755,-11.949115511846,6.56198780338777e-33,1.63189977768862e-32
"Phf6",1.27420899092055,-0.0161619553058113,0.204633045030962,-0.078980182811461,0.937048385641953,0.940471557979426
"Hprt",3.15941818934823,-1.91437500456408,0.235178356993874,-8.14009855768296,3.94956259415856e-16,8.05183235364487e-16
"Plac1",2.83395200920887,-2.85462108517351,0.242230333337397,-11.7847382936859,4.67871147112904e-32,1.15501886400064e-31
"Fam122b",1.25122875666704,-0.300522719221353,0.200535710004091,-1.49859952232559,0.133977556729868,0.170638732738786
"Cxx1c",2.60070342382288,-2.39131114854196,0.242658426696936,-9.8546388068713,6.54515986881392e-23,1.45417044116657e-22
"Cxx1a",1.32649281952076,0.458363895223138,0.209235653881532,2.19065865076064,0.0284765034443829,0.0403878136067596
"Cxx1b",1.39281401529489,0.45739466459823,0.20271615264265,2.25633063096127,0.0240499324394407,0.034380568898776
"Xlr",1.36770595328485,-0.325645825913239,0.200744519937423,-1.62219036422389,0.104762594237162,0.13596736497215
"Gm16404",2.37758421534563,-2.47195629787787,0.229751013002083,-10.7592835634438,5.35851267338651e-27,1.25151839620034e-26
"3830403N18Rik",4.78858612339771,-3.81426782587117,0.261196337734674,-14.6030677878254,2.68486776487662e-48,7.58387972546319e-48
"Ncrna00086",1.71068725242502,-1.62658890341784,0.183692994285743,-8.85493161969805,8.37351295158999e-19,1.76284483191368e-18
"Mmgt1",1.23411788423751,-0.189124535879727,0.202710989983346,-0.932976233282987,0.350832239629386,0.388696655176779
"Slc9a6",1.17671037979749,0.148355725309272,0.214497232637901,0.691644006240938,0.489160918763493,NA
"Fhl1",1.68476911290179,0.152813776123078,0.207792545553976,0.735415102190867,0.462086727073391,0.48624606150442
"Htatsf1",3.45035032922203,-3.03035715476615,0.256036123878592,-11.8356625184776,2.55319438553631e-32,6.31493707296828e-32
"Cd40lg",1.19319951927889,0.0671613121687705,0.21354496369757,0.314506654738469,0.753136262959088,NA
"Arhgef6",1.26596460097258,0.262176899982917,0.212505420254416,1.23374217781849,0.217298991801705,0.259743699840829
"Rbmx",1.26786222536623,0.196953583739846,0.213760775494405,0.92137382681324,0.356855288709751,0.392000127749348
"C030023E24Rik",4.05422509464776,-3.55045763364394,0.260381327732661,-13.6356076856988,2.45933646856919e-42,6.63277518260458e-42
"4933402E13Rik",8.78830900691639,-4.86425538466583,0.286858309170237,-16.9569966396864,1.70857296882332e-64,5.58119580554301e-64
"1700019B21Rik",41.7586837089551,-7.23264814670604,0.26118043110626,-27.6921518050619,8.67985408836105e-169,1.55433407688661e-167
"Ctag2",4.26211833596792,-3.64234935531977,0.254458014907443,-14.3141467037093,1.78542106718692e-46,4.97857797580969e-46
"Slitrk2",2.62570909164795,-2.69391222998682,0.238649903776242,-11.2881345743706,1.50190381031158e-29,3.61287460360667e-29
"Mir742",14.3814152743672,-5.63514361603103,0.291760389257636,-19.3142860494848,4.07324752603393e-83,1.77630343240577e-82
"Mir463",17.3412320279263,-5.9209780784789,0.287215151178339,-20.6151313890903,2.00776388262059e-94,1.10846403672972e-93
"Mir880",27.5393009031682,-6.61616187138197,0.265587851915665,-24.9113874134683,5.60032688491676e-137,6.54730265157122e-136
"Fmr1",1.22383073490424,0.19690190641479,0.213596278434094,0.921841465864045,0.356611274842062,0.392000127749348
"Ids",1.24726653182973,0.259663651482815,0.210889524661809,1.2312780916891,0.218218872919304,0.260485368543052
"1110012L19Rik",8.95284931615714,-4.79307736061626,0.282273651877333,-16.9802506494626,1.14993900991935e-64,3.76697937356698e-64
"BC023829",42.0926750683576,-7.23367579118446,0.285477698498461,-25.3388472347638,1.19270878346444e-141,1.49124307776871e-140
"Gm14725",2.58772800702452,-2.66176701834986,0.247158408241207,-10.7694779121258,4.79713678939232e-27,1.12115755722534e-26
"Mtmr1",1.20457554452593,0.177721499030034,0.213918820110757,0.830789450586997,0.406092583253925,NA
"Cd99l2",18.2780111250381,-5.96791313490544,0.257337101896604,-23.1910326607444,5.60814675024369e-119,4.94502128991082e-118
"Vma21",1.44461559004111,-0.00527365263083628,0.192963975608141,-0.0273297262570174,0.978196747594522,0.97960422492919
"Prrg3",2.23921307490907,-2.29068490730296,0.229925914498011,-9.96270869381616,2.2193214984939e-23,4.95714943180923e-23
"Fate1",10.8129289269832,-5.19285067431649,0.286789368241635,-18.1068451252393,2.81421399839847e-73,1.03524996981254e-72
"Gabre",2.09694941537029,-2.1781709943921,0.228415014338763,-9.53602371848309,1.48413949921173e-21,3.23812254373468e-21
"Mir452",5.65263874641413,-4.13818507777326,0.27334566231011,-15.1390186432829,8.95398532401312e-52,2.60316365309655e-51
"Magea10",87.3127642807764,-8.31265899134524,0.266969858931463,-31.1370692729747,7.59024718103737e-213,2.06359845234453e-211
"Mir105",26.8386674632239,-6.57775970076173,0.279911116709147,-23.4994586070571,4.13105352611835e-122,3.84044513024715e-121
"Gabrq",27.9160942059551,-6.63641566411633,0.270976166017677,-24.4907726079622,1.85245669475768e-132,2.02509402023771e-131
"Cetn2",1.4444640950467,0.466268297192648,0.208849531907859,2.23255610358925,0.0255782315821107,0.0364774066703103
"Nsdhl",1.19703868347412,0.128530235235256,0.215050757942905,0.597673946675325,0.550057512746887,NA
"Trex2",7.0706825651886,-4.51183031207418,0.277588914963197,-16.253640073028,2.10487128373875e-59,6.50721237851128e-59
"Haus7",2.12300355899112,-2.07901289509314,0.233490974207908,-8.90403966211523,5.38501968802264e-19,1.13735799196756e-18
"Bgn",2.70641289572386,-1.27984643726863,0.238159422642053,-5.3739063652006,7.70488795435852e-08,1.37361731973195e-07
"Pnck",5.37603329712648,-4.0513213701958,0.267837388930672,-15.1260486311135,1.09049589294268e-51,3.16948138149265e-51
"Bcap31",2.07787272550054,-0.327723897032131,0.195172598360605,-1.67914912126456,0.0931229849179539,0.122459247076891
"Abcd1",12.2317463897468,-5.21531324914388,0.280093081704994,-18.6199288372173,2.21508237230626e-77,8.72329685661162e-77
"Plxnb3",1.90385649120127,-1.92984406718293,0.223827207944491,-8.62202627154038,6.57796081508497e-18,1.36991643545755e-17
"Srpk3",1.42399571269674,-0.82215284503485,0.203674377110327,-4.03660419488851,5.42304464563187e-05,8.97393978449781e-05
"Idh3g",11.7429460089581,-4.7265286409563,0.273532081775811,-17.2796134562022,6.69954990585361e-67,2.24681339598817e-66
"Ssr4",2.03336241933358,0.660745967141191,0.191019949398028,3.45904168241818,0.000542101004221941,0.000865107686346234
"L1cam",1.37034493854952,-0.626049482583221,0.205259666493855,-3.05003653799644,0.00228813527540963,0.00353845834324938
"Arhgap4",1.2835797129974,0.215941919460474,0.213356764438048,1.01211658336324,0.311482314192987,0.351037806053935
"Naa10",1.49983185423534,-0.47087164661838,0.195815046925578,-2.40467550380508,0.0161868317248479,0.0235592532005315
"Renbp",1.21153878018268,0.225253911213338,0.212929710422884,1.05787919762807,0.290110520188906,0.331827717078859
"Hcfc1",1.72503277453499,-1.06168500471443,0.200686518652958,-5.29026569318479,1.22138799919783e-07,2.16748099806653e-07
"Irak1",22.3786465867246,-6.0153394591346,0.27371482550192,-21.9766665839312,4.81547817907698e-107,3.41532555635623e-106
"Mecp2",6.47945809064335,-4.05331498751332,0.257962490569962,-15.7128076200443,1.23582754919184e-55,3.70110143819931e-55
"Flna",2.00005169860184,1.13997381619725,0.201142495239819,5.66749365835441,1.44901416541746e-08,2.61453644779784e-08
"Emd",2.42510506563609,-1.76459124465103,0.22528235392392,-7.83279832581538,4.77129328864166e-15,9.56641097242538e-15
"Rpl10",19.7350084954683,3.26715735341851,0.190931284747137,17.1116920820253,1.21420343754335e-65,4.01911347113271e-65
"Snora70",83.1148963893452,-8.24089731552453,0.218088565606296,-37.7869297852204,0,0
"Dnase1l1",1.25056669272935,0.262194673470846,0.212307294906066,1.23497722292987,0.216838981206852,0.259521314600617
"Taz",1.24857699301665,0.206511567701178,0.213474444177772,0.967383091201326,0.33335255967124,0.371194373059014
"Atp6ap1",1.62826758622932,0.834742277686707,0.203408305527439,4.10377676330479,4.0645968480593e-05,6.75922126373672e-05
"Gdi1",3.16669802184757,-2.7382104955935,0.23846130787135,-11.4828293111215,1.60926692248403e-30,3.9089685134326e-30
"Fam50a",1.32254416555669,0.250648808375271,0.211393623731924,1.18569710831547,0.235741936925807,0.278599255320968
"Plxna3",3.15704431222274,-3.07594972491153,0.257905042336526,-11.9266754036468,8.59375245139775e-33,2.13463658321657e-32
"Lage3",4.30991671513791,-3.1764675182034,0.258486163984279,-12.2887332507151,1.04124880313364e-34,2.63084160327087e-34
"Ubl4",25.1014674447556,-6.10332120566488,0.298386416182494,-20.454420424863,5.48704458854913e-93,2.93316669249631e-92
"Slc10a3",1.20349876376664,-0.12549411960301,0.206307043844887,-0.608288099447362,0.542996412507896,NA
"Fam3a",18.7988710823744,-5.85648091725475,0.283110589611064,-20.6861951907216,4.6120238508492e-95,2.57621878024963e-94
"Ikbkg",14.2181945617576,-5.43783087304828,0.283845892854574,-19.1576873576054,8.35018261438907e-82,3.54950759341294e-81
"G6pdx",4.9808975820799,-3.63412225524973,0.25754465936997,-14.1106488643168,3.26559377562188e-45,9.03120503774634e-45
"Gm5640",1.73399402523502,-1.66987214573451,0.21621418154668,-7.72323135230606,1.13417045631317e-14,2.26097757569401e-14
"Gm5936",8.68469709929688,-4.84564304924121,0.269226166793793,-17.9984104329376,2.00491034769986e-72,7.29312335539601e-72
"Gab3",1.26630486089585,-0.373703522686388,0.201331748691884,-1.85615793392973,0.0634310500550139,0.0862153577104993
"Dkc1",2.40071491636426,-2.2585851195479,0.236117927387414,-9.56549612534117,1.11664606961187e-21,2.44244394861678e-21
"Mpp1",68.0976048901452,-7.59041133843402,0.253538558955291,-29.9378972954268,6.32422156928027e-197,1.52482386104587e-195
"F8",28.5591426585419,-6.67029863508705,0.264169950952545,-25.2500279120894,1.13176375125653e-140,1.39829746309091e-139
"Fundc2",8.51562139896817,-4.16590736502438,0.273376824625948,-15.238699808312,1.95726566983795e-52,5.72216566595021e-52
"Mtcp1",1.21265291593706,0.196973245265974,0.213542968977204,0.922405669497837,0.3563170136011,0.392000127749348
"Brcc3",12.3680712035717,-5.14650867416555,0.25147790326229,-20.4650532209893,4.41200102618718e-93,2.36090675107095e-92
"Vbp1",1.8206444526525,-0.711102152056218,0.190292445814982,-3.73689112571294,0.00018630954611108,0.000302970663769419
"Rab39b",8.98949236095838,-4.90073602902405,0.277062355561662,-17.6882060324986,5.16951926013066e-70,1.813500708191e-69
"4933407K13Rik",13.5717011473027,-5.51270992718853,0.270584439284708,-20.3733442387205,2.88301667917858e-92,1.51630700909947e-91
"Pls3",13.2409922309097,-5.30976253091083,0.27881725743262,-19.0438804965077,7.38480567674797e-81,3.09876894152929e-80
"Gm4937",56.0377937403122,-7.66479310017864,0.256033370909548,-29.9366956461564,6.55613423129444e-197,1.57709772752797e-195
"4930428D18Rik",34.4458344654693,-6.94836688057353,0.252048751632849,-27.5675512596665,2.72652255336111e-167,4.73625548370881e-166
"4930468A15Rik",27.2821043743464,-6.60209370176156,0.271153937936804,-24.3481387436101,6.06655268795342e-131,6.49587795510089e-130
"Mir669m-2",50.0733098653383,-7.49970134951869,0.271972842172995,-27.5751846750504,2.20844172780288e-167,3.84268860637701e-166
"Tbl1x",26.8052319055902,-6.52130547161285,0.263992986931381,-24.7025708804451,1.00357400490558e-134,1.13390829125696e-133
"Gm6927",239.791353759691,-9.77943235626367,0.194785183891626,-50.2062434158478,0,0
"Prkx",9.86692281356066,-4.77344946145155,0.263994185634243,-18.0816461922576,4.44608065439349e-73,1.62981327359087e-72
"Gm8787",1.79178534184291,-1.76510323433262,0.224032040148578,-7.87879819851663,3.3054483598889e-15,6.63759970710523e-15
"Gm7173",23.4418265650722,-6.37550686232035,0.295820062958583,-21.5519758820853,5.07350586514724e-103,3.31668135454835e-102
"4930595M18Rik",7.30044322922724,-4.56420901125725,0.275481080362403,-16.5681396531947,1.18433523640828e-61,3.74907818923663e-61
"Tsga8",15.4525363002623,-5.74515163409726,0.298887010139933,-19.2218177411173,2.43102557607821e-82,1.04229597594483e-81
"Gyk",5.01594434509602,-3.83525137674897,0.262562922927152,-14.6069800487903,2.53508558035053e-48,7.16467067105022e-48
"5430427O19Rik",1.87151273684935,-1.7464306907908,0.21943816977871,-7.95864590263387,1.73932215354784e-15,3.51228690194186e-15
"Mageb18",1.6368883278902,-1.49901352095676,0.201972594461252,-7.42186594649274,1.15481667407217e-13,2.27005951370994e-13
"Pdk3",1.24779291539376,0.0378769275496941,0.209034746538982,0.181199193803077,0.85621122737985,0.863440355260478
"Zfx",31.6163449219941,-6.68394045143918,0.252826265231306,-26.4368911407371,5.16301251390691e-154,7.4967803400818e-153
"Eif2s3x",2.05934020306164,-1.47121035985305,0.212537678250228,-6.92211551365937,4.44948177831836e-12,8.53123778983356e-12
"Apoo",1.20464779830823,0.137518622698163,0.213357597589091,0.644545234161348,0.519221935086219,NA
"Gm14827",2.54045333261813,-2.62196550662812,0.235332079993148,-11.1415558248771,7.87317729691209e-29,1.880484350944e-28
"Maged1",1.29628200968646,-0.214696974336771,0.199752562150878,-1.0748146207737,0.282457733208782,0.325840744165711
"Zxdb",20.4496346758352,-6.12684903802297,0.278066338682962,-22.0337674349304,1.36715845056739e-107,9.79624860941902e-107
"Zxda",2.40393509597677,-2.4157790907108,0.226572972100313,-10.6622562625927,1.52843739930179e-26,3.5514993208793e-26
"Fam123b",25.0785622002604,-6.38019538577985,0.297430980715256,-21.4510114932778,4.46829877559228e-102,2.87071010567283e-101
"Asb12",17.2525391114044,-5.91308724770906,0.289455630340268,-20.4283027445622,9.37027435037125e-93,4.97587305279124e-92
"Zc4h2",1.85360992100954,-1.80795523316965,0.219914710577538,-8.22116550739884,2.01534911036803e-16,4.12553817887103e-16
"Zc3h12b",7.33195376180014,-4.57151294917994,0.266775531287499,-17.1361778462857,7.97219919535391e-66,2.64641524958648e-65
"Las1l",1.86047670509923,-1.54365444861139,0.213916386293681,-7.2161580295777,5.3476908394759e-13,1.04005015581461e-12
"Msn",3.53855799581099,-0.694328068081881,0.211286428071369,-3.28619341251463,0.00101551255007474,0.00160126129327598
"F630028O10Rik",1.18513055594702,0.168033118899452,0.214106031687013,0.784812635008284,0.432563430945864,NA
"Mir223",2.02287756974227,-2.088133584964,0.219035529391179,-9.53330991902581,1.52346751695252e-21,3.32254039627833e-21
"Heph",31.4773230579041,-6.78234019623687,0.293543039722598,-23.1050962838235,4.11481862953419e-118,3.57989220769474e-117
"Ophn1",11.3010589013942,-5.22916105182924,0.281613705442734,-18.568560232565,5.7730286725476e-77,2.26410290538681e-76
"Yipf6",1.18115106743758,0.128490624351733,0.214951533265749,0.597765563239214,0.549996371526414,NA
"Efnb1",1.29440810570008,0.323459876055077,0.207191612718472,1.56116298247356,0.11848530067948,0.152394547134874
"Pja1",1.74199106505209,-1.53913199786554,0.216111136897031,-7.12194669818838,1.06413212795805e-12,2.06037452074963e-12
"Igbp1",1.39018951433216,0.409796387356116,0.209715655313784,1.95405720542401,0.0506944523156602,0.0700214362318945
"Dgat2l6",14.2024673039941,-5.61605455776155,0.276765429796892,-20.2917487270103,1.52088213215325e-91,7.91525895298101e-91
"Awat1",10.6541886965287,-5.16923432172424,0.283362456306909,-18.2424813403137,2.3743105972747e-74,8.89408060120124e-74
"P2ry4",7.49242636317863,-4.60654312068424,0.264245545215161,-17.4328127913505,4.65013361839433e-68,1.58392805794574e-67
"Arr3",13.6365276374266,-5.5532910955988,0.290895040102018,-19.0903601988238,3.03668379877873e-81,1.28144619479587e-80
"Pdzd11",10.4447928560974,-4.89323701576768,0.274763129170634,-17.8089288418639,6.0251870413825e-71,2.13955621469501e-70
"Snx12",1.75957190350205,-1.34816809161635,0.21656426573361,-6.22525644777749,4.80768962516331e-10,8.90091854703049e-10
"Il2rg",2.74670985342078,-1.82526621001332,0.233092003820705,-7.83066849181716,4.85282698560132e-15,9.72614968893796e-15
"Med12",1.45466237395253,-0.778552355399113,0.196699906960182,-3.95807180303708,7.5557246383755e-05,0.000124458449391985
"Nlgn3",6.53288164573109,-4.38102096529865,0.269412782582191,-16.2613700927947,1.85542084229414e-59,5.74113621622727e-59
"Nono",16.343345892087,-5.00708872932309,0.270538316187554,-18.5078727475034,1.78408263109075e-76,6.9473415399431e-76
"Itgb1bp2",5.52509615581208,-4.09871118363933,0.265891989508687,-15.4149479689587,1.2987541281653e-53,3.83022403899598e-53
"Taf1",1.21237769593866,0.177734501009582,0.213974989584345,0.83063212833817,0.406181479034716,0.436795720715753
"Ogt",1.31074800752477,0.33357032676056,0.210944164076525,1.58132047985717,0.113804779239427,0.147046970803584
"Cxcr3",1.62584458103203,-1.03317885548107,0.198421734969922,-5.20698428343895,1.91934342564253e-07,3.38593196412774e-07
"Nhsl2",1.19327165606144,0.187424492869689,0.213751824878883,0.87683224681655,0.380577761183963,NA
"Rgag4",1.88070773950394,-1.87032694746486,0.223377602234702,-8.37293859703854,5.61988922731539e-17,1.15951864690065e-16
"Pin4",2.59826146199175,-1.9717908859552,0.235597344916111,-8.36932558241388,5.7948932686882e-17,1.19515380729168e-16
"Ercc6l",2.07277885717362,-2.147668271485,0.225632032095833,-9.51845467833583,1.7577333612035e-21,3.83105141773791e-21
"Rps4x",34.3364615818463,-1.54546242015434,0.253252133162702,-6.10246555815371,1.04444621437782e-09,1.92242920982094e-09
"Cited1",14.1535872493122,-5.61093696654081,0.290027070866964,-19.3462525748659,2.19213090440223e-83,9.62398933640005e-83
"Hdac8",3.89359432439839,-3.4578094055604,0.251259591954733,-13.761900107612,4.32021117451111e-43,1.17333518891509e-42
"Gm9112",33.0079401606392,-6.88524216674598,0.26528938368698,-25.9537041062676,1.65141178757893e-148,2.23325635522332e-147
"Dmrtc1a",2.97794348216069,-2.9574767669902,0.251229246776067,-11.7720241768919,5.44032540592484e-32,1.34208405571492e-31
"1700011M02Rik",5.79306795123203,-4.17906373492422,0.257094043806634,-16.2550002055566,2.05867635755273e-59,6.36817219936311e-59
"1700018G05Rik",46.5683928742773,-7.39308315330716,0.256403565737547,-28.8337766756125,8.09458452066456e-183,1.68677569652172e-181
"Gm5126",25.7313052344304,-6.51488521764752,0.281165073683045,-23.1710330600723,8.92352718993922e-119,7.8352921667759e-118
"4930519F16Rik",8.47521460886629,-4.80633387120827,0.26897099423897,-17.8693389776372,2.04402027407555e-71,7.33066700836439e-71
"Tsx",4.80252565986393,-3.85520529617848,0.26237083112577,-14.6937267364544,7.07152135638994e-49,2.00834284441542e-48
"Tsix",1.24043879247912,0.243988555260151,0.212589406018518,1.14769856047717,0.251093025661265,0.294845275205982
"Xist",17.3009548846675,-2.88735814417503,0.263232291038441,-10.9688599859254,5.39482825815421e-28,1.27627480206503e-27
"Enox",1.83866714291626,-1.77289446950434,0.217246897453222,-8.16073550549135,3.32990624339948e-16,6.79386773130557e-16
"Mir374",33.751182663137,-6.91822727620954,0.26346284580574,-26.2588345428811,5.66609105093319e-152,8.01544587692988e-151
"Gm6222",2.21631656276097,-0.875766874776988,0.205876736741962,-4.25384085951702,2.10134668772753e-05,3.52475247748641e-05
"Rlim",1.19332798404034,0.118464850823993,0.215232262582158,0.550404708860844,0.582041819641967,NA
"Abcb7",1.19283707124517,0.158252409751045,0.21430612158773,0.738440920766054,0.460246555738204,NA
"Uprt",11.2950323798083,-5.26117501398125,0.284797365093826,-18.4733977866964,3.38117060580079e-76,1.31127121562259e-75
"Magee2",2.02706164148662,-2.08915799534224,0.22375614440086,-9.33676257667144,9.93246709852179e-21,2.14689350949415e-20
"2610029G23Rik",1.32202323574442,0.316019172952834,0.211480754228965,1.49431646442252,0.135092923786534,0.170946051433265
"Magee1",3.3861893947672,-3.17261355056791,0.244802699230392,-12.9598797747817,2.06571032284865e-38,5.41859692727134e-38
"Atrx",17.6474976098162,-5.42230815849759,0.280623582722961,-19.3223538302931,3.48395873135225e-83,1.52313773682234e-82
"Magt1",1.72094027069102,-0.527779310912597,0.204572243604748,-2.57991652050468,0.0098824201393153,0.0146302419532688
"Cox7b",2.2608127972306,1.05647861478809,0.197269642347238,5.3555052983188,8.5317646606708e-08,1.51921581199732e-07
"Atp7a",1.79838730944725,-1.49535763652634,0.212187870182886,-7.04732855482022,1.82385328685515e-12,3.51829791477602e-12
"Tlr13",1.19236185980777,0.177697322377526,0.213884861965819,0.830808317822531,0.406081923001453,NA
"Pgk1",1.75306762060927,0.8769236420169,0.203681009421058,4.30537753376942,1.66701192702896e-05,2.80477107464664e-05
"Zcchc5",16.0793162085374,-5.80615009393063,0.275799599043634,-21.052061402787,2.18947292114878e-98,1.31368375268927e-97
"P2ry10",1.5086801615376,-0.630375279657432,0.196183764515863,-3.21318780487801,0.00131270422865031,0.00205929859460694
"A630033H20Rik",1.22466244313061,0.206493418923071,0.213360755846577,0.967813495521905,0.333137522594003,0.371194373059014
"Gpr174",1.27656023818355,0.148461053175779,0.214845394832561,0.691013429873525,0.489557101361303,0.512050895553324
"Itm2a",1.22414729106118,0.196997853669602,0.213756324338498,0.921600117700572,0.356737197084214,0.392000127749348
"4933401B06Rik",23.43931345734,-6.37533032995925,0.268209176481789,-23.7699933074144,6.82688331117405e-125,6.63001504824717e-124
"2610002M06Rik",1.20112218183432,0.168048823369991,0.214169895711712,0.784651936312266,0.432657670258413,NA
"Fam46d",16.394727241619,-5.83549773393951,0.292432286319572,-19.9550391900381,1.35516726106198e-88,6.61737427758983e-88
"2810403D21Rik",1.250303521927,-0.269045217576478,0.201032070800917,-1.33831988351209,0.180792182861215,0.222029218806151
"5730416F02Rik",1.73162406269523,-1.66234634137495,0.214928562583545,-7.7344133389846,1.03881012719728e-14,2.07245895813866e-14
"Hmgn5",1.25976440721115,0.106110132033709,0.210031688354754,0.505210108364619,0.613411271309581,0.630378351459005
"Sh3bgrl",1.72850563266677,0.985725523875035,0.202865340149173,4.85901398016143,1.17971804241017e-06,2.04690981598175e-06
"Gm6377",1.26750521981655,0.262284406363654,0.212669487629432,1.23329589630965,0.217465388382978,0.259912839692992
"Pou3f4",3.24415762915016,-3.12778512988289,0.252489972579274,-12.3877597907413,3.04429124149576e-35,7.73294417547829e-35
"Hdx",7.93855416417614,-4.70081686304261,0.277070359413319,-16.966148501039,1.46212764120078e-64,4.78214679640856e-64
"Apool",1.20493772303838,0.107761187961485,0.214063315442557,0.503408011497434,0.61467744010634,0.631306687133319
"Zfp711",10.7370513555759,-5.18201073797448,0.283793996414287,-18.2597616702564,1.73044830553998e-74,6.503196655809e-74
"Chm",1.23259558197783,0.215958291312764,0.213150319856182,1.01317366757168,0.31097721581229,0.351037806053935
"Klhl4",1.45458375108209,-1.05553093929706,0.198019176179665,-5.33044808922626,9.79707352237723e-08,1.7418502652183e-07
"Ube2dnl",3.20244040388448,-3.10146101820194,0.251710017085708,-12.3215637347714,6.9336611461319e-35,1.75399618041234e-34
"Tgif2lx2",10.845902324921,-5.19768207679407,0.286539847631855,-18.1394738628884,1.55512759556731e-73,5.74505735942063e-73
"Diap2",1.22431531693238,0.156969951537526,0.213012057757229,0.736906413609816,0.461179263493525,0.485794724132015
"Pcdh19",2.58747104440957,-2.66067767911363,0.242489535249906,-10.9723402140698,5.19111446017199e-28,1.22863828982534e-27
"Tspan6",2.34816599734876,-2.4157240782328,0.228224175715977,-10.5848737131125,3.50252738212637e-26,8.11144318309656e-26
"Cstf2",1.20089624108279,0.046901386784664,0.212616434278609,0.220591540554222,0.825410488475757,NA
"Xkrx",1.18526056398639,0.0569245480995111,0.213744229123133,0.266320865517815,0.789992104839161,NA
"Taf7l",245.131986026387,-9.81131109607063,0.20181099626342,-48.6163354709578,0,0
"Timm8a1",1.83991530775728,-1.49608609384896,0.214965197232443,-6.95966655584362,3.41079058422997e-12,6.55293590345249e-12
"Btk",1.31450499583981,0.243857412736818,0.213004377376779,1.14484695450866,0.252272560869716,0.295326927055375
"Rpl36a",9.38482687809416,3.26928349003854,0.221608758166469,14.7525012868972,2.96469822258901e-49,8.46824882184112e-49
"Hnrnph2",1.43573096495089,0.373237843081072,0.203858246147062,1.83086948963458,0.0671200252597357,0.0908391319304693
"B230119M05Rik",30.1068686148546,-6.74877484193778,0.264071372728816,-25.5566318007076,4.63355990212418e-144,5.97214387384895e-143
"Armcx4",41.1157538818153,-7.18832616792229,0.236969756868389,-30.3343610717152,4.04023033532068e-202,1.01884069325478e-200
"Armcx1",1.17759855154494,0.148437936966789,0.214488931598949,0.692054064795929,0.4889033772135,NA
"Armcx3",1.2006559403347,0.177724403137019,0.213945743043285,0.830698478076576,0.406143986342398,NA
"Armcx2",1.19292841893664,0.0371672802923626,0.211398532976397,0.175816169436296,0.860438366141258,NA
"Zmat1",1.42400655509898,-0.909962910344289,0.193444985463504,-4.70398810371833,2.55128119833122e-06,4.39745347706421e-06
"AV320801",1.92534357156338,-1.9585035707988,0.22436086559899,-8.72925661777097,2.56351972610294e-18,5.35906006017515e-18
"Armcx5",1.79389302725161,-1.66533268273173,0.220924961675677,-7.53800145579059,4.77228534876426e-14,9.43610966687478e-14
"Gprasp2",10.1782041736821,-5.06341178380698,0.2832801045045,-17.8742230862406,1.87265885879438e-71,6.71840497794271e-71
"Tceal8",1.55145625143395,-0.98077297618609,0.20549050241495,-4.77283847506295,1.8164747138801e-06,3.14025434888364e-06
"Wbp5",1.61355412183617,-0.255081949854917,0.194625355487644,-1.31063061755646,0.189982589864762,0.231410364973529
"Ngfrap1",5.25901444865115,-3.69758757553185,0.256390331033923,-14.4217122409449,3.77850949490301e-47,1.05871280533514e-46
"Morf4l2",1.41994791257007,0.550903096590086,0.207333879711154,2.65708188819682,0.00788202947013422,0.011780728370537
"Tmsb15b2",5.69420495779019,-4.14968034448946,0.262723594367136,-15.7948522076422,3.37583487029987e-56,1.015083987498e-55
"Zcchc18",1.20541650477389,0.138523521232705,0.21483750288305,0.644782774765878,0.519067966071052,0.540189398685829
"4930513O06Rik",8.02016608985028,-4.71688865468166,0.281293069632995,-16.7685917780904,4.14209420084002e-63,1.33673766481514e-62
"Tbc1d8b",1.99114576896417,-1.91206275408128,0.219818722680575,-8.69836168077347,3.3670989805071e-18,7.03050267129882e-18
"Prps1",1.2821795217005,-0.0258937286695009,0.20479151104104,-0.126439462934144,0.899384065895141,0.904669972824479
"Tsc22d3",3.06155514725665,2.00782420119602,0.20112942734723,9.98274706828309,1.81374443580093e-23,4.0547091883858e-23
"Psmd10",1.60080269828991,-0.74384476281384,0.196737902585556,-3.78089200422558,0.000156267455058032,0.000254672530566009
"Nxt2",1.20031575025998,0.16797208200554,0.214164148514516,0.78431466317134,0.432855497618383,NA
"Acsl4",1.22075109587627,0.206503409788357,0.213374083988364,0.967799865515147,0.333144330996451,0.371194373059014
"Tmem164",1.22034512726584,0.243954297824402,0.212569941086256,1.14764249628978,0.251116178839605,0.294845275205982
"Capn6",3.19352696930585,-3.09659834115358,0.24568635079213,-12.6038680259187,2.01038210289934e-36,5.16700865442372e-36
"Dcx",2.67665000881359,-2.73303843152532,0.242483322356279,-11.2710367251967,1.82409330534935e-29,4.38488006167331e-29
"Snora35",6.24516518682878,-4.30564413278105,0.261554938197724,-16.4617199065313,6.91085761518395e-61,2.17317329826869e-60
"Gm15080",2.30216546455606,-2.40000322034707,0.231915091711174,-10.3486288996493,4.24521665383157e-25,9.70229025087601e-25
"Ott",7.6500611287777,-4.64039671051118,0.276882739991282,-16.7594293189142,4.83240271733699e-63,1.55662710178951e-62
"Gm15097",3.3119846209305,-3.16853426600798,0.242986275957308,-13.0399721281571,7.2483540806766e-39,1.90851996474814e-38
"Maged2",1.20399474265309,0.00895279470112656,0.208240458071436,0.0429925807119352,0.9657074481211,NA
"Gnl3l",1.32951433445801,-0.331610355501823,0.200870677590229,-1.6508649220485,0.0987661598837954,0.128976053152468
"Phf8",1.86764996208154,-1.75195348780286,0.228165340110996,-7.67843830684618,1.61039678929141e-14,3.20238904384806e-14
"Huwe1",1.69879033539798,-0.971876194584849,0.198872274757027,-4.88693658164388,1.0241706588504e-06,1.78146312535792e-06
"Hsd17b10",1.62748930544458,-0.0451241329044457,0.189672774566728,-0.237905165923383,0.811954648710166,0.821714475817578
"Smc1a",1.71514327251172,-0.358081423919465,0.195448985865112,-1.83209660738067,0.0669370287428457,0.0907679672782581
"Iqsec2",1.16565549999877,0.108349803287293,0.215366133523617,0.503095828088549,0.61489689972831,NA
"Kdm5c",1.41349081047982,-0.530616966858952,0.189993802449188,-2.79281197606886,0.00522520542273953,0.00790481736174478
"2900056M20Rik",1.87550742418855,-1.79972527633761,0.227718406947648,-7.90329293297475,2.71630218019716e-15,5.46716690982425e-15
"Tspyl2",1.1933255101888,0.158292167070295,0.214308995669601,0.738616531591297,0.460139882892541,NA
"3010001F23Rik",1.87682373240224,-1.87558722592659,0.217280071477283,-8.63211804550003,6.0226180581698e-18,1.25501262529526e-17
"Shroom2",52.0909683649598,-7.55769808304417,0.256519545018698,-29.4624648679042,8.7170210905651e-191,1.9783847866413e-189
"Mageh1",1.41225378143433,-0.81450960237475,0.20015872106874,-4.06931857890432,4.71508382769277e-05,7.82474569402519e-05
"Foxr2",31.9000067570269,-6.83467919576732,0.259323358764441,-26.355817803423,4.40190903929011e-153,6.31262779810285e-152
"Ubqln2",1.23595114056976,0.147241581962252,0.21327167325224,0.690394461284632,0.489946158879844,0.512120363437145
"2210013O21Rik",1.20437733724662,0.196964252247167,0.213537308620533,0.9223880057287,0.356326223844564,NA
"Gm10057",3.16948850597518,-3.08111642685599,0.243660305294526,-12.6451307821012,1.19026322441222e-36,3.06747668794459e-36
"Sat1",2.84926844440121,2.01076695875611,0.222465019444417,9.03857587937999,1.58726124086125e-19,3.37907980313856e-19
"Acot9",1.2635109124519,0.230213036558368,0.210108531186655,1.0956862877398,0.273216085518248,0.315947710767668
"Prdx4",1.27801967289987,0.342118285757369,0.210867737003518,1.62243067914966,0.104711164672724,0.135948916404084
"Ptchd1",4.57501289383169,-3.75539929531131,0.270000293832353,-13.9088711423518,5.5955615560757e-44,1.53166393931385e-43
"Sms",1.5734368562482,-0.738750879666193,0.204617052473743,-3.61040720084164,0.000305716669308733,0.00049330479560791
"Mbtps2",1.35219473447174,-0.551957508742443,0.200004350249686,-2.75972751619341,0.00578495899682675,0.00872129558510776
"Rps6ka3",7.61341556011455,-4.61981184410413,0.274640559196235,-16.8213022054153,1.70372336287748e-63,5.52044441602759e-63
"Eif1ax",1.45925682894381,0.543382468737889,0.207538049471184,2.61823058529484,0.00883870562214168,0.0131391266830641
"A830080D01Rik",1.25850232450853,-0.185534557138395,0.204560686853388,-0.90699029218342,0.36441193089546,0.399125111052099
"Sh3kbp1",1.61941055970042,0.00400849411060731,0.193619092875562,0.0207029898295389,0.98348258399302,0.984425520315161
"Pdha1",1.5638692499618,-0.150164184290114,0.191219521695152,-0.785297353318928,0.432279247237044,0.461156984598221
"Rbbp7",2.84698659266431,-2.02109196253931,0.234807269483542,-8.60745055715138,7.47033550523615e-18,1.55452068317053e-17
"Txlng",2.08939613755672,-1.90635635501069,0.224756677234648,-8.48186749540009,2.21607859859341e-17,4.59591985882304e-17
"Syap1",1.36152620958118,0.409712608552768,0.209676427525971,1.95402322229103,0.0506984709269052,0.0700214362318945
"Ctps2",1.29164768969353,0.307309683690435,0.211513658875361,1.45290703836542,0.146249566496772,0.183714983016129
"1700045I19Rik",2.55331730482006,-2.63412461466801,0.245010858277382,-10.7510525581926,5.85891778388821e-27,1.36716811944106e-26
"Ap1s2",1.19270632538358,0.148386625761185,0.214572154572779,0.691546515234595,0.489222159755903,NA
"Zrsr2",1.31788598523627,0.130309717525243,0.20353127482263,0.640244196567841,0.522013853614032,0.542055364206335
"Car5b",12.9166149842296,-5.39277823937328,0.293029046930829,-18.4035620217755,1.23006594669213e-75,4.73172014866094e-75
"Siah1b",1.48926973821416,-1.12253658122543,0.197835819102572,-5.67408160118581,1.39434659346115e-08,2.51633162242599e-08
"Ace2",12.7857878447779,-5.45394580858168,0.285208533976824,-19.1226599447577,1.63550114845356e-81,6.93526888296311e-81
"Bmx",1.17739229651454,0.148418130580776,0.214487754332768,0.691965520560732,0.488958982158185,NA
"Glra2",4.09993508593041,-3.57153281629513,0.255871614457092,-13.9583002353473,2.8003302518762e-44,7.68342912735546e-44
"Gpm6b",1.19366339630384,0.177805747036295,0.213959168060104,0.831026539542102,0.405958636815444,NA
"Ofd1",1.47565595718896,-0.921150549669884,0.208366737141927,-4.42081381272699,9.83298718908479e-06,1.6648781422972e-05
"Rab9",1.3189097765667,0.38071259587835,0.208636881972095,1.82476172132054,0.0680369946360888,0.0918064138555987
"Tmsb4x",69.8126463604131,5.34761333232462,0.206937225915711,25.8417174998895,3.01486061949392e-147,4.03010817765896e-146
"Tlr7",1.17725081306553,0.1184418912622,0.21518531357192,0.550418099154401,0.582032637482862,NA
"Prps2",1.2444924851327,0.166652133609351,0.212834493528176,0.783012804206423,0.433619593049635,0.461383370238218
"Msl3",1.26283124547265,0.232320929566897,0.211478305948189,1.09855679297816,0.271961432649594,0.314655644565789
"Arhgap6",2.08442449783982,-2.03865400333843,0.232584948426829,-8.76520177736171,1.86442432518151e-18,3.90698313024789e-18
"Hccs",1.21181350485319,0.136478130176309,0.211993152944736,0.643785557601886,0.519714500301028,0.540189398685829
"Vamp7",1.2325177255459,0.213987016714579,0.211750473941166,1.01056216183032,0.312226033536515,0.351557354413418
"Rbmy1a1",9.59786648680343,-5.00489142506575,0.284806297616504,-17.5729661420792,3.96869133646954e-69,1.37014343759067e-68
"LOC100040022",13.5624616570928,-5.54505893436542,0.274993202560847,-20.1643490920052,2.01379146004606e-90,1.02857058918204e-89
"Rbm31y",10.7324471699474,-5.1810468832835,0.279186849081169,-18.5576322822326,7.07550458655607e-77,2.77075273382016e-76
"LOC100041346",1.78662443088684,-1.75795775762635,0.216233390833714,-8.12990884917603,4.29613359611744e-16,8.74983120239291e-16
"LOC100040031",1.2142949222495,-0.347772019108077,0.200616282803449,-1.73351840761999,0.0830035686237645,0.110206951091454
"Sly",11.1735546136871,-5.24425285585425,0.286376278277865,-18.3124555126939,6.58329663532142e-75,2.49744247357397e-74
"Erdr1",1.4279769786171,0.565777187349575,0.207166747788368,2.73102316558807,0.00631380334408479,0.00950736150252098
"ERCC-00031",4.55989015870715,-3.76296981559765,0.254369776340637,-14.7933055166055,1.61808112083465e-49,4.62942365073e-49
"ERCC-00035",11.9944590843409,-5.35471645709932,0.279476866502307,-19.1597842215506,8.02050420051152e-82,3.41075616510551e-81
"ERCC-00039",34.4706026828532,-6.94950076765893,0.258788269743788,-26.8540022101436,7.57402242905506e-159,1.17493007666174e-157
"ERCC-00040",34.2043017666085,-6.93797363649539,0.282867076421445,-24.5273282570308,7.55090147039719e-133,8.28931770251805e-132
"ERCC-00048",2.56032000339477,-2.63981618606415,0.239888130707,-11.0043634851131,3.64077848906584e-28,8.63268849099418e-28
"ERCC-00054",2.52319653090351,-2.60388695619259,0.237487755180942,-10.9642998402536,5.67380032584254e-28,1.34166422201124e-27
"ERCC-00061",11.2880534043812,-5.26022254355486,0.255637623344478,-20.576871568183,4.42322873122645e-94,2.42406865900284e-93
"ERCC-00067",1.69738189236036,-1.60895887814414,0.212592621362541,-7.56827244441533,3.7822012986664e-14,7.49121258927664e-14
"ERCC-00069",14.6518557940819,-5.66378088303867,0.267704861886193,-21.1568099403681,2.38845293414004e-99,1.46506748721633e-98
"ERCC-00075",7.35909081200359,-4.57744787533402,0.274554484571759,-16.67227502211,2.08505297609412e-62,6.67114712547428e-62
"ERCC-00077",3.97954450547642,-3.51627603205133,0.263264847938062,-13.3564205764326,1.0866512771477e-40,2.90292715798924e-40
"ERCC-00078",2.0831072378464,-2.16174193050161,0.21768166147149,-9.93074894728665,3.05948820774953e-23,6.82647080335651e-23
"ERCC-00098",3.7895505378362,-3.4264687174216,0.258953880006862,-13.2319651566171,5.73675511336734e-40,1.52707096847412e-39
"ERCC-00099",4.71347570726414,-3.82145100823277,0.262555746989222,-14.5548176037055,5.44309207600752e-48,1.53624983167122e-47
"ERCC-00109",8.29040796032375,-4.77077397598776,0.270604010179161,-17.6300934078144,1.44727744437706e-69,5.02647256130957e-69
"ERCC-00150",10.5648556290574,-5.15658550939582,0.272329266135406,-18.9351133007933,5.8589491971862e-80,2.41672973601833e-79
"ERCC-00156",2.96245091842951,-2.9450920861962,0.235027931580346,-12.5308173645284,5.06380852292852e-36,1.29573923969053e-35
"ERCC-00160",13.5433195307314,-5.54286454068911,0.296175424976837,-18.714802354458,3.75009990808799e-78,1.49203670123623e-77
"ERCC-00168",2.52862634969058,-2.6111105896449,0.240555609198402,-10.8544988759391,1.89845246732799e-27,4.46191890114907e-27
"ERCC-00170",109.816634565976,-8.64648767297078,0.233443449498517,-37.0388961075804,2.71048585644112e-300,1.25766543738868e-298
"ERCC-00171",21.4989074912063,-6.24573501959959,0.288305772289719,-21.6635795044826,4.5265850673751e-104,3.01195335267024e-103
"Gfp_transgene",2.50432402744004,-2.59065638683595,0.238790282133148,-10.8490863350604,2.01428737275516e-27,4.73203424202607e-27
